Press button to start 5s sampling (Long press to exit)
========================================
--- Sampling 10 mm (5s @ 100ms) ---
Dist_mm,Sample,L,FL,FR,R
10,1,3172,1779,194,1356
10,2,3172,1771,193,1355
10,3,3171,1742,191,1339
10,4,3174,1767,195,1364
10,5,3177,1775,200,1384
10,6,3178,1782,204,1393
10,7,3177,1775,201,1384
10,8,3177,1776,203,1386
10,9,3178,1779,206,1394
10,10,3181,1778,214,1419
10,11,3185,1773,219,1440
10,12,3186,1779,220,1450
10,13,3187,1783,224,1459
10,14,3189,1802,230,1491
10,15,3191,1835,242,1531
10,16,3191,1763,243,1502
10,17,3189,1744,243,1491
10,18,3193,1759,239,1511
10,19,3193,1761,236,1506
10,20,3195,1765,239,1520
10,21,3193,1776,240,1519
10,22,3192,1774,237,1501
10,23,3191,1757,231,1498
10,24,3198,1741,226,1521
10,25,3197,1737,222,1509
10,26,3194,1746,221,1492
10,27,3194,1752,222,1492
10,28,3190,1747,221,1473
10,29,3191,1753,221,1471
10,30,3193,1790,225,1502
10,31,3188,1754,215,1445
10,32,3185,1758,215,1434
10,33,3185,1763,220,1446
10,34,3187,1763,221,1449
10,35,3183,1755,217,1432
10,36,3186,1763,218,1440
10,37,3185,1750,220,1443
10,38,3190,1789,224,1479
10,39,3186,1760,216,1440
10,40,3185,1767,216,1436
10,41,3180,1734,210,1396
10,42,3181,1739,211,1400
10,43,3184,1736,217,1420
10,44,3185,1733,218,1427
10,45,3185,1734,218,1431
10,46,3188,1725,216,1439
10,47,3190,1732,226,1466
10,48,3191,1735,228,1479
10,49,3191,1729,225,1467
10,50,3190,1731,225,1469

>>> Place micromouse at 20 mm <<<
Press button to start 5s sampling (Long press to exit)
========================================
--- Sampling 20 mm (5s @ 100ms) ---
Dist_mm,Sample,L,FL,FR,R
20,1,3131,2360,2655,2647
20,2,3126,2348,2649,2643
20,3,3123,2328,2627,2622
20,4,3121,2304,2600,2597
20,5,3120,2307,2604,2600
20,6,3124,2341,2638,2632
20,7,3116,2270,2561,2558
20,8,3115,2266,2556,2553
20,9,3115,2269,2559,2556
20,10,3114,2259,2549,2546
20,11,3118,2287,2578,2574
20,12,3112,2250,2538,2536
20,13,3114,2263,2552,2549
20,14,3119,2301,2594,2588
20,15,3119,2308,2601,2594
20,16,3113,2257,2546,2543
20,17,3106,2212,2496,2496
20,18,3097,2167,2446,2448
20,19,3101,2182,2463,2464
20,20,3104,2199,2482,2482
20,21,3101,2185,2467,2467
20,22,3096,2158,2437,2439
20,23,3100,2180,2461,2462
20,24,3107,2221,2507,2506
20,25,3103,2199,2483,2483
20,26,3101,2184,2466,2467
20,27,3103,2199,2482,2482
20,28,3108,2227,2514,2513
20,29,3109,2238,2526,2523
20,30,3107,2225,2512,2511
20,31,3107,2225,2510,2509
20,32,3117,2298,2593,2587
20,33,3114,2268,2558,2554
20,34,3113,2270,2561,2557
20,35,3109,2244,2534,2530
20,36,3113,2274,2566,2562
20,37,3117,2298,2591,2585
20,38,3119,2321,2617,2610
20,39,3120,2326,2622,2614
20,40,3118,2311,2605,2598
20,41,3121,2331,2627,2619
20,42,3121,2329,2625,2618
20,43,3120,2319,2614,2607
20,44,3119,2315,2611,2604
20,45,3118,2310,2605,2598
20,46,3125,2370,2669,2659
20,47,3126,2373,2672,2661
20,48,3120,2332,2627,2619
20,49,3118,2301,2595,2589
20,50,3119,2312,2606,2599
--- 20 mm Summary | Avg: L=3113 FL=2272 FR=2563 R=2559 ---

========================================
>>> Place micromouse at 30 mm <<<
Press button to start 5s sampling (Long press to exit)
========================================
--- Sampling 30 mm (5s @ 100ms) ---
Dist_mm,Sample,L,FL,FR,R
30,1,3099,2531,3137,2436
30,2,3088,2521,3130,2426
30,3,3089,2521,3130,2425
30,4,3089,2526,3130,2431
30,5,3088,2516,3129,2421
30,6,3088,2520,3129,2425
30,7,3089,2519,3130,2423
30,8,3089,2521,3130,2426
30,9,3087,2514,3129,2418
30,10,3090,2526,3129,2431
30,11,3090,2526,3130,2431
30,12,3090,2528,3130,2433
30,13,3091,2529,3130,2435
30,14,3090,2527,3130,2432
30,15,3091,2530,3131,2435
30,16,3091,2534,3130,2439
30,17,3090,2527,3130,2433
30,18,3091,2531,3130,2437
30,19,3092,2538,3131,2444
30,20,3091,2534,3130,2439
30,21,3095,2556,3132,2463
30,22,3083,2564,3120,2474
30,23,3097,2567,3133,2475
30,24,3090,2539,3130,2446
30,25,3093,2543,3131,2450
30,26,3092,2538,3131,2444
30,27,3092,2535,3131,2441
30,28,3091,2527,3131,2432
30,29,3102,2596,3136,2507
30,30,3095,2555,3132,2463
30,31,3093,2543,3131,2449
30,32,3088,2560,3125,2469
30,33,3097,2570,3133,2478
30,34,3085,2580,3121,2490
30,35,3098,2572,3134,2481
30,36,3093,2575,3129,2484
30,37,3103,2602,3136,2514
30,38,3092,2536,3131,2442
30,39,3092,2541,3131,2448
30,40,3093,2545,3131,2452
30,41,3092,2537,3131,2443
30,42,3091,2532,3130,2438
30,43,3092,2535,3131,2441
30,44,3090,2529,3130,2434
30,45,3088,2520,3129,2424
30,46,3089,2522,3129,2427
30,47,3088,2519,3129,2423
30,48,3088,2519,3129,2424
30,49,3087,2516,3129,2420
30,50,3088,2515,3129,2419
--- 30 mm Summary | Avg: L=3091 FL=2538 FR=3130 R=2444 ---

========================================
>>> Place micromouse at 40 mm <<<
Press button to start 5s sampling (Long press to exit)
========================================
--- Sampling 40 mm (5s @ 100ms) ---
Dist_mm,Sample,L,FL,FR,R
40,1,2961,2806,2227,1423
40,2,2966,2810,2232,1426
40,3,2972,2816,2238,1430
40,4,2968,2812,2233,1428
40,5,2969,2812,2234,1428
40,6,2972,2816,2238,1431
40,7,2962,2806,2228,1424
40,8,2960,2803,2223,1421
40,9,3007,2860,2297,1470
40,10,2957,2800,2218,1418
40,11,2948,2790,2206,1409
40,12,2979,2824,2249,1438
40,13,2915,2754,2162,1380
40,14,2936,2778,2190,1399
40,15,2954,2796,2214,1415
40,16,2939,2781,2194,1402
40,17,2951,2793,2209,1411
40,18,2960,2803,2223,1421
40,19,2956,2800,2219,1419
40,20,2957,2801,2220,1419
40,21,2960,2805,2226,1423
40,22,2950,2793,2212,1414
40,23,2947,2790,2207,1411
40,24,2950,2793,2210,1412
40,25,2946,2788,2206,1410
40,26,2978,2825,2251,1440
40,27,2957,2805,2233,1428
40,28,2966,2812,2237,1430
40,29,2968,2813,2235,1429
40,30,2974,2823,2253,1441
40,31,2973,2818,2242,1433
40,32,2976,2822,2247,1437
40,33,2980,2825,2252,1440
40,34,2971,2818,2243,1435
40,35,2987,2839,2273,1455
40,36,2979,2824,2249,1438
40,37,2970,2815,2240,1432
40,38,2967,2811,2233,1428
40,39,2958,2801,2219,1418
40,40,2961,2804,2225,1422
40,41,2963,2807,2229,1425
40,42,2966,2810,2234,1428
40,43,2957,2804,2227,1424
40,44,2975,2820,2245,1436
40,45,2956,2801,2223,1421
40,46,2971,2817,2242,1434
40,47,2974,2819,2244,1435
40,48,2978,2823,2248,1438
40,49,2957,2806,2233,1428
40,50,2977,2823,2250,1438
--- 40 mm Summary | Avg: L=2963 FL=2808 FR=2230 R=1425 ---

>>> Place micromouse at 50 mm <<<
Press button to start 5s sampling (Long press to exit)
========================================
--- Sampling 50 mm (5s @ 100ms) ---
Dist_mm,Sample,L,FL,FR,R
50,1,3038,3065,1694,824
50,2,3043,3078,1667,810
50,3,3045,3078,1670,811
50,4,3042,3077,1669,816
50,5,3036,3076,1595,733
50,6,3010,3070,1510,679
50,7,3014,3071,1505,649
50,8,2996,3068,1489,605
50,9,2995,3068,1475,546
50,10,2971,3064,1457,486
50,11,2967,3063,1444,446
50,12,2981,3066,1458,443
50,13,2971,3065,1451,411
50,14,3000,3069,1489,358
50,15,2985,3066,1464,350
50,16,2987,3067,1464,351
50,17,2971,3064,1454,348
50,18,3017,3074,1505,362
50,19,2998,3070,1479,354
50,20,3003,3071,1486,356
50,21,2986,3067,1465,351
50,22,2991,3068,1470,352
50,23,2996,3070,1476,354
50,24,2998,3069,1478,354
50,25,2995,3069,1475,354
50,26,2996,3069,1475,353
50,27,2999,3069,1481,355
50,28,2991,3068,1472,353
50,29,2993,3068,1472,353
50,30,2999,3069,1477,354
50,31,2990,3067,1468,352
50,32,2993,3068,1470,352
50,33,2996,3068,1472,353
50,34,2984,3066,1460,349
50,35,2978,3065,1452,347
50,36,2984,3065,1459,349
50,37,3004,3069,1491,358
50,38,3007,3069,1498,360
50,39,2977,3065,1452,347
50,40,2991,3067,1478,354
50,41,3000,3069,1479,355
50,42,2992,3067,1468,352
50,43,2982,3063,1455,348
50,44,2976,3066,1458,349
50,45,2964,3062,1446,346
50,46,2967,3064,1445,345
50,47,2994,3068,1473,353
50,48,3007,3071,1487,357
50,49,3017,3073,1501,361
50,50,3023,3074,1511,363
--- 50 mm Summary | Avg: L=2996 FL=3068 FR=1491 R=426 ---

========================================
>>> Place micromouse at 60 mm <<<
Press button to start 5s sampling (Long press to exit)
========================================
--- Sampling 60 mm (5s @ 100ms) ---
Dist_mm,Sample,L,FL,FR,R
60,1,2998,3011,1202,235
60,2,3001,3014,1199,231
60,3,2999,3014,1197,230
60,4,3002,3015,1201,231
60,5,3000,3014,1198,230
60,6,3001,3014,1199,231
60,7,3002,3015,1200,231
60,8,2999,3014,1198,230
60,9,2999,3014,1198,230
60,10,3003,3016,1201,231
60,11,3001,3014,1199,231
60,12,2999,3013,1198,231
60,13,3002,3015,1201,231
60,14,3001,3015,1199,231
60,15,3003,3015,1201,231
60,16,3006,3016,1204,232
60,17,3013,3018,1213,234
60,18,2997,3005,1211,233
60,19,3015,3018,1219,235
60,20,3014,3018,1217,235
60,21,3012,3017,1215,234
60,22,3014,3018,1217,235
60,23,3001,3013,1200,231
60,24,3001,3013,1200,231
60,25,3002,3014,1202,231
60,26,3001,3013,1200,231
60,27,3000,3013,1200,231
60,28,3004,3015,1203,232
60,29,3003,3013,1201,231
60,30,3003,3014,1201,231
60,31,3005,3015,1203,232
60,32,3003,3014,1201,231
60,33,3003,3014,1202,231
60,34,3005,3015,1203,231
60,35,3003,3014,1201,231
60,36,3002,3014,1202,231
60,37,3005,3015,1204,232
60,38,3003,3014,1202,231
60,39,3011,3017,1212,234
60,40,3007,3015,1209,233
60,41,3012,3016,1216,234
60,42,3014,3017,1218,235
60,43,3003,3009,1216,234
60,44,3012,3017,1217,235
60,45,3002,3009,1213,234
60,46,3009,3017,1209,233
60,47,3018,3015,1234,238
60,48,3016,3019,1219,235
60,49,3016,3019,1221,235
60,50,3011,3015,1217,235
--- 60 mm Summary | Avg: L=3005 FL=3014 FR=1206 R=232 ---

========================================
>>> Place micromouse at 70 mm <<<
Press button to start 5s sampling (Long press to exit)
========================================
--- Sampling 70 mm (5s @ 100ms) ---
Dist_mm,Sample,L,FL,FR,R
70,1,2758,2416,959,582
70,2,2762,2417,957,571
70,3,2767,2422,956,561
70,4,2763,2417,948,540
70,5,2763,2417,941,466
70,6,2768,2422,941,247
70,7,2764,2418,938,226
70,8,2763,2416,937,226
70,9,2765,2419,938,227
70,10,2759,2413,935,226
70,11,2763,2416,937,226
70,12,2804,2462,958,232
70,13,2780,2436,946,229
70,14,2778,2434,944,229
70,15,2783,2439,947,230
70,16,2780,2435,945,229
70,17,2763,2417,937,227
70,18,2781,2436,946,229
70,19,2766,2421,939,228
70,20,2799,2457,955,232
70,21,2779,2438,947,229
70,22,2779,2435,945,229
70,23,2781,2436,946,229
70,24,2785,2440,948,230
70,25,2784,2439,947,229
70,26,2780,2434,945,229
70,27,2786,2441,948,230
70,28,2779,2437,947,229
70,29,2807,2464,958,233
70,30,2794,2453,954,231
70,31,2783,2439,947,229
70,32,2764,2418,937,226
70,33,2770,2424,940,227
70,34,2769,2423,940,227
70,35,2767,2421,939,227
70,36,2772,2426,941,228
70,37,2768,2421,939,227
70,38,2764,2418,937,226
70,39,2767,2421,939,227
70,40,2767,2421,939,227
70,41,2765,2418,937,226
70,42,3111,2983,1328,353
70,43,3108,2978,1318,349
70,44,3110,2981,1325,352
70,45,3112,2983,1330,354
70,46,3112,2984,1332,355
70,47,3111,2983,1329,353
70,48,3111,2982,1327,352
70,49,3109,2980,1323,351
70,50,3108,2978,1318,349
--- 70 mm Summary | Avg: L=2834 FL=2528 FR=1013 R=282 ---

========================================
>>> Place micromouse at 80 mm <<<
Press button to start 5s sampling (Long press to exit)
========================================
--- Sampling 80 mm (5s @ 100ms) ---
Dist_mm,Sample,L,FL,FR,R
80,1,2939,2285,791,678
80,2,2938,2284,788,661
80,3,2938,2284,784,602
80,4,2940,2286,781,380
80,5,2947,2294,782,344
80,6,2947,2295,779,343
80,7,2943,2289,775,341
80,8,2942,2288,774,341
80,9,2942,2288,774,341
80,10,2942,2288,774,341
80,11,2942,2288,774,341
80,12,2943,2289,774,341
80,13,2942,2288,774,341
80,14,2942,2288,774,341
80,15,2943,2290,774,341
80,16,2941,2288,773,341
80,17,2943,2289,774,341
80,18,2943,2290,774,341
80,19,2943,2289,774,341
80,20,2944,2291,775,342
80,21,2943,2290,774,341
80,22,2942,2288,774,341
80,23,2943,2290,774,341
80,24,2946,2294,776,342
80,25,2942,2289,774,341
80,26,2943,2290,774,341
80,27,2945,2291,775,341
80,28,2943,2290,774,341
80,29,2943,2290,774,341
80,30,2944,2291,774,341
80,31,2949,2298,777,343
80,32,2944,2290,774,341
80,33,2944,2291,775,341
80,34,2943,2290,774,341
80,35,2943,2290,774,341
80,36,2944,2291,775,341
80,37,2944,2291,774,341
80,38,2944,2291,775,341
80,39,2945,2293,776,342
80,40,2943,2290,774,341
80,41,2944,2291,775,341
80,42,2945,2292,775,342
80,43,2944,2291,774,341
80,44,2944,2291,775,341
80,45,2944,2292,775,341
80,46,2944,2291,775,341
80,47,2947,2295,777,343
80,48,2943,2291,774,341
80,49,2943,2291,774,341
80,50,2944,2291,775,341
--- 80 mm Summary | Avg: L=2943 FL=2290 FR=775 R=360 ---

========================================
>>> Place micromouse at 90 mm <<<
Press button to start 5s sampling (Long press to exit)
========================================
--- Sampling 90 mm (5s @ 100ms) ---
Dist_mm,Sample,L,FL,FR,R
90,1,2243,1780,469,336
90,2,2247,1783,470,336
90,3,2248,1784,471,336
90,4,2249,1784,470,336
90,5,2248,1783,467,336
90,6,2248,1783,461,336
90,7,2249,1784,457,337
90,8,2248,1783,457,336
90,9,2248,1783,457,336
90,10,2249,1784,457,336
90,11,2248,1784,457,336
90,12,2248,1784,457,336
90,13,2249,1784,457,336
90,14,2248,1784,457,336
90,15,2248,1784,457,336
90,16,2249,1785,457,336
90,17,2249,1784,457,336
90,18,2248,1784,457,336
90,19,2250,1785,457,336
90,20,2249,1784,457,336
90,21,2249,1784,457,336
90,22,2249,1784,457,336
90,23,2241,1778,455,334
90,24,2242,1779,455,335
90,25,2243,1780,455,335
90,26,2242,1779,455,335
90,27,2242,1779,455,335
90,28,2243,1780,455,335
90,29,2240,1777,454,334
90,30,2245,1781,456,335
90,31,2244,1781,456,335
90,32,2243,1780,455,335
90,33,2243,1780,455,335
90,34,2244,1780,455,335
90,35,2243,1780,455,335
90,36,2245,1781,456,335
90,37,2244,1781,455,335
90,38,2244,1780,455,335
90,39,2244,1780,455,335
90,40,2244,1781,456,335
90,41,2243,1780,455,335
90,42,2244,1780,455,335
90,43,2245,1781,456,335
90,44,2245,1781,456,335
90,45,2245,1781,456,335
90,46,2244,1780,455,335
90,47,2245,1781,456,335
90,48,2247,1783,456,336
90,49,2245,1782,456,335
90,50,2244,1781,456,335
--- 90 mm Summary | Avg: L=2245 FL=1781 FR=457 R=335 ---

>>> Place micromouse at 100 mm <<<
Press button to start 5s sampling (Long press to exit)
========================================
--- Sampling 100 mm (5s @ 100ms) ---
Dist_mm,Sample,L,FL,FR,R
100,1,1679,1462,177,336
100,2,1679,1463,176,336
100,3,1679,1462,172,336
100,4,1679,1462,165,336
100,5,1679,1462,149,336
100,6,1679,1462,149,336
100,7,1679,1462,141,336
100,8,1680,1463,141,336
100,9,1679,1462,140,336
100,10,1679,1462,140,336
100,11,1680,1463,140,336
100,12,1679,1462,140,336
100,13,1677,1461,140,335
100,14,1674,1458,139,334
100,15,1674,1457,139,334
100,16,1674,1458,139,334
100,17,1675,1458,139,334
100,18,1674,1458,139,334
100,19,1675,1458,139,335
100,20,1675,1459,140,335
100,21,1678,1461,140,336
100,22,1675,1459,140,334
100,23,1675,1459,139,335
100,24,1675,1458,139,334
100,25,1675,1459,140,335
100,26,1676,1459,139,335
100,27,1675,1459,139,335
100,28,1675,1459,139,335
100,29,1678,1461,140,335
100,30,1675,1459,139,335
100,31,1676,1459,140,335
100,32,1677,1460,140,335
100,33,1675,1459,139,334
100,34,1674,1457,139,334
100,35,1675,1458,139,334
100,36,1674,1458,139,334
100,37,1674,1457,139,334
100,38,1674,1458,139,335
100,39,1674,1458,139,334
100,40,1674,1458,139,334
100,41,1675,1458,139,334
100,42,1674,1458,139,334
100,43,1674,1458,139,334
100,44,1675,1458,140,334
100,45,1674,1458,139,334
100,46,1674,1458,139,334
100,47,1675,1458,139,334
100,48,1674,1458,139,334
100,49,1675,1458,139,334
100,50,1676,1459,140,335
--- 100 mm Summary | Avg: L=1675 FL=1459 FR=142 R=334 ---

>>> Place micromouse at 110 mm <<<
Press button to start 5s sampling (Long press to exit)
========================================
--- Sampling 110 mm (5s @ 100ms) ---
Dist_mm,Sample,L,FL,FR,R
110,1,1266,1282,95,335
110,2,1265,1282,93,335
110,3,1267,1283,85,336
110,4,1267,1284,75,336
110,5,1266,1283,70,336
110,6,1267,1284,66,336
110,7,1266,1284,60,335
110,8,1267,1283,57,336
110,9,1267,1284,55,336
110,10,1268,1285,55,336
110,11,1267,1283,55,335
110,12,1267,1284,55,336
110,13,1267,1284,55,336
110,14,1267,1284,55,336
110,15,1267,1284,55,336
110,16,1267,1284,55,336
110,17,1267,1284,55,336
110,18,1269,1285,55,336
110,19,1267,1284,55,336
110,20,1267,1284,55,336
110,21,1268,1284,55,336
110,22,1267,1284,55,336
110,23,1266,1283,55,335
110,24,1267,1284,55,336
110,25,1267,1284,55,336
110,26,1267,1284,55,335
110,27,1267,1284,55,336
110,28,1267,1284,55,336
110,29,1267,1284,55,336
110,30,1268,1285,55,336
110,31,1269,1286,55,336
110,32,1267,1283,55,336
110,33,1268,1285,55,336
110,34,1267,1284,55,336
110,35,1270,1287,56,337
110,36,1267,1283,55,335
110,37,1266,1283,55,335
110,38,1266,1283,55,335
110,39,1266,1283,55,335
110,40,1266,1283,55,335
110,41,1266,1283,55,335
110,42,1266,1283,55,335
110,43,1266,1283,54,335
110,44,1266,1283,55,335
110,45,1267,1284,55,336
110,46,1266,1283,55,335
110,47,1266,1283,55,335
110,48,1266,1283,55,336
110,49,1266,1283,55,336
110,50,1267,1283,55,336

========================================
>>> Place micromouse at 120 mm <<<
Press button to start 5s sampling (Long press to exit)
========================================
--- Sampling 120 mm (5s @ 100ms) ---
Dist_mm,Sample,L,FL,FR,R
120,1,994,1119,297,342
120,2,994,1119,299,342
120,3,992,1115,306,342
120,4,992,1115,302,341
120,5,990,1113,272,339
120,6,990,1112,196,337
120,7,990,1112,108,337
120,8,991,1113,90,337
120,9,990,1112,89,336
120,10,991,1113,86,337
120,11,991,1114,86,337
120,12,991,1113,80,337
120,13,991,1113,79,337
120,14,992,1114,81,337
120,15,991,1113,89,337
120,16,991,1114,95,337
120,17,993,1115,98,338
120,18,990,1112,97,336
120,19,990,1113,96,336
120,20,991,1113,97,337
120,21,990,1113,97,337
120,22,990,1113,96,336
120,23,990,1113,96,336
120,24,990,1113,96,336
120,25,990,1113,96,336
120,26,991,1113,96,336
120,27,990,1113,96,336
120,28,990,1113,96,336
120,29,991,1113,96,337
120,30,990,1113,96,337
120,31,990,1113,95,337
120,32,991,1113,95,337
120,33,990,1113,96,337
120,34,990,1113,96,336
120,35,991,1113,95,337
120,36,990,1113,95,336
120,37,993,1116,95,338
120,38,992,1115,95,337
120,39,992,1114,94,337
120,40,992,1114,94,337
120,41,992,1114,94,337
120,42,992,1114,94,337
120,43,992,1114,94,337
120,44,993,1116,94,338
120,45,993,1115,94,338
120,46,992,1114,94,337
120,47,992,1115,94,338
120,48,992,1115,94,337
120,49,992,1114,94,337
120,50,992,1115,94,338
--- 120 mm Summary | Avg: L=991 FL=1113 FR=115 R=337 ---

========================================
>>> Place micromouse at 130 mm <<<
Press button to start 5s sampling (Long press to exit)
========================================
--- Sampling 130 mm (5s @ 100ms) ---
Dist_mm,Sample,L,FL,FR,R
130,1,805,975,128,338
130,2,807,977,95,338
130,3,807,976,75,338
130,4,808,977,64,338
130,5,808,977,61,338
130,6,807,976,62,338
130,7,808,977,50,338
130,8,808,977,38,338
130,9,808,977,33,338
130,10,808,977,32,338
130,11,809,978,32,339
130,12,807,976,30,337
130,13,807,976,29,338
130,14,807,976,29,337
130,15,806,976,28,337
130,16,807,976,29,337
130,17,806,976,28,337
130,18,806,976,28,337
130,19,807,976,28,337
130,20,807,976,28,337
130,21,807,976,28,337
130,22,807,976,28,337
130,23,807,976,28,337
130,24,807,976,29,337
130,25,807,976,29,337
130,26,806,975,29,337
130,27,807,976,29,337
130,28,807,977,29,338
130,29,808,977,29,338
130,30,808,977,29,338
130,31,808,978,29,338
130,32,807,976,28,337
130,33,808,977,28,338
130,34,808,977,28,338
130,35,808,977,28,338
130,36,808,977,28,338
130,37,809,979,28,338
130,38,807,976,28,337
130,39,807,976,28,337
130,40,807,977,28,337
130,41,807,976,28,337
130,42,807,976,28,337
130,43,807,976,28,337
130,44,807,976,27,337
130,45,807,976,28,337
130,46,807,976,28,337
130,47,807,976,27,337
130,48,807,976,27,337
130,49,807,976,27,337
130,50,807,976,27,337
--- 130 mm Summary | Avg: L=807 FL=976 FR=35 R=337 ---

>>> Place micromouse at 140 mm <<<
Press button to start 5s sampling (Long press to exit)
========================================
--- Sampling 140 mm (5s @ 100ms) ---
Dist_mm,Sample,L,FL,FR,R
140,1,674,861,71,339
140,2,674,861,66,339
140,3,674,861,62,339
140,4,675,861,53,339
140,5,675,862,42,339
140,6,675,862,32,339
140,7,675,862,32,339
140,8,674,861,23,339
140,9,674,861,19,339
140,10,674,861,19,339
140,11,674,861,18,339
140,12,674,860,18,339
140,13,674,860,18,338
140,14,674,861,18,339
140,15,674,861,17,338
140,16,674,860,17,338
140,17,674,861,17,339
140,18,674,861,17,338
140,19,674,861,17,338
140,20,674,861,17,339
140,21,674,861,17,338
140,22,674,860,17,338
140,23,674,861,17,338
140,24,674,860,17,338
140,25,676,863,18,340
140,26,675,862,18,339
140,27,675,862,17,339
140,28,674,861,17,338
140,29,675,862,18,339
140,30,675,862,18,339
140,31,675,862,17,339
140,32,676,863,18,340
140,33,675,862,17,339
140,34,675,862,18,339
140,35,676,862,18,339
140,36,675,862,17,339
140,37,675,862,17,339
140,38,676,863,18,340
140,39,675,862,18,339
140,40,675,862,18,339
140,41,675,862,17,339
140,42,676,862,18,339
140,43,676,862,18,339
140,44,676,863,18,340
140,45,676,863,18,340
140,46,675,861,17,339
140,47,675,862,18,339
140,48,675,862,17,339
140,49,677,863,18,340
140,50,675,862,17,339
--- 140 mm Summary | Avg: L=674 FL=861 FR=22 R=338 ---

========================================
>>> Place micromouse at 150 mm <<<
Press button to start 5s sampling (Long press to exit)
========================================
--- Sampling 150 mm (5s @ 100ms) ---
Dist_mm,Sample,L,FL,FR,R
150,1,579,789,190,342
150,2,580,789,184,342
150,3,580,788,81,341
150,4,579,787,69,341
150,5,579,787,64,341
150,6,578,786,54,340
150,7,578,786,42,340
150,8,579,787,35,340
150,9,578,785,29,340
150,10,579,786,26,340
150,11,579,787,23,340
150,12,579,787,20,341
150,13,578,786,18,340
150,14,579,787,16,340
150,15,578,785,15,340
150,16,579,786,15,340
150,17,579,787,15,340
150,18,579,787,15,340
150,19,579,786,15,340
150,20,580,788,15,341
150,21,579,786,15,340
150,22,579,786,15,340
150,23,579,787,15,341
150,24,578,786,15,340
150,25,578,786,15,340
150,26,578,786,15,340
150,27,578,786,15,340
150,28,578,786,15,340
150,29,578,786,15,340
150,30,578,786,15,340
150,31,578,786,15,340
150,32,578,786,14,340
150,33,578,786,15,340
150,34,578,786,15,340
150,35,578,786,15,340
150,36,578,786,14,340
150,37,578,786,15,340
150,38,578,786,15,340
150,39,578,786,14,340
150,40,579,787,15,340
150,41,579,787,15,340
150,42,579,787,15,341
150,43,580,788,14,341
150,44,579,786,14,340
150,45,579,787,14,341
150,46,579,787,15,341
150,47,580,787,15,341
150,48,580,788,15,341
150,49,579,786,14,340
150,50,579,787,14,340
--- 150 mm Summary | Avg: L=578 FL=786 FR=27 R=340 ---

========================================
>>> Place micromouse at 160 mm <<<
Press button to start 5s sampling (Long press to exit)
========================================
--- Sampling 160 mm (5s @ 100ms) ---
Dist_mm,Sample,L,FL,FR,R
160,1,502,693,74,341
160,2,502,692,64,341
160,3,502,692,62,341
160,4,502,692,50,341
160,5,502,692,34,341
160,6,502,691,22,340
160,7,502,691,10,340
160,8,502,691,8,341
160,9,502,691,7,340
160,10,502,691,7,340
160,11,502,691,6,340
160,12,502,691,6,340
160,13,502,691,6,340
160,14,502,692,6,340
160,15,502,691,6,340
160,16,502,691,6,341
160,17,502,691,6,340
160,18,502,691,6,340
160,19,502,692,6,340
160,20,503,693,7,342
160,21,503,693,7,341
160,22,503,693,6,341
160,23,503,693,6,341
160,24,503,692,6,341
160,25,503,692,6,341
160,26,503,693,6,341
160,27,502,692,6,341
160,28,503,693,6,341
160,29,503,693,6,341
160,30,503,692,6,341
160,31,502,692,6,340
160,32,502,692,6,341
160,33,502,692,6,341
160,34,502,691,6,340
160,35,502,692,6,341
160,36,502,692,6,341
160,37,502,692,6,341
160,38,502,692,6,341
160,39,502,692,6,341
160,40,502,692,6,340
160,41,502,692,6,341
160,42,502,692,6,340
160,43,502,692,6,340
160,44,502,692,6,341
160,45,502,692,6,340
160,46,502,692,6,341
160,47,502,692,6,341
160,48,503,694,6,341
160,49,503,693,6,341
160,50,503,693,6,341
--- 160 mm Summary | Avg: L=502 FL=691 FR=11 R=340 ---

>>> Place micromouse at 170 mm <<<
Press button to start 5s sampling (Long press to exit)
========================================
--- Sampling 170 mm (5s @ 100ms) ---
Dist_mm,Sample,L,FL,FR,R
170,1,438,635,67,343
170,2,439,635,56,342
170,3,437,633,51,342
170,4,437,633,42,342
170,5,437,633,33,342
170,6,436,632,29,341
170,7,436,632,19,341
170,8,436,632,10,341
170,9,437,632,8,341
170,10,436,631,7,341
170,11,436,632,7,341
170,12,436,631,6,341
170,13,436,631,7,341
170,14,436,632,7,341
170,15,436,631,6,341
170,16,436,631,6,341
170,17,437,632,6,342
170,18,436,631,6,341
170,19,436,631,6,341
170,20,437,632,6,341
170,21,436,631,6,341
170,22,436,631,6,341
170,23,437,632,6,342
170,24,437,633,7,342
170,25,436,632,6,341
170,26,437,633,7,342
170,27,437,633,7,342
170,28,437,633,7,342
170,29,438,633,7,342
170,30,437,633,7,342
170,31,437,632,6,342
170,32,437,633,7,342
170,33,438,633,7,342
170,34,437,633,7,342
170,35,438,633,7,342
170,36,437,633,7,342
170,37,437,632,6,342
170,38,437,632,6,342
170,39,437,632,6,342
170,40,438,633,7,343
170,41,437,632,6,342
170,42,437,632,6,341
170,43,437,632,6,342
170,44,437,632,6,342
170,45,437,632,6,342
170,46,437,632,6,341
170,47,437,632,6,341
170,48,437,632,6,341
170,49,437,632,6,341
170,50,437,632,6,342
--- 170 mm Summary | Avg: L=436 FL=632 FR=11 R=341 ---

========================================
>>> Place micromouse at 180 mm <<<
Press button to start 5s sampling (Long press to exit)
========================================
--- Sampling 180 mm (5s @ 100ms) ---
Dist_mm,Sample,L,FL,FR,R
180,1,345,565,33,343
180,2,343,564,29,342
180,3,341,564,26,342
180,4,341,564,18,342
180,5,340,563,10,342
180,6,340,562,7,342
180,7,340,563,6,342
180,8,340,562,6,342
180,9,340,562,6,342
180,10,340,562,5,342
180,11,340,562,5,342
180,12,342,564,5,343
180,13,341,563,5,343
180,14,341,563,5,342
180,15,341,563,5,343
180,16,341,563,5,343
180,17,341,563,5,342
180,18,341,563,5,342
180,19,342,564,6,343
180,20,341,564,6,343
180,21,341,563,5,343
180,22,341,563,6,343
180,23,341,563,5,343
180,24,341,563,5,342
180,25,343,566,6,344
180,26,343,565,6,344
180,27,343,565,6,344
180,28,343,566,6,344
180,29,343,565,6,344
180,30,343,565,6,344
180,31,343,566,6,345
180,32,343,566,6,344
180,33,343,565,6,344
180,34,343,566,6,344
180,35,343,565,6,344
180,36,343,565,6,344
180,37,343,566,6,345
180,38,343,565,6,344
180,39,343,566,6,344
180,40,343,566,6,345
180,41,343,566,6,344
180,42,341,564,6,343
180,43,341,564,6,343
180,44,341,563,5,342
180,45,341,563,5,342
180,46,341,563,5,342
180,47,341,563,5,342
180,48,341,563,5,342
180,49,341,563,5,342
180,50,341,563,5,342
--- 180 mm Summary | Avg: L=341 FL=563 FR=7 R=342 ---

========================================
>>> Place micromouse at 190 mm <<<
Press button to start 5s sampling (Long press to exit)
========================================
--- Sampling 190 mm (5s @ 100ms) ---
Dist_mm,Sample,L,FL,FR,R
190,1,266,495,67,343
190,2,265,494,47,343
190,3,263,493,32,343
190,4,262,493,24,343
190,5,262,492,16,343
190,6,262,491,7,343
190,7,263,492,6,344
190,8,262,491,5,343
190,9,262,491,5,343
190,10,262,491,5,343
190,11,262,491,4,343
190,12,262,491,4,344
190,13,262,491,4,343
190,14,263,492,4,344
190,15,263,491,4,344
190,16,262,491,4,343
190,17,262,491,4,343
190,18,262,491,4,343
190,19,262,491,4,343
190,20,263,491,4,344
190,21,263,491,4,344
190,22,263,491,4,344
190,23,262,491,4,343
190,24,262,491,4,343
190,25,262,491,4,343
190,26,262,491,4,344
190,27,262,491,4,343
190,28,262,491,4,343
190,29,263,491,4,344
190,30,262,491,4,343
190,31,263,491,4,344
190,32,262,491,4,343
190,33,262,491,4,344
190,34,263,491,4,343
190,35,262,491,5,343
190,36,262,491,4,343
190,37,263,491,4,343
190,38,263,491,5,344
190,39,264,493,5,345
190,40,263,491,4,344
190,41,262,491,5,343
190,42,262,491,5,343
190,43,262,491,4,343
190,44,263,491,4,344
190,45,262,491,4,343
190,46,262,491,4,343
190,47,263,491,4,344
190,48,262,491,4,343
190,49,262,491,4,343
190,50,263,491,5,344
--- 190 mm Summary | Avg: L=262 FL=491 FR=7 R=343 ---

>>> Place micromouse at 200 mm <<<
Press button to start 5s sampling (Long press to exit)
========================================
--- Sampling 200 mm (5s @ 100ms) ---
Dist_mm,Sample,L,FL,FR,R
200,1,221,423,45,344
200,2,217,422,44,344
200,3,214,422,39,344
200,4,214,421,32,344
200,5,214,419,22,343
200,6,214,419,12,344
200,7,214,418,7,344
200,8,214,418,4,344
200,9,214,418,4,344
200,10,214,417,3,344
200,11,214,417,3,344
200,12,214,417,3,344
200,13,214,417,3,344
200,14,214,417,3,344
200,15,214,417,3,344
200,16,213,417,3,343
200,17,214,417,3,343
200,18,214,417,3,344
200,19,214,417,3,343
200,20,213,417,3,343
200,21,213,417,3,343
200,22,213,416,3,343
200,23,213,416,3,343
200,24,213,417,3,343
200,25,213,416,3,343
200,26,213,416,3,343
200,27,213,417,3,343
200,28,213,417,3,343
200,29,213,416,3,343
200,30,213,417,3,343
200,31,213,416,3,343
200,32,213,417,3,343
200,33,213,417,3,343
200,34,213,417,3,343
200,35,214,417,3,344
200,36,214,417,3,344
200,37,213,417,3,343
200,38,213,417,3,343
200,39,213,417,3,343
200,40,213,417,3,343
200,41,213,417,3,343
200,42,214,417,3,344
200,43,213,417,3,343
200,44,214,417,3,343
200,45,214,417,3,343
200,46,213,417,3,343
200,47,214,417,3,343
200,48,213,417,3,343
200,49,213,417,3,343
200,50,213,417,3,343
--- 200 mm Summary | Avg: L=213 FL=417 FR=6 R=343 ---

>>> Place micromouse at 210 mm <<<
Press button to start 5s sampling (Long press to exit)
========================================
--- Sampling 210 mm (5s @ 100ms) ---
Dist_mm,Sample,L,FL,FR,R
210,1,148,362,48,343
210,2,143,361,45,344
210,3,141,360,42,344
210,4,141,359,39,344
210,5,141,359,34,345
210,6,141,357,21,344
210,7,141,356,11,345
210,8,142,355,6,345
210,9,141,354,5,344
210,10,141,354,4,345
210,11,141,354,3,344
210,12,141,354,3,344
210,13,142,355,3,345
210,14,141,354,3,344
210,15,141,354,3,344
210,16,141,354,3,345
210,17,141,354,3,344
210,18,141,354,3,344
210,19,141,354,3,344
210,20,141,354,3,344
210,21,141,354,3,344
210,22,142,354,3,345
210,23,141,354,3,344
210,24,141,354,3,344
210,25,141,354,3,345
210,26,141,354,3,344
210,27,141,354,3,345
210,28,141,354,4,345
210,29,142,355,4,345
210,30,141,354,3,344
210,31,142,354,3,345
210,32,141,354,3,344
210,33,141,354,3,345
210,34,141,354,3,345
210,35,141,354,3,345
210,36,141,354,3,345
210,37,142,355,4,345
210,38,141,354,3,344
210,39,142,356,4,346
210,40,142,356,4,347
210,41,143,356,4,346
210,42,142,356,4,346
210,43,143,356,4,346
210,44,142,356,4,346
210,45,142,356,4,346
210,46,143,356,4,347
210,47,142,356,4,346
210,48,142,356,4,346
210,49,143,356,4,346
210,50,142,356,4,346
--- 210 mm Summary | Avg: L=141 FL=355 FR=7 R=344 ---

========================================
>>> Place micromouse at 220 mm <<<
Press button to start 5s sampling (Long press to exit)
========================================
--- Sampling 220 mm (5s @ 100ms) ---
Dist_mm,Sample,L,FL,FR,R
220,1,90,321,45,345
220,2,84,321,42,345
220,3,79,319,35,345
220,4,79,317,26,345
220,5,78,315,13,345
220,6,79,314,7,345
220,7,78,313,6,345
220,8,78,312,5,345
220,9,79,312,5,345
220,10,78,311,4,345
220,11,79,311,4,345
220,12,79,311,4,345
220,13,79,311,4,345
220,14,79,311,4,345
220,15,79,311,4,345
220,16,79,311,4,345
220,17,79,311,4,345
220,18,79,312,4,345
220,19,79,313,4,347
220,20,79,312,4,345
220,21,79,312,4,346
220,22,79,311,4,345
220,23,79,312,4,345
220,24,79,312,4,345
220,25,79,312,4,345
220,26,79,312,4,345
220,27,79,312,4,345
220,28,78,312,4,345
220,29,79,311,4,345
220,30,79,312,4,345
220,31,79,312,4,345
220,32,79,312,4,345
220,33,79,312,4,345
220,34,79,312,4,345
220,35,79,312,4,345
220,36,79,312,4,345
220,37,79,312,4,345
220,38,79,312,4,345
220,39,79,312,4,345
220,40,79,313,4,346
220,41,79,313,4,346
220,42,79,313,4,346
220,43,79,312,4,345
220,44,79,313,4,345
220,45,79,312,4,345
220,46,79,312,4,345
220,47,79,312,4,345
220,48,79,312,4,345
220,49,79,312,4,345
220,50,79,312,4,345
--- 220 mm Summary | Avg: L=79 FL=312 FR=6 R=345 ---

>>> Place micromouse at 230 mm <<<
Press button to start 5s sampling (Long press to exit)
========================================
--- Sampling 230 mm (5s @ 100ms) ---
Dist_mm,Sample,L,FL,FR,R
230,1,63,274,41,345
230,2,59,273,38,346
230,3,58,270,32,346
230,4,58,268,23,345
230,5,58,266,11,346
230,6,58,265,5,346
230,7,58,265,4,347
230,8,58,264,3,346
230,9,58,263,3,346
230,10,58,263,3,346
230,11,58,263,3,346
230,12,58,262,3,346
230,13,58,262,3,346
230,14,58,263,3,346
230,15,58,263,3,345
230,16,58,263,3,345
230,17,58,263,3,346
230,18,58,263,3,346
230,19,58,263,3,346
230,20,58,263,3,346
230,21,58,263,3,345
230,22,58,263,3,346
230,23,58,263,3,346
230,24,58,263,3,346
230,25,58,264,3,347
230,26,59,264,3,347
230,27,58,264,3,346
230,28,58,264,3,346
230,29,58,263,3,346
230,30,58,263,3,346
230,31,58,263,3,345
230,32,58,263,3,346
230,33,58,263,3,346
230,34,58,263,3,346
230,35,58,263,3,346
230,36,58,263,3,346
230,37,58,263,3,346
230,38,58,263,3,346
230,39,58,263,3,346
230,40,58,263,3,346
230,41,58,263,3,346
230,42,58,262,3,346
230,43,58,263,3,346
230,44,58,263,3,346
230,45,58,263,3,346
230,46,58,263,3,346
230,47,58,263,3,346
230,48,58,263,3,346
230,49,58,263,3,346
230,50,58,263,3,346
--- 230 mm Summary | Avg: L=58 FL=263 FR=5 R=345 ---

>>> Place micromouse at 240 mm <<<
Press button to start 5s sampling (Long press to exit)
========================================
--- Sampling 240 mm (5s @ 100ms) ---
Dist_mm,Sample,L,FL,FR,R
240,1,57,241,52,346
240,2,52,239,43,346
240,3,50,237,38,346
240,4,50,234,28,346
240,5,50,231,18,347
240,6,50,230,7,346
240,7,50,228,4,346
240,8,50,227,4,346
240,9,50,226,4,346
240,10,50,226,4,346
240,11,50,225,3,346
240,12,50,225,4,346
240,13,50,225,3,346
240,14,50,225,3,346
240,15,50,225,3,346
240,16,50,225,3,346
240,17,50,225,3,346
240,18,50,225,3,346
240,19,50,225,3,346
240,20,50,225,3,346
240,21,50,225,3,346
240,22,50,225,3,346
240,23,50,225,3,346
240,24,50,225,3,347
240,25,50,225,3,346
240,26,50,225,3,346
240,27,50,225,3,346
240,28,50,225,3,346
240,29,50,225,3,346
240,30,50,226,3,347
240,31,50,225,3,346
240,32,50,225,3,345
240,33,50,225,3,346
240,34,50,225,3,346
240,35,50,225,3,345
240,36,50,225,3,346
240,37,50,225,3,345
240,38,50,225,3,346
240,39,50,225,3,346
240,40,50,225,3,345
240,41,50,225,3,345
240,42,50,225,3,346
240,43,50,225,3,346
240,44,50,225,3,346
240,45,50,225,3,345
240,46,50,225,3,345
240,47,50,226,3,347
240,48,50,226,3,346
240,49,50,226,3,346
240,50,50,226,3,346

>>> Place micromouse at 250 mm <<<
Press button to start 5s sampling (Long press to exit)
========================================
--- Sampling 250 mm (5s @ 100ms) ---
Dist_mm,Sample,L,FL,FR,R
250,1,55,211,97,346
250,2,49,210,50,347
250,3,47,207,45,346
250,4,48,204,39,347
250,5,48,201,36,348
250,6,48,199,27,349
250,7,48,198,12,348
250,8,48,196,5,348
250,9,48,196,4,348
250,10,48,195,4,348
250,11,48,195,4,348
250,12,48,195,4,348
250,13,48,195,4,348
250,14,48,195,4,348
250,15,48,195,4,348
250,16,48,195,4,348
250,17,48,195,4,348
250,18,49,195,4,349
250,19,49,195,4,348
250,20,48,195,4,348
250,21,48,195,4,348
250,22,48,195,4,348
250,23,48,195,4,348
250,24,48,195,4,348
250,25,48,195,3,347
250,26,48,194,4,347
250,27,48,194,4,347
250,28,48,194,3,347
250,29,48,194,4,347
250,30,48,194,3,347
250,31,48,194,3,347
250,32,48,194,3,346
250,33,48,194,4,347
250,34,48,194,3,347
250,35,48,194,3,347
250,36,48,194,3,347
250,37,48,194,3,346
250,38,48,194,3,346
250,39,48,194,3,346
250,40,48,194,3,346
250,41,47,194,3,346
250,42,48,194,3,346
250,43,48,193,3,346
250,44,48,194,3,346
250,45,47,194,3,346
250,46,47,194,3,346
250,47,47,194,3,346
250,48,47,194,3,346
250,49,47,194,3,346
250,50,47,194,3,346
--- 250 mm Summary | Avg: L=48 FL=195 FR=9 R=347 ---

========================================
*** IR SENSOR CALIBRATION COMPLETE (10-250mm) ***
========================================
