>>> Place micromouse at 10 mm <<<
Press button to start 5s sampling (Long press to exit)
========================================
--- Sampling 10 mm (5s @ 100ms) ---
Dist_mm,Sample,L,FL,FR,R
10,1,2111,2402,186,1079
10,2,2120,2383,185,1080
10,3,2115,2392,185,1095
10,4,2109,2488,179,1107
10,5,2092,2394,181,1099
10,6,2107,2383,183,1093
10,7,2118,2420,186,1090
10,8,2112,2382,187,1076
10,9,2112,2382,184,1071
10,10,2120,2466,182,1065
10,11,2107,2333,179,1051
10,12,2121,2381,178,1041
10,13,2113,2396,179,1066
10,14,2122,2381,181,1053
10,15,2122,2465,181,1077
10,16,2112,2379,181,1084
10,17,2121,2473,182,1076
10,18,2111,2358,182,1104
10,19,2121,2463,181,1084
10,20,2112,2360,180,1090
10,21,2121,2477,179,1090
10,22,2120,2372,179,1094
10,23,2113,2479,179,1087
10,24,2122,2377,178,1060
10,25,2115,2447,181,1033
10,26,2123,2377,183,1027
10,27,2115,2391,185,1034
10,28,2114,2385,187,1053
10,29,2124,2330,187,1058
10,30,2115,2430,185,1068
10,31,2124,2350,183,1027
10,32,2118,2465,183,1004
10,33,2124,2383,181,1021
10,34,2116,2382,178,1010
10,35,2117,2387,182,939
10,36,2124,2353,183,1024
10,37,2120,2469,188,965
10,38,2117,2380,185,941
10,39,2117,2357,183,949
10,40,2126,2427,181,943
10,41,2124,2379,178,1011
10,42,2117,2403,183,1012
10,43,2124,2394,186,1038
10,44,2111,2361,185,1037
10,45,2123,2443,183,1068
10,46,2112,2396,180,1090
10,47,2119,2372,180,1104
10,48,2121,2450,186,1102
10,49,2113,2403,187,1103
10,50,2120,2367,182,1097
--- 10 mm Summary | Avg: L=2116 FL=2401 FR=182 R=1053 ---

========================================
>>> Place micromouse at 20 mm <<<
Press button to start 5s sampling (Long press to exit)
========================================
--- Sampling 20 mm (5s @ 100ms) ---
Dist_mm,Sample,L,FL,FR,R
20,1,2058,2717,727,1997
20,2,2063,2696,734,2005
20,3,2052,2687,728,2001
20,4,2060,2706,727,2000
20,5,2059,2676,728,2003
20,6,2049,2694,725,2002
20,7,2064,2708,723,2004
20,8,2052,2685,725,2001
20,9,2069,2722,725,1998
20,10,2051,2689,727,2002
20,11,2062,2724,728,2001
20,12,2059,2689,733,2006
20,13,2061,2710,739,2007
20,14,2061,2693,742,2008
20,15,2056,2694,742,1984
20,16,2058,2693,736,1993
20,17,2052,2678,735,2001
20,18,2051,2699,733,2001
20,19,2059,2684,726,2005
20,20,2061,2724,725,2001
20,21,2059,2689,733,2002
20,22,2055,2694,739,2003
20,23,2059,2694,743,2003
20,24,2059,2682,736,1999
20,25,2060,2730,734,2001
20,26,2059,2690,729,2005
20,27,2053,2687,727,2002
20,28,2060,2699,735,2002
20,29,2053,2687,745,2006
20,30,2061,2700,736,1996
20,31,2058,2692,736,2004
20,32,2052,2691,727,2001
20,33,2065,2710,733,2004
20,34,2051,2686,745,2007
20,35,2060,2688,737,1994
20,36,2054,2699,736,2000
20,37,2050,2696,726,2001
20,38,2059,2688,735,2005
20,39,2055,2694,744,2002
20,40,2061,2703,735,2002
20,41,2052,2685,728,2003
20,42,2060,2679,734,1998
20,43,2063,2726,745,2008
20,44,2021,2694,735,1998
20,45,2059,2685,729,2004
20,46,2055,2702,733,2002
20,47,2060,2695,743,2007
20,48,2051,2688,735,1978
20,49,2060,2679,725,1999
20,50,2069,2720,734,2003
--- 20 mm Summary | Avg: L=2057 FL=2696 FR=733 R=2001 ---

========================================
>>> Place micromouse at 30 mm <<<
Press button to start 5s sampling (Long press to exit)
========================================
--- Sampling 30 mm (5s @ 100ms) ---
Dist_mm,Sample,L,FL,FR,R
30,1,2103,2693,2641,1283
30,2,2112,2700,2632,1281
30,3,2106,2700,2637,1280
30,4,2104,2702,2635,1279
30,5,2115,2710,2641,1281
30,6,2103,2701,2642,1281
30,7,2113,2705,2637,1283
30,8,2104,2692,2642,1283
30,9,2113,2706,2635,1279
30,10,2104,2695,2638,1280
30,11,2106,2713,2634,1280
30,12,2110,2697,2633,1281
30,13,2111,2709,2634,1281
30,14,2110,2699,2630,1283
30,15,2105,2696,2634,1282
30,16,2111,2703,2631,1280
30,17,2110,2696,2637,1282
30,18,2111,2714,2640,1281
30,19,2111,2698,2636,1281
30,20,2104,2695,2635,1280
30,21,2112,2703,2633,1281
30,22,2103,2697,2633,1280
30,23,2113,2680,2632,1280
30,24,2111,2699,2643,1284
30,25,2104,2702,2639,1279
30,26,2114,2705,2630,1282
30,27,2103,2695,2632,1282
30,28,2111,2700,2632,1280
30,29,2105,2692,2641,1282
30,30,2103,2709,2634,1280
30,31,2111,2698,2637,1281
30,32,2103,2698,2633,1280
30,33,2114,2714,2631,1283
30,34,2102,2695,2642,1283
30,35,2111,2699,2632,1279
30,36,2105,2700,2633,1282
30,37,2103,2706,2634,1280
30,38,2111,2698,2638,1281
30,39,2102,2692,2634,1281
30,40,2118,2708,2630,1283
30,41,2102,2696,2638,1282
30,42,2111,2702,2633,1279
30,43,2110,2693,2635,1282
30,44,2110,2710,2636,1281
30,45,2111,2700,2636,1283
30,46,2102,2695,2635,1281
30,47,2111,2696,2631,1281
30,48,2105,2700,2639,1281
30,49,2114,2711,2633,1279
30,50,2109,2697,2632,1282
--- 30 mm Summary | Avg: L=2108 FL=2700 FR=2635 R=1281 ---

========================================
>>> Place micromouse at 40 mm <<<
Press button to start 5s sampling (Long press to exit)
========================================
--- Sampling 40 mm (5s @ 100ms) ---
Dist_mm,Sample,L,FL,FR,R
40,1,2165,2464,2280,668
40,2,2164,2457,2284,645
40,3,2157,2463,2280,638
40,4,2163,2456,2279,629
40,5,2148,2455,2281,613
40,6,2163,2459,2284,602
40,7,2156,2457,2292,581
40,8,2162,2463,2288,581
40,9,2163,2450,2287,581
40,10,2159,2468,2288,581
40,11,2159,2461,2277,581
40,12,2154,2449,2287,580
40,13,2167,2467,2290,581
40,14,2154,2456,2288,580
40,15,2154,2459,2283,581
40,16,2166,2461,2283,581
40,17,2154,2462,2287,581
40,18,2163,2460,2285,581
40,19,2155,2454,2287,582
40,20,2163,2464,2280,580
40,21,2154,2455,2289,581
40,22,2155,2460,2284,580
40,23,2166,2459,2283,581
40,24,2155,2456,2282,581
40,25,2163,2458,2289,581
40,26,2155,2451,2288,581
40,27,2165,2465,2279,580
40,28,2162,2456,2268,581
40,29,2155,2462,2284,580
40,30,2162,2455,2282,581
40,31,2155,2456,2285,580
40,32,2166,2464,2288,581
40,33,2154,2455,2287,580
40,34,2161,2462,2283,581
40,35,2163,2453,2291,581
40,36,2157,2463,2287,581
40,37,2164,2465,2281,582
40,38,2143,2447,2292,579
40,39,2162,2460,2284,581
40,40,2154,2454,2288,580
40,41,2156,2463,2286,581
40,42,2164,2462,2283,581
40,43,2154,2463,2285,581
40,44,2159,2459,2284,580
40,45,2155,2452,2283,581
40,46,2162,2458,2289,580
40,47,2155,2457,2288,581
40,48,2157,2467,2281,581
40,49,2162,2456,2289,581
40,50,2153,2455,2285,581
--- 40 mm Summary | Avg: L=2158 FL=2458 FR=2284 R=586 ---

========================================
>>> Place micromouse at 50 mm <<<
Press button to start 5s sampling (Long press to exit)
========================================
--- Sampling 50 mm (5s @ 100ms) ---
Dist_mm,Sample,L,FL,FR,R
50,1,2134,1807,1927,218
50,2,2127,1795,1936,191
50,3,2133,1802,1932,147
50,4,2126,1796,1935,41
50,5,2126,1804,1931,42
50,6,2133,1798,1931,42
50,7,2127,1803,1928,42
50,8,2136,1807,1930,42
50,9,2126,1793,1939,42
50,10,2135,1804,1934,42
50,11,2125,1796,1935,42
50,12,2126,1805,1928,42
50,13,2133,1797,1929,42
50,14,2126,1796,1935,42
50,15,2134,1799,1933,41
50,16,2127,1793,1935,41
50,17,2135,1807,1928,42
50,18,2132,1796,1935,42
50,19,2126,1803,1939,42
50,20,2136,1798,1929,42
50,21,2126,1795,1929,42
50,22,2134,1801,1933,41
50,23,2127,1794,1936,41
50,24,2135,1807,1931,41
50,25,2132,1796,1934,41
50,26,2126,1805,1930,42
50,27,2134,1802,1930,41
50,28,2128,1796,1931,42
50,29,2133,1804,1936,42
50,30,2124,1796,1935,41
50,31,2124,1802,1928,42
50,32,2133,1796,1930,41
50,33,2128,1808,1933,42
50,34,2133,1802,1927,41
50,35,2126,1792,1935,41
50,36,2134,1802,1933,41
50,37,2125,1795,1930,41
50,38,2127,1808,1935,41
50,39,2132,1797,1932,41
50,40,2125,1796,1928,41
50,41,2134,1800,1937,42
50,42,2126,1792,1936,41
50,43,2133,1804,1931,41
50,44,2134,1799,1939,41
50,45,2124,1804,1934,42
50,46,2132,1796,1929,41
50,47,2126,1794,1934,41
50,48,2134,1799,1928,41
50,49,2126,1795,1940,41
50,50,2126,1805,1932,41
--- 50 mm Summary | Avg: L=2129 FL=1799 FR=1932 R=50 ---

========================================
>>> Place micromouse at 60 mm <<<
Press button to start 5s sampling (Long press to exit)
========================================
--- Sampling 60 mm (5s @ 100ms) ---
Dist_mm,Sample,L,FL,FR,R
60,1,1846,1676,1617,66
60,2,1842,1671,1615,0
60,3,1847,1667,1618,0
60,4,1852,1676,1613,0
60,5,1848,1667,1614,0
60,6,1847,1680,1614,0
60,7,1853,1670,1619,0
60,8,1845,1679,1622,0
60,9,1852,1678,1618,0
60,10,1847,1664,1619,0
60,11,1855,1680,1614,0
60,12,1846,1670,1616,0
60,13,1846,1675,1618,0
60,14,1853,1672,1621,0
60,15,1846,1678,1617,0
60,16,1853,1675,1611,0
60,17,1847,1669,1618,0
60,18,1854,1679,1622,0
60,19,1853,1670,1619,0
60,20,1847,1676,1612,0
60,21,1853,1671,1616,0
60,22,1847,1671,1620,0
60,23,1853,1675,1616,0
60,24,1847,1668,1616,0
60,25,1854,1679,1621,0
60,26,1853,1672,1619,0
60,27,1846,1679,1614,0
60,28,1853,1676,1616,0
60,29,1847,1667,1620,0
60,30,1855,1680,1612,0
60,31,1846,1660,1619,0
60,32,1846,1678,1617,0
60,33,1853,1669,1615,0
60,34,1847,1677,1618,0
60,35,1845,1680,1616,0
60,36,1847,1669,1615,0
60,37,1853,1675,1620,0
60,38,1846,1670,1619,0
60,39,1847,1676,1613,0
60,40,1853,1671,1621,0
60,41,1846,1673,1617,0
60,42,1853,1676,1616,0
60,43,1845,1669,1620,0
60,44,1853,1678,1612,0
60,45,1853,1670,1622,0
60,46,1846,1676,1617,0
60,47,1852,1671,1614,0
60,48,1848,1673,1621,0
60,49,1854,1677,1613,0
60,50,1846,1670,1622,0
--- 60 mm Summary | Avg: L=1849 FL=1673 FR=1617 R=1 ---

========================================
>>> Place micromouse at 70 mm <<<
Press button to start 5s sampling (Long press to exit)
========================================
--- Sampling 70 mm (5s @ 100ms) ---
Dist_mm,Sample,L,FL,FR,R
70,1,1472,1706,1358,0
70,2,1473,1715,1362,0
70,3,1478,1710,1358,0
70,4,1473,1708,1359,0
70,5,1477,1713,1356,0
70,6,1472,1707,1362,0
70,7,1473,1715,1365,0
70,8,1477,1709,1363,0
70,9,1473,1713,1362,0
70,10,1478,1716,1354,0
70,11,1472,1707,1362,0
70,12,1478,1714,1364,0
70,13,1472,1709,1362,0
70,14,1472,1717,1355,0
70,15,1478,1710,1360,0
70,16,1473,1707,1363,0
70,17,1478,1713,1360,0
70,18,1473,1710,1360,0
70,19,1477,1715,1364,0
70,20,1477,1707,1361,0
70,21,1473,1715,1355,0
70,22,1479,1712,1362,0
70,23,1472,1709,1361,0
70,24,1478,1712,1355,0
70,25,1473,1708,1366,0
70,26,1477,1714,1360,0
70,27,1478,1711,1358,0
70,28,1472,1717,1365,0
70,29,1477,1714,1359,0
70,30,1456,1692,1359,0
70,31,1478,1712,1364,0
70,32,1473,1709,1360,0
70,33,1473,1717,1360,0
70,34,1478,1711,1362,0
70,35,1472,1715,1356,0
70,36,1474,1711,1364,0
70,37,1472,1705,1362,0
70,38,1477,1713,1360,0
70,39,1472,1709,1363,0
70,40,1474,1715,1355,0
70,41,1478,1713,1364,0
70,42,1472,1708,1361,0
70,43,1477,1712,1360,0
70,44,1472,1707,1362,0
70,45,1477,1714,1357,0
70,46,1477,1707,1364,0
70,47,1472,1714,1358,0
70,48,1479,1710,1362,0
70,49,1474,1710,1361,0
70,50,1478,1714,1361,0
--- 70 mm Summary | Avg: L=1474 FL=1711 FR=1360 R=0 ---

>>> Place micromouse at 80 mm <<<
Press button to start 5s sampling (Long press to exit)
========================================
--- Sampling 80 mm (5s @ 100ms) ---
Dist_mm,Sample,L,FL,FR,R
80,1,1192,1615,724,0
80,2,1188,1613,718,0
80,3,1188,1617,693,0
80,4,1193,1613,666,0
80,5,1189,1614,653,0
80,6,1192,1615,645,0
80,7,1190,1612,648,0
80,8,1193,1618,646,0
80,9,1193,1613,645,0
80,10,1188,1618,643,0
80,11,1193,1614,638,0
80,12,1189,1610,644,0
80,13,1194,1616,648,0
80,14,1188,1613,644,0
80,15,1193,1616,641,0
80,16,1181,1613,642,0
80,17,1189,1619,647,0
80,18,1193,1617,642,0
80,19,1189,1608,642,0
80,20,1194,1618,642,0
80,21,1189,1614,648,0
80,22,1189,1617,643,0
80,23,1193,1611,638,0
80,24,1190,1618,645,0
80,25,1194,1617,643,0
80,26,1189,1611,641,0
80,27,1193,1616,643,0
80,28,1193,1613,645,0
80,29,1189,1619,641,0
80,30,1193,1614,642,0
80,31,1189,1613,645,0
80,32,1193,1613,641,0
80,33,1189,1611,644,0
80,34,1193,1618,643,0
80,35,1193,1615,640,0
80,36,1188,1617,644,0
80,37,1193,1617,642,0
80,38,1189,1609,639,0
80,39,1194,1615,648,0
80,40,1189,1614,644,0
80,41,1188,1620,643,0
80,42,1193,1614,645,0
80,43,1189,1617,639,0
80,44,1193,1616,646,0
80,45,1189,1609,644,0
80,46,1193,1615,642,0
80,47,1190,1614,645,0
80,48,1189,1619,639,0
80,49,1181,1617,648,0
80,50,1189,1613,642,0
--- 80 mm Summary | Avg: L=1190 FL=1614 FR=648 R=0 ---

========================================
>>> Place micromouse at 90 mm <<<
Press button to start 5s sampling (Long press to exit)
========================================
--- Sampling 90 mm (5s @ 100ms) ---
Dist_mm,Sample,L,FL,FR,R
90,1,967,1453,496,0
90,2,964,1458,493,0
90,3,968,1460,492,0
90,4,965,1453,494,0
90,5,968,1459,497,0
90,6,965,1456,498,0
90,7,964,1459,494,0
90,8,967,1455,493,0
90,9,964,1456,491,0
90,10,969,1459,489,0
90,11,965,1454,494,0
90,12,968,1457,497,0
90,13,965,1457,494,0
90,14,965,1458,491,0
90,15,968,1454,489,0
90,16,965,1458,495,0
90,17,968,1456,494,0
90,18,965,1453,493,0
90,19,968,1459,489,0
90,20,968,1456,497,0
90,21,965,1458,494,0
90,22,963,1453,491,0
90,23,965,1456,493,0
90,24,968,1457,497,0
90,25,964,1454,494,0
90,26,964,1455,490,0
90,27,968,1456,498,0
90,28,964,1460,494,0
90,29,967,1457,488,0
90,30,965,1452,498,0
90,31,968,1457,494,0
90,32,965,1456,490,0
90,33,964,1460,498,0
90,34,967,1455,493,0
90,35,965,1458,491,0
90,36,968,1456,497,0
90,37,965,1454,494,0
90,38,968,1460,494,0
90,39,968,1455,495,0
90,40,964,1458,489,0
90,41,968,1456,497,0
90,42,965,1453,494,0
90,43,968,1457,493,0
90,44,964,1457,495,0
90,45,968,1459,485,0
90,46,968,1456,499,0
90,47,964,1459,494,0
90,48,968,1458,493,0
90,49,965,1451,495,0
90,50,968,1456,490,0
--- 90 mm Summary | Avg: L=966 FL=1456 FR=493 R=0 ---

>>> Place micromouse at 100 mm <<<
Press button to start 5s sampling (Long press to exit)
========================================
--- Sampling 100 mm (5s @ 100ms) ---
Dist_mm,Sample,L,FL,FR,R
100,1,792,1214,372,0
100,2,793,1217,372,0
100,3,790,1214,371,0
100,4,793,1217,367,0
100,5,790,1214,371,0
100,6,792,1216,373,0
100,7,793,1217,375,0
100,8,790,1217,373,0
100,9,793,1214,369,0
100,10,791,1215,371,0
100,11,794,1216,376,0
100,12,791,1214,372,0
100,13,791,1219,368,0
100,14,794,1215,372,0
100,15,791,1217,376,0
100,16,794,1216,371,0
100,17,791,1216,368,0
100,18,794,1217,376,0
100,19,791,1215,372,0
100,20,791,1216,367,0
100,21,794,1216,374,0
100,22,791,1216,372,0
100,23,794,1216,367,0
100,24,791,1213,376,0
100,25,794,1216,371,0
100,26,793,1216,370,0
100,27,791,1219,374,0
100,28,793,1215,371,0
100,29,791,1214,372,0
100,30,794,1214,372,0
100,31,791,1214,367,0
100,32,794,1219,376,0
100,33,794,1217,372,0
100,34,791,1218,372,0
100,35,794,1218,372,0
100,36,791,1213,367,0
100,37,794,1215,376,0
100,38,791,1214,371,0
100,39,791,1218,373,0
100,40,794,1217,372,0
100,41,790,1219,370,0
100,42,793,1217,372,0
100,43,790,1213,367,0
100,44,794,1218,375,0
100,45,791,1215,369,0
100,46,791,1216,376,0
100,47,794,1213,372,0
100,48,791,1215,372,0
100,49,794,1215,372,0
100,50,791,1215,372,0
--- 100 mm Summary | Avg: L=792 FL=1215 FR=371 R=0 ---

========================================
>>> Place micromouse at 110 mm <<<
Press button to start 5s sampling (Long press to exit)
========================================
--- Sampling 110 mm (5s @ 100ms) ---
Dist_mm,Sample,L,FL,FR,R
110,1,669,1130,57,0
110,2,672,1131,58,0
110,3,671,1127,59,0
110,4,670,1133,59,0
110,5,673,1131,62,0
110,6,671,1127,59,0
110,7,673,1131,57,0
110,8,670,1128,57,0
110,9,670,1130,62,0
110,10,673,1131,58,0
110,11,671,1131,55,0
110,12,674,1131,58,0
110,13,672,1126,61,0
110,14,674,1132,58,0
110,15,671,1129,58,0
110,16,671,1131,62,0
110,17,674,1128,59,0
110,18,672,1129,58,0
110,19,674,1131,61,0
110,20,672,1129,57,0
110,21,674,1131,58,0
110,22,673,1128,59,0
110,23,671,1130,54,0
110,24,674,1130,62,0
110,25,672,1131,59,0
110,26,674,1125,58,0
110,27,671,1129,60,0
110,28,673,1131,54,0
110,29,673,1128,62,0
110,30,671,1129,58,0
110,31,673,1131,58,0
110,32,671,1128,59,0
110,33,674,1132,55,0
110,34,671,1130,61,0
110,35,671,1132,54,0
110,36,673,1130,62,0
110,37,671,1131,58,0
110,38,674,1129,59,0
110,39,671,1126,58,0
110,40,673,1130,58,0
110,41,671,1129,58,0
110,42,671,1132,58,0
110,43,673,1131,59,0
110,44,671,1131,56,0
110,45,674,1131,59,0
110,46,671,1129,55,0
110,47,674,1131,59,0
110,48,673,1129,54,0
110,49,671,1132,60,0
110,50,674,1129,54,0

========================================
>>> Place micromouse at 120 mm <<<
Press button to start 5s sampling (Long press to exit)
========================================
--- Sampling 120 mm (5s @ 100ms) ---
Dist_mm,Sample,L,FL,FR,R
120,1,558,983,36,0
120,2,561,986,39,0
120,3,563,987,40,0
120,4,561,988,38,0
120,5,562,988,36,0
120,6,564,989,35,0
120,7,562,989,31,0
120,8,564,988,35,0
120,9,562,988,39,0
120,10,565,989,35,0
120,11,563,986,34,0
120,12,563,991,33,0
120,13,565,987,38,0
120,14,563,986,35,0
120,15,565,987,31,0
120,16,563,988,36,0
120,17,565,989,36,0
120,18,565,987,34,0
120,19,562,988,34,0
120,20,565,988,39,0
120,21,563,987,35,0
120,22,565,988,35,0
120,23,563,986,37,0
120,24,565,988,33,0
120,25,565,988,36,0
120,26,563,990,36,0
120,27,565,989,31,0
120,28,563,986,39,0
120,29,565,987,36,0
120,30,563,987,34,0
120,31,563,990,37,0
120,32,565,989,31,0
120,33,563,989,38,0
120,34,565,988,36,0
120,35,563,985,35,0
120,36,565,987,36,0
120,37,563,987,31,0
120,38,563,989,40,0
120,39,565,989,34,0
120,40,563,988,37,0
120,41,565,988,36,0
120,42,563,986,35,0
120,43,565,988,36,0
120,44,565,987,35,0
120,45,563,988,36,0
120,46,565,986,31,0
120,47,563,986,37,0
120,48,565,988,31,0
120,49,563,988,38,0
120,50,565,990,31,0
--- 120 mm Summary | Avg: L=563 FL=987 FR=35 R=0 ---

========================================
>>> Place micromouse at 130 mm <<<
Press button to start 5s sampling (Long press to exit)
========================================
--- Sampling 130 mm (5s @ 100ms) ---
Dist_mm,Sample,L,FL,FR,R
130,1,484,889,31,0
130,2,483,887,36,0
130,3,484,890,31,0
130,4,486,886,31,0
130,5,483,889,27,0
130,6,484,887,31,0
130,7,482,886,36,0
130,8,484,890,32,0
130,9,483,888,27,0
130,10,481,889,34,0
130,11,483,887,32,0
130,12,483,890,27,0
130,13,486,889,31,0
130,14,485,888,31,0
130,15,486,888,27,0
130,16,486,888,33,0
130,17,485,891,31,0
130,18,487,882,27,0
130,19,485,887,36,0
130,20,487,888,31,0
130,21,485,888,30,0
130,22,483,891,32,0
130,23,487,890,27,0
130,24,485,889,35,0
130,25,487,889,31,0
130,26,485,887,31,0
130,27,487,888,32,0
130,28,485,888,28,0
130,29,485,890,33,0
130,30,487,890,27,0
130,31,485,889,36,0
130,32,487,888,30,0
130,33,485,888,33,0
130,34,487,890,31,0
130,35,487,888,32,0
130,36,485,889,32,0
130,37,487,886,31,0
130,38,485,886,32,0
130,39,487,889,31,0
130,40,485,889,32,0
130,41,487,891,31,0
130,42,487,890,32,0
130,43,485,892,30,0
130,44,487,890,32,0
130,45,485,888,30,0
130,46,487,890,32,0
130,47,480,888,31,0
130,48,485,890,31,0
130,49,487,888,31,0
130,50,485,890,32,0
--- 130 mm Summary | Avg: L=485 FL=888 FR=31 R=0 ---

========================================
>>> Place micromouse at 140 mm <<<
Press button to start 5s sampling (Long press to exit)
========================================
--- Sampling 140 mm (5s @ 100ms) ---
Dist_mm,Sample,L,FL,FR,R
140,1,422,778,25,0
140,2,420,780,25,0
140,3,424,778,25,0
140,4,422,781,20,0
140,5,420,779,24,0
140,6,419,778,29,0
140,7,422,781,25,0
140,8,418,779,21,0
140,9,417,779,25,0
140,10,418,780,26,0
140,11,416,779,22,0
140,12,418,779,24,0
140,13,418,778,26,0
140,14,421,781,21,0
140,15,422,781,26,0
140,16,420,780,25,0
140,17,422,779,20,0
140,18,420,777,29,0
140,19,422,780,25,0
140,20,420,780,24,0
140,21,419,782,25,0
140,22,419,781,20,0
140,23,418,782,29,0
140,24,419,779,24,0
140,25,418,778,25,0
140,26,420,781,25,0
140,27,418,781,24,0
140,28,418,783,25,0
140,29,420,781,20,0
140,30,418,782,28,0
140,31,419,781,21,0
140,32,419,779,28,0
140,33,420,781,22,0
140,34,420,779,29,0
140,35,418,780,23,0
140,36,419,779,27,0
140,37,418,780,25,0
140,38,419,781,27,0
140,39,418,780,25,0
140,40,420,783,27,0
140,41,419,782,24,0
140,42,417,783,27,0
140,43,420,782,24,0
140,44,418,780,29,0
140,45,420,781,22,0
140,46,418,780,29,0
140,47,418,781,21,0
140,48,419,780,27,0
140,49,418,781,20,0
140,50,420,781,26,0
--- 140 mm Summary | Avg: L=419 FL=780 FR=24 R=0 ---

>>> Place micromouse at 150 mm <<<
Press button to start 5s sampling (Long press to exit)
========================================
--- Sampling 150 mm (5s @ 100ms) ---
Dist_mm,Sample,L,FL,FR,R
150,1,346,709,24,0
150,2,345,708,26,0
150,3,346,711,25,0
150,4,345,709,22,0
150,5,346,709,23,0
150,6,344,705,29,0
150,7,340,711,25,0
150,8,340,709,21,0
150,9,337,708,25,0
150,10,335,712,24,0
150,11,338,709,20,0
150,12,338,711,26,0
150,13,339,708,24,0
150,14,338,711,19,0
150,15,340,713,28,0
150,16,338,709,24,0
150,17,341,711,24,0
150,18,339,710,25,0
150,19,338,710,20,0
150,20,340,709,29,0
150,21,338,710,23,0
150,22,339,712,26,0
150,23,338,710,24,0
150,24,339,711,24,0
150,25,340,710,24,0
150,26,339,711,23,0
150,27,340,709,25,0
150,28,338,708,20,0
150,29,339,709,26,0
150,30,338,710,20,0
150,31,339,712,28,0
150,32,339,710,20,0
150,33,338,712,29,0
150,34,340,713,20,0
150,35,338,710,29,0
150,36,339,711,20,0
150,37,338,710,28,0
150,38,338,711,20,0
150,39,339,704,26,0
150,40,338,711,20,0
150,41,339,711,25,0
150,42,339,709,23,0
150,43,340,711,25,0
150,44,338,710,24,0
150,45,338,710,25,0
150,46,339,710,25,0
150,47,338,710,24,0
150,48,339,710,29,0
150,49,338,710,20,0
150,50,339,711,26,0
--- 150 mm Summary | Avg: L=339 FL=709 FR=24 R=0 ---

>>> Place micromouse at 160 mm <<<
Press button to start 5s sampling (Long press to exit)
========================================
--- Sampling 160 mm (5s @ 100ms) ---
Dist_mm,Sample,L,FL,FR,R
160,1,275,643,75,0
160,2,276,644,39,0
160,3,275,642,20,0
160,4,275,642,18,0
160,5,275,644,23,0
160,6,276,644,21,0
160,7,277,642,19,0
160,8,276,644,17,0
160,9,277,643,23,0
160,10,276,642,19,0
160,11,276,642,15,0
160,12,276,643,24,0
160,13,275,644,20,0
160,14,277,643,16,0
160,15,276,641,24,0
160,16,277,642,19,0
160,17,275,643,19,0
160,18,276,645,20,0
160,19,276,643,15,0
160,20,275,644,24,0
160,21,276,643,19,0
160,22,275,640,19,0
160,23,276,643,20,0
160,24,275,643,17,0
160,25,275,646,21,0
160,26,275,644,16,0
160,27,277,644,24,0
160,28,279,644,17,0
160,29,277,642,23,0
160,30,279,643,19,0
160,31,278,642,21,0
160,32,277,643,20,0
160,33,278,642,19,0
160,34,277,643,20,0
160,35,278,644,20,0
160,36,277,644,20,0
160,37,278,646,20,0
160,38,278,645,19,0
160,39,277,646,20,0
160,40,278,645,19,0
160,41,276,642,21,0
160,42,277,644,19,0
160,43,276,643,23,0
160,44,276,644,16,0
160,45,277,643,24,0
160,46,276,644,15,0
160,47,278,644,21,0
160,48,277,642,17,0
160,49,278,644,19,0
160,50,277,643,19,0
--- 160 mm Summary | Avg: L=276 FL=643 FR=21 R=0 ---

========================================
>>> Place micromouse at 170 mm <<<
Press button to start 5s sampling (Long press to exit)
========================================
--- Sampling 170 mm (5s @ 100ms) ---
Dist_mm,Sample,L,FL,FR,R
170,1,199,583,16,0
170,2,199,585,17,0
170,3,200,584,16,0
170,4,197,583,12,0
170,5,199,582,16,0
170,6,199,583,19,0
170,7,199,583,16,0
170,8,202,585,12,0
170,9,199,584,20,0
170,10,201,584,16,0
170,11,199,581,14,0
170,12,199,585,19,0
170,13,199,585,14,0
170,14,198,585,16,0
170,15,199,584,16,0
170,16,198,583,11,0
170,17,199,582,20,0
170,18,199,583,14,0
170,19,199,586,17,0
170,20,199,585,16,0
170,21,198,585,14,0
170,22,199,585,16,0
170,23,198,582,12,0
170,24,199,584,18,0
170,25,197,582,12,0
170,26,198,584,19,0
170,27,199,583,12,0
170,28,197,585,20,0
170,29,198,585,13,0
170,30,197,584,19,0
170,31,198,587,12,0
170,32,197,585,19,0
170,33,197,585,12,0
170,34,198,584,19,0
170,35,198,584,12,0
170,36,199,584,19,0
170,37,198,583,12,0
170,38,199,582,17,0
170,39,199,584,13,0
170,40,197,584,17,0
170,41,199,584,15,0
170,42,198,583,16,0
170,43,199,584,16,0
170,44,198,583,16,0
170,45,198,584,20,0
170,46,197,584,12,0
170,47,196,584,18,0
170,48,196,584,12,0
170,49,194,583,16,0
170,50,196,585,16,0
--- 170 mm Summary | Avg: L=198 FL=583 FR=15 R=0 ---

========================================
>>> Place micromouse at 180 mm <<<
Press button to start 5s sampling (Long press to exit)
========================================
--- Sampling 180 mm (5s @ 100ms) ---
Dist_mm,Sample,L,FL,FR,R
180,1,119,523,38,0
180,2,123,523,37,0
180,3,134,524,34,0
180,4,114,524,39,0
180,5,115,523,46,0
180,6,114,526,42,0
180,7,115,525,37,0
180,8,114,521,36,0
180,9,114,524,38,0
180,10,114,525,31,0
180,11,114,524,26,0
180,12,114,522,29,0
180,13,114,523,24,0
180,14,114,525,20,0
180,15,113,523,23,0
180,16,114,524,17,0
180,17,115,521,17,0
180,18,114,523,17,0
180,19,115,524,11,0
180,20,114,524,19,0
180,21,115,523,15,0
180,22,114,523,15,0
180,23,115,523,15,0
180,24,114,521,11,0
180,25,113,524,19,0
180,26,115,525,11,0
180,27,114,524,19,0
180,28,114,524,14,0
180,29,114,523,16,0
180,30,114,524,14,0
180,31,115,523,14,0
180,32,114,523,14,0
180,33,115,522,14,0
180,34,114,521,14,0
180,35,114,524,14,0
180,36,114,523,15,0
180,37,114,525,14,0
180,38,114,524,14,0
180,39,115,525,13,0
180,40,114,525,14,0
180,41,114,524,14,0
180,42,114,524,14,0
180,43,114,524,14,0
180,44,114,524,14,0
180,45,114,523,16,0
180,46,114,523,14,0
180,47,114,524,19,0
180,48,114,523,10,0
180,49,114,524,17,0
180,50,115,523,11,0
--- 180 mm Summary | Avg: L=114 FL=523 FR=20 R=0 ---

========================================
>>> Place micromouse at 190 mm <<<
Press button to start 5s sampling (Long press to exit)
========================================
--- Sampling 190 mm (5s @ 100ms) ---
Dist_mm,Sample,L,FL,FR,R
190,1,65,474,44,0
190,2,66,472,34,0
190,3,70,475,34,0
190,4,72,474,37,0
190,5,66,474,36,0
190,6,59,476,35,0
190,7,59,474,34,0
190,8,59,473,39,0
190,9,59,475,35,0
190,10,59,473,29,0
190,11,59,474,37,0
190,12,58,472,34,0
190,13,59,474,31,0
190,14,59,475,38,0
190,15,59,473,34,0
190,16,59,473,34,0
190,17,59,472,34,0
190,18,59,473,28,0
190,19,59,473,37,0
190,20,59,475,32,0
190,21,59,474,33,0
190,22,59,472,33,0
190,23,59,471,32,0
190,24,59,472,33,0
190,25,59,472,29,0
190,26,59,472,36,0
190,27,59,474,29,0
190,28,59,475,37,0
190,29,58,473,30,0
190,30,59,475,37,0
190,31,59,474,31,0
190,32,59,474,37,0
190,33,59,473,32,0
190,34,59,474,36,0
190,35,59,473,32,0
190,36,59,472,36,0
190,37,59,473,31,0
190,38,59,472,37,0
190,39,59,473,29,0
190,40,59,471,37,0
190,41,59,471,29,0
190,42,59,472,35,0
190,43,59,472,30,0
190,44,59,473,33,0
190,45,59,472,32,0
190,46,59,473,33,0
190,47,59,472,34,0
190,48,59,472,32,0
190,49,59,473,37,0
190,50,59,472,29,0
--- 190 mm Summary | Avg: L=59 FL=473 FR=33 R=0 ---

========================================
>>> Place micromouse at 200 mm <<<
Press button to start 5s sampling (Long press to exit)
========================================
--- Sampling 200 mm (5s @ 100ms) ---
Dist_mm,Sample,L,FL,FR,R
200,1,32,424,39,0
200,2,33,423,34,0
200,3,36,423,35,0
200,4,58,424,38,0
200,5,21,423,34,0
200,6,21,422,28,0
200,7,21,424,35,0
200,8,21,422,34,0
200,9,21,423,28,0
200,10,21,421,37,0
200,11,21,422,33,0
200,12,21,423,32,0
200,13,21,423,34,0
200,14,21,422,28,0
200,15,21,422,37,0
200,16,21,422,33,0
200,17,21,421,34,0
200,18,21,422,33,0
200,19,21,422,32,0
200,20,21,423,33,0
200,21,21,424,30,0
200,22,21,423,34,0
200,23,21,423,29,0
200,24,21,422,34,0
200,25,21,423,29,0
200,26,21,422,36,0
200,27,21,421,29,0
200,28,21,422,35,0
200,29,21,421,29,0
200,30,21,421,35,0
200,31,21,420,29,0
200,32,21,421,34,0
200,33,21,421,31,0
200,34,21,421,34,0
200,35,21,422,34,0
200,36,21,422,33,0
200,37,21,422,36,0
200,38,21,422,32,0
200,39,21,422,38,0
200,40,21,422,29,0
200,41,21,422,35,0
200,42,21,422,31,0
200,43,21,421,34,0
200,44,21,422,34,0
200,45,21,421,33,0
200,46,21,421,38,0
200,47,21,421,29,0
200,48,21,420,34,0
200,49,21,421,33,0
200,50,21,421,33,0
--- 200 mm Summary | Avg: L=22 FL=422 FR=33 R=0 ---

========================================
>>> Place micromouse at 210 mm <<<
Press button to start 5s sampling (Long press to exit)
========================================
--- Sampling 210 mm (5s @ 100ms) ---
Dist_mm,Sample,L,FL,FR,R
210,1,27,377,40,0
210,2,28,374,31,0
210,3,32,374,33,0
210,4,38,374,36,0
210,5,17,372,32,0
210,6,15,373,27,0
210,7,14,374,35,0
210,8,14,372,31,0
210,9,14,373,28,0
210,10,15,371,34,0
210,11,14,373,30,0
210,12,15,374,30,0
210,13,14,371,31,0
210,14,14,373,27,0
210,15,14,372,35,0
210,16,15,371,29,0
210,17,15,371,33,0
210,18,15,373,31,0
210,19,14,374,31,0
210,20,14,374,32,0
210,21,14,373,30,0
210,22,14,373,32,0
210,23,14,373,29,0
210,24,14,371,32,0
210,25,14,372,27,0
210,26,14,372,32,0
210,27,14,371,28,0
210,28,14,372,32,0
210,29,14,371,29,0
210,30,14,371,32,0
210,31,14,373,29,0
210,32,15,372,31,0
210,33,14,373,31,0
210,34,14,372,31,0
210,35,14,373,32,0
210,36,14,373,30,0
210,37,14,373,34,0
210,38,14,373,27,0
210,39,14,372,34,0
210,40,14,373,27,0
210,41,14,373,31,0
210,42,14,372,31,0
210,43,14,372,31,0
210,44,14,372,34,0
210,45,14,372,27,0
210,46,14,371,32,0
210,47,14,371,30,0
210,48,14,370,31,0
210,49,14,371,34,0
210,50,14,371,27,0
--- 210 mm Summary | Avg: L=15 FL=372 FR=31 R=0 ---

>>> Place micromouse at 220 mm <<<
Press button to start 5s sampling (Long press to exit)
========================================
--- Sampling 220 mm (5s @ 100ms) ---
Dist_mm,Sample,L,FL,FR,R
220,1,23,321,30,0
220,2,22,322,27,0
220,3,26,320,31,0
220,4,25,319,29,0
220,5,10,321,25,0
220,6,10,319,31,0
220,7,9,319,30,0
220,8,9,318,24,0
220,9,9,320,32,0
220,10,9,320,28,0
220,11,9,319,27,0
220,12,9,320,28,0
220,13,9,318,24,0
220,14,9,318,31,0
220,15,9,319,26,0
220,16,9,320,32,0
220,17,10,321,27,0
220,18,9,321,32,0
220,19,9,320,28,0
220,20,9,319,32,0
220,21,9,320,29,0
220,22,9,320,31,0
220,23,9,319,28,0
220,24,9,319,32,0
220,25,9,319,28,0
220,26,9,319,33,0
220,27,9,318,26,0
220,28,9,318,33,0
220,29,9,318,24,0
220,30,9,317,31,0
220,31,9,318,26,0
220,32,9,318,29,0
220,33,9,318,28,0
220,34,9,318,28,0
220,35,9,318,30,0
220,36,9,318,26,0
220,37,9,318,33,0
220,38,10,318,24,0
220,39,9,318,29,0
220,40,9,318,29,0
220,41,9,318,28,0
220,42,9,317,33,0
220,43,9,319,24,0
220,44,9,319,30,0
220,45,9,320,29,0
220,46,9,319,28,0
220,47,9,320,33,0
220,48,9,319,25,0
220,49,9,319,29,0
220,50,9,320,31,0
--- 220 mm Summary | Avg: L=10 FL=319 FR=28 R=0 ---

>>> Place micromouse at 230 mm <<<
Press button to start 5s sampling (Long press to exit)
========================================
--- Sampling 230 mm (5s @ 100ms) ---
Dist_mm,Sample,L,FL,FR,R
230,1,23,282,34,0
230,2,22,281,31,0
230,3,22,281,25,0
230,4,25,279,30,0
230,5,32,278,29,0
230,6,32,280,25,0
230,7,7,279,33,0
230,8,7,280,30,0
230,9,7,279,28,0
230,10,7,277,30,0
230,11,7,279,25,0
230,12,7,279,33,0
230,13,7,281,26,0
230,14,7,280,34,0
230,15,7,280,29,0
230,16,7,280,31,0
230,17,7,279,30,0
230,18,7,279,31,0
230,19,7,278,30,0
230,20,7,278,32,0
230,21,7,278,30,0
230,22,7,279,32,0
230,23,7,280,29,0
230,24,7,279,34,0
230,25,7,280,26,0
230,26,7,280,34,0
230,27,7,281,26,0
230,28,6,281,31,0
230,29,7,281,29,0
230,30,7,281,30,0
230,31,7,281,30,0
230,32,7,280,29,0
230,33,7,281,34,0
230,34,7,281,26,0
230,35,7,280,31,0
230,36,7,280,28,0
230,37,7,280,30,0
230,38,7,279,33,0
230,39,7,280,26,0
230,40,7,279,31,0
230,41,7,279,28,0
230,42,7,279,30,0
230,43,7,278,34,0
230,44,7,278,25,0
230,45,7,277,31,0
230,46,7,278,30,0
230,47,7,278,28,0
230,48,7,280,33,0
230,49,7,280,29,0
230,50,7,280,30,0
--- 230 mm Summary | Avg: L=9 FL=279 FR=29 R=0 ---

>>> Place micromouse at 240 mm <<<
Press button to start 5s sampling (Long press to exit)
========================================
--- Sampling 240 mm (5s @ 100ms) ---
Dist_mm,Sample,L,FL,FR,R
240,1,20,245,33,0
240,2,19,244,29,0
240,3,21,247,27,0
240,4,44,246,24,0
240,5,13,246,29,0
240,6,6,246,30,0
240,7,5,244,28,0
240,8,5,244,24,0
240,9,5,244,30,0
240,10,5,243,26,0
240,11,5,242,21,0
240,12,5,243,30,0
240,13,5,245,25,0
240,14,5,243,23,0
240,15,5,243,29,0
240,16,5,241,24,0
240,17,5,243,26,0
240,18,5,245,25,0
240,19,5,244,22,0
240,20,5,243,28,0
240,21,5,243,22,0
240,22,5,241,28,0
240,23,5,242,25,0
240,24,5,243,26,0
240,25,5,245,25,0
240,26,5,245,24,0
240,27,5,245,25,0
240,28,5,241,23,0
240,29,5,243,25,0
240,30,5,244,22,0
240,31,5,243,26,0
240,32,5,243,22,0
240,33,5,242,27,0
240,34,6,242,21,0
240,35,5,243,26,0
240,36,6,243,22,0
240,37,5,244,25,0
240,38,5,243,24,0
240,39,5,244,25,0
240,40,5,244,24,0
240,41,6,245,25,0
240,42,6,245,26,0
240,43,5,245,24,0
240,44,5,245,29,0
240,45,5,244,21,0
240,46,5,245,28,0
240,47,6,244,21,0
240,48,5,244,25,0
240,49,5,245,24,0
240,50,5,245,25,0
--- 240 mm Summary | Avg: L=6 FL=243 FR=25 R=0 ---

========================================
>>> Place micromouse at 250 mm <<<
Press button to start 5s sampling (Long press to exit)
========================================
--- Sampling 250 mm (5s @ 100ms) ---
Dist_mm,Sample,L,FL,FR,R
250,1,18,210,27,0
250,2,19,212,25,0
250,3,26,213,28,0
250,4,29,212,24,0
250,5,5,214,20,0
250,6,5,213,25,0
250,7,5,212,24,0
250,8,5,210,18,0
250,9,4,210,26,0
250,10,5,212,23,0
250,11,4,212,21,0
250,12,5,211,24,0
250,13,4,211,19,0
250,14,4,209,26,0
250,15,4,210,22,0
250,16,4,210,23,0
250,17,4,211,23,0
250,18,5,212,23,0
250,19,4,213,24,0
250,20,4,212,21,0
250,21,5,211,23,0
250,22,5,211,21,0
250,23,5,211,23,0
250,24,5,211,22,0
250,25,5,211,24,0
250,26,5,210,22,0
250,27,5,210,24,0
250,28,4,210,23,0
250,29,5,210,24,0
250,30,5,210,24,0
250,31,4,210,24,0
250,32,5,210,26,0
250,33,5,210,23,0
250,34,4,210,29,0
250,35,5,210,20,0
250,36,4,211,26,0
250,37,5,211,23,0
250,38,5,211,24,0
250,39,5,211,25,0
250,40,5,211,24,0
250,41,5,211,29,0
250,42,4,210,21,0
250,43,5,212,25,0
250,44,5,212,25,0
250,45,5,212,25,0
250,46,5,213,29,0
250,47,4,211,21,0
250,48,5,213,25,0
250,49,4,212,26,0
250,50,4,213,22,0
--- 250 mm Summary | Avg: L=6 FL=211 FR=23 R=0 ---

*** IR SENSOR CALIBRATION COMPLETE (10-250mm) ***
========================================
state:PreCalib

FATAL: read zero bytes from port
term_exitfunc: reset failed for dev UNKNOWN: Input/output error
marco@marco-tbn03374:~$ 
