--- Sampling 10 mm (5s @ 100ms) ---
10,1,3296,65,2553,3209
10,2,3295,71,2552,3209
10,3,3295,74,2551,3209
10,4,3294,76,2551,3209
10,5,3293,81,2556,3208
10,6,3292,88,2552,3208
10,7,3293,89,2557,3209
10,8,3293,91,2550,3208
10,9,3293,92,2554,3208
10,10,3293,93,2557,3208
10,11,3294,94,2554,3209
10,12,3295,94,2550,3209
10,13,3295,94,2552,3209
10,14,3295,95,2554,3209
10,15,3294,95,2556,3209
10,16,3292,95,2555,3209
10,17,3294,96,2556,3209
10,18,3295,97,2553,3209
10,19,3294,97,2555,3209
10,20,3295,98,2562,3209
10,21,3295,98,2561,3209
10,22,3295,98,2556,3209
10,23,3294,98,2556,3209
10,24,3294,98,2562,3209
10,25,3294,98,2557,3209
10,26,3294,98,2555,3209
10,27,3295,99,2559,3209
10,28,3295,98,2552,3209
10,29,3294,99,2560,3209
10,30,3294,99,2554,3209
10,31,3295,99,2559,3209
10,32,3294,99,2550,3209
10,33,3295,99,2556,3208
10,34,3295,99,2549,3208
10,35,3295,100,2551,3209
10,36,3295,100,2554,3208
10,37,3295,100,2547,3208
10,38,3295,101,2546,3208
10,39,3295,101,2554,3208
10,40,3296,101,2554,3208
10,41,3295,102,2549,3208
10,42,3296,102,2546,3208
10,43,3296,102,2551,3208
10,44,3295,102,2556,3208
10,45,3296,102,2556,3208
10,46,3296,102,2553,3208
10,47,3296,102,2553,3208
10,48,3296,102,2549,3207
10,49,3295,102,2546,3207
10,50,3296,102,2546,3207
--- 10 mm Summary | Avg: L=3294 FL=95 FR=2553 R=3208 ---
>>> Place micromouse at 20 mm <<<
--- Sampling 20 mm (5s @ 100ms) ---
20,1,3138,927,3018,3032
20,2,3121,915,2970,3006
20,3,3120,899,2970,3006
20,4,3120,888,2970,3006
20,5,3120,888,2970,3006
20,6,3121,888,2970,3006
20,7,3120,888,2969,3006
20,8,3121,888,2970,3006
20,9,3121,888,2970,3006
20,10,3121,888,2970,3006
20,11,3120,888,2970,3006
20,12,3121,888,2971,3006
20,13,3120,888,2970,3006
20,14,3120,888,2970,3006
20,15,3121,888,2970,3006
20,16,3120,888,2969,3006
20,17,3120,890,2970,3006
20,18,3120,890,2970,3006
20,19,3120,889,2970,3006
20,20,3120,888,2969,3006
20,21,3120,888,2969,3005
20,22,3120,888,2969,3005
20,23,3120,888,2969,3005
20,24,3120,888,2969,3005
20,25,3119,888,2968,3005
20,26,3119,888,2969,3005
20,27,3120,888,2970,3005
20,28,3120,888,2970,3006
20,29,3119,888,2969,3005
20,30,3119,888,2969,3005
20,31,3119,888,2969,3005
20,32,3120,888,2970,3006
20,33,3119,888,2970,3005
20,34,3120,888,2969,3005
20,35,3119,888,2970,3005
20,36,3119,888,2968,3005
20,37,3119,888,2970,3006
20,38,3120,888,2969,3005
20,39,3120,888,2970,3006
20,40,3119,889,2969,3005
20,41,3120,890,2970,3005
20,42,3119,891,2968,3005
20,43,3120,892,2970,3006
20,44,3120,894,2970,3006
20,45,3120,895,2969,3005
20,46,3119,895,2970,3006
20,47,3119,894,2969,3005
20,48,3119,892,2968,3005
20,49,3120,891,2970,3005
20,50,3120,890,2970,3006
--- 20 mm Summary | Avg: L=3120 FL=890 FR=2970 R=3006 ---

>>> Place micromouse at 30 mm <<<
Press button to start 5s sampling (Long press to exit)
--- Sampling 30 mm (5s @ 100ms) ---
30,1,3094,868,3128,3068
30,2,3080,868,3096,3045
30,3,3080,868,3096,3046
30,4,3080,867,3096,3046
30,5,3080,867,3096,3045
30,6,3080,868,3096,3046
30,7,3080,869,3096,3045
30,8,3080,870,3096,3045
30,9,3080,872,3097,3046
30,10,3080,872,3097,3046
30,11,3080,871,3097,3046
30,12,3080,872,3097,3046
30,13,3080,871,3096,3046
30,14,3080,871,3096,3045
30,15,3080,871,3096,3045
30,16,3080,872,3097,3046
30,17,3080,872,3097,3046
30,18,3080,874,3096,3045
30,19,3080,865,3096,3045
30,20,3079,871,3096,3045
30,21,3079,872,3096,3045
30,22,3079,882,3096,3045
30,23,3079,867,3096,3045
30,24,3079,863,3096,3045
30,25,3079,861,3096,3045
30,26,3079,857,3096,3045
30,27,3080,856,3096,3045
30,28,3080,857,3096,3045
30,29,3080,862,3096,3045
30,30,3080,868,3096,3045
30,31,3080,874,3096,3045
30,32,3080,879,3096,3045
30,33,3080,881,3096,3045
30,34,3080,881,3096,3045
30,35,3080,881,3096,3045
30,36,3080,878,3096,3045
30,37,3080,874,3096,3045
30,38,3080,875,3096,3045
30,39,3081,872,3096,3045
30,40,3080,868,3096,3045
30,41,3080,869,3095,3045
30,42,3080,870,3095,3045
30,43,3080,869,3095,3045
30,44,3080,869,3096,3045
30,45,3080,868,3096,3045
30,46,3080,867,3096,3045
30,47,3080,865,3095,3045
30,48,3080,864,3095,3044
30,49,3080,862,3096,3045
30,50,3080,859,3096,3045
--- 30 mm Summary | Avg: L=3080 FL=869 FR=3096 R=3045 ---

========================================
========================================
--- Sampling 40 mm (5s @ 100ms) ---
40,1,2333,1849,3180,3074
40,2,2334,1857,3180,3074
40,3,2332,1856,3179,3074
40,4,2331,1835,3179,3074
40,5,2332,1793,3179,3074
40,6,2332,1773,3179,3074
40,7,2331,1772,3179,3074
40,8,2331,1772,3179,3073
40,9,2332,1773,3179,3073
40,10,2332,1773,3179,3073
40,11,2333,1773,3179,3073
40,12,2334,1773,3179,3074
40,13,2334,1773,3179,3074
40,14,2333,1773,3179,3074
40,15,2333,1773,3179,3073
40,16,2333,1773,3179,3073
40,17,2333,1773,3179,3073
40,18,2333,1773,3179,3073
40,19,2333,1773,3179,3073
40,20,2333,1773,3179,3073
40,21,2333,1773,3179,3073
40,22,2333,1773,3179,3073
40,23,2333,1773,3179,3073
40,24,2333,1773,3179,3073
40,25,2333,1773,3179,3073
40,26,2333,1773,3179,3073
40,27,2334,1773,3179,3073
40,28,2333,1773,3179,3073
40,29,2333,1773,3179,3073
40,30,2333,1773,3179,3073
40,31,2333,1773,3179,3073
40,32,2333,1773,3179,3073
40,33,2333,1773,3179,3073
40,34,2333,1773,3179,3073
40,35,2333,1773,3179,3073
40,36,2333,1773,3179,3073
40,37,2333,1773,3179,3073
40,38,2333,1773,3179,3073
40,39,2334,1773,3179,3073
40,40,2333,1773,3179,3073
40,41,2333,1773,3179,3073
40,42,2334,1774,3179,3073
40,43,2334,1773,3179,3073
40,44,2334,1773,3179,3073
40,45,2333,1774,3179,3073
40,46,2332,1773,3178,3073
40,47,2332,1773,3179,3073
40,48,2331,1773,3179,3073
40,49,2331,1773,3179,3073
40,50,2331,1773,3179,3073
--- 40 mm Summary | Avg: L=2332 FL=1779 FR=3179 R=3073 ---

========================================
Press button to start 5s sampling (Long press to exit)
--- Sampling 50 mm (5s @ 100ms) ---
50,1,135,178,3159,3037
50,2,134,182,3144,3033
50,3,134,183,3144,3033
50,4,134,178,3144,3033
50,5,133,142,3144,3033
50,6,133,99,3144,3033
50,7,133,98,3144,3033
50,8,133,98,3144,3033
50,9,133,98,3144,3033
50,10,133,98,3144,3033
50,11,133,98,3144,3033
50,12,133,98,3144,3032
50,13,133,98,3144,3032
50,14,133,98,3144,3033
50,15,133,98,3144,3032
50,16,133,98,3144,3032
50,17,133,98,3144,3033
50,18,133,98,3144,3032
50,19,133,98,3144,3032
50,20,133,98,3144,3032
50,21,133,98,3144,3032
50,22,133,98,3144,3032
50,23,133,98,3144,3032
50,24,133,98,3144,3032
50,25,133,98,3144,3032
50,26,133,98,3144,3032
50,27,133,98,3144,3032
50,28,133,98,3144,3032
50,29,133,98,3144,3032
50,30,133,98,3143,3032
50,31,133,98,3143,3032
50,32,133,98,3143,3032
50,33,133,98,3143,3032
50,34,133,98,3143,3032
50,35,133,98,3144,3032
50,36,133,98,3143,3032
50,37,133,97,3143,3032
50,38,133,98,3143,3032
50,39,133,98,3143,3032
50,40,133,97,3143,3032
50,41,133,98,3143,3032
50,42,133,98,3143,3032
50,43,133,98,3143,3032
50,44,133,97,3143,3032
50,45,133,98,3143,3032
50,46,133,97,3143,3032
50,47,132,98,3143,3032
50,48,131,97,3143,3032
50,49,132,98,3143,3032
50,50,137,98,3143,3032
--- 50 mm Summary | Avg: L=133 FL=105 FR=3143 R=3032 ---

========================================
Press button to start 5s sampling (Long press to exit)
--- Sampling 60 mm (5s @ 100ms) ---
60,1,99,115,3045,2864
60,2,91,124,3036,2862
60,3,83,138,3036,2862
60,4,83,138,3036,2862
60,5,82,126,3035,2862
60,6,81,80,3036,2862
60,7,81,52,3036,2862
60,8,84,51,3036,2862
60,9,86,51,3035,2862
60,10,85,51,3035,2862
60,11,84,51,3035,2862
60,12,84,51,3035,2862
60,13,83,51,3036,2862
60,14,83,51,3036,2862
60,15,84,51,3035,2862
60,16,83,51,3035,2862
60,17,83,51,3036,2862
60,18,84,51,3035,2862
60,19,83,51,3035,2862
60,20,80,51,3035,2862
60,21,82,51,3035,2862
60,22,82,51,3035,2862
60,23,82,51,3035,2862
60,24,82,51,3035,2862
60,25,82,51,3035,2862
60,26,82,51,3035,2862
60,27,82,51,3035,2862
60,28,82,51,3035,2862
60,29,82,51,3036,2862
60,30,82,51,3035,2862
60,31,82,51,3035,2862
60,32,82,51,3035,2862
60,33,82,51,3035,2862
60,34,82,51,3035,2862
60,35,82,51,3036,2862
60,36,82,51,3035,2862
60,37,82,51,3035,2862
60,38,82,51,3035,2862
60,39,82,51,3035,2862
60,40,82,51,3035,2862
60,41,82,51,3035,2862
60,42,82,51,3035,2862
60,43,82,51,3035,2862
60,44,82,51,3035,2862
60,45,82,51,3035,2862
60,46,82,51,3035,2862
60,47,82,51,3035,2862
60,48,82,51,3035,2862
60,49,82,51,3035,2862
60,50,82,51,3035,2862
--- 60 mm Summary | Avg: L=82 FL=59 FR=3035 R=2862 ---

========================================
Press button to start 5s sampling (Long press to exit)
--- Sampling 70 mm (5s @ 100ms) ---
70,2,78,104,2851,2045
70,3,77,100,2851,2045
70,4,77,74,2851,2045
70,5,76,20,2851,2045
70,6,76,15,2851,2045
70,7,76,14,2851,2045
70,8,76,14,2851,2045
70,9,76,14,2851,2045
70,10,76,14,2851,2045
70,11,76,14,2851,2045
70,12,76,14,2851,2045
70,13,76,14,2851,2045
70,14,76,14,2850,2045
70,15,76,14,2851,2045
70,16,76,14,2851,2045
70,17,76,14,2850,2045
70,18,76,14,2851,2045
70,19,76,14,2851,2045
70,20,76,14,2850,2045
70,21,76,14,2851,2046
70,22,76,14,2851,2045
70,23,76,14,2851,2045
70,24,76,14,2851,2046
70,25,76,14,2851,2046
70,26,76,14,2851,2045
70,27,76,14,2851,2046
70,28,76,14,2851,2045
70,29,76,14,2851,2045
70,30,76,14,2851,2046
70,31,76,14,2851,2046
70,32,76,14,2851,2045
70,33,76,14,2851,2046
70,34,76,14,2851,2046
70,35,76,14,2851,2046
70,36,76,14,2851,2046
70,37,76,14,2851,2046
70,38,76,14,2851,2046
70,39,76,14,2851,2046
70,40,76,14,2851,2046
70,41,76,14,2851,2046
70,42,76,14,2851,2046
70,43,76,14,2851,2046
70,44,76,14,2851,2046
70,45,76,14,2851,2047
70,46,76,14,2851,2046
70,47,76,14,2851,2046
70,48,76,14,2851,2046
70,49,76,14,2851,2046
70,50,76,14,2851,2046
--- 70 mm Summary | Avg: L=76 FL=20 FR=2851 R=2045 ---

>>> Place micromouse at 80 mm <<<
Press button to start 5s sampling (Long press to exit)
--- Sampling 80 mm (5s @ 100ms) ---
80,1,84,114,2633,1617
80,2,84,116,2626,1614
80,3,83,118,2626,1614
80,4,79,124,2627,1615
80,5,78,121,2625,1614
80,6,77,107,2625,1614
80,7,76,45,2627,1614
80,8,76,26,2626,1614
80,9,76,25,2625,1614
80,10,76,25,2626,1615
80,11,76,25,2625,1614
80,12,76,25,2626,1614
80,13,76,25,2626,1614
80,14,76,25,2626,1614
80,15,76,25,2626,1615
80,16,76,25,2626,1614
80,17,76,25,2626,1614
80,18,76,25,2626,1614
80,19,76,25,2626,1614
80,20,76,25,2626,1614
80,21,77,25,2626,1614
80,22,76,25,2626,1614
80,23,76,25,2626,1614
80,24,76,25,2626,1614
80,25,76,25,2626,1614
80,26,77,25,2626,1614
80,27,76,25,2626,1614
80,28,76,25,2626,1614
80,29,76,25,2626,1614
80,30,76,25,2626,1614
80,31,76,25,2626,1614
80,32,76,25,2625,1614
80,33,77,25,2626,1615
80,34,76,25,2626,1615
80,35,76,25,2626,1615
80,36,76,25,2626,1615
80,37,76,25,2626,1615
80,38,76,25,2626,1614
80,39,76,25,2626,1614
80,40,76,25,2626,1615
80,41,77,25,2626,1614
80,42,76,25,2626,1614
80,43,76,25,2626,1615
80,44,77,25,2626,1614
80,45,77,25,2626,1614
80,46,77,25,2626,1615
80,47,76,25,2626,1615
80,48,76,25,2626,1614
80,49,79,25,2626,1615
80,50,81,25,2626,1615
--- 80 mm Summary | Avg: L=76 FL=36 FR=2626 R=1614 ---

========================================
Press button to start 5s sampling (Long press to exit)
--- Sampling 90 mm (5s @ 100ms) ---
90,1,90,84,2210,1382
90,2,88,83,2210,1382
90,3,86,79,2211,1382
90,4,85,75,2211,1382
90,5,85,73,2211,1382
90,6,84,72,2211,1382
90,7,84,71,2211,1382
90,8,83,71,2210,1382
90,9,83,70,2210,1382
90,10,83,70,2211,1382
90,11,83,70,2210,1382
90,12,83,70,2210,1382
90,13,82,69,2211,1382
90,14,82,69,2211,1382
90,15,82,69,2210,1382
90,16,82,69,2211,1382
90,17,82,68,2211,1382
90,18,82,68,2210,1382
90,19,82,68,2211,1382
90,20,82,68,2211,1382
90,21,81,68,2210,1382
90,22,81,68,2211,1382
90,23,81,68,2211,1382
90,24,81,68,2211,1382
90,25,81,68,2211,1382
90,26,81,68,2211,1382
90,27,81,68,2211,1382
90,28,81,68,2211,1382
90,29,81,68,2211,1382
90,30,81,67,2211,1382
90,31,81,67,2211,1382
90,32,81,67,2211,1382
90,33,81,67,2210,1382
90,34,81,67,2211,1382
90,35,81,67,2211,1382
90,36,81,67,2211,1382
90,37,81,67,2211,1383
90,38,81,67,2210,1382
90,39,81,67,2211,1382
90,40,81,67,2211,1382
90,41,81,67,2211,1382
90,42,81,67,2211,1382
90,43,80,67,2211,1382
90,44,80,67,2211,1382
90,45,85,67,2211,1382
90,46,84,67,2211,1382
90,47,83,67,2211,1382
90,48,82,68,2212,1382
90,49,82,68,2211,1382
90,50,82,68,2211,1382
--- 90 mm Summary | Avg: L=82 FL=69 FR=2210 R=1382 ---

>>> Place micromouse at 100 mm <<<
========================================
--- Sampling 100 mm (5s @ 100ms) ---
100,1,87,85,1820,1191
100,2,86,87,1820,1191
100,3,86,87,1820,1192
100,4,88,87,1819,1191
100,5,89,88,1819,1191
100,6,87,88,1820,1192
100,7,87,89,1820,1192
100,8,87,90,1820,1191
100,9,87,90,1820,1192
100,10,87,90,1821,1192
100,11,87,90,1819,1192
100,12,86,90,1819,1192
100,13,87,90,1821,1192
100,14,87,90,1819,1192
100,15,85,90,1820,1192
100,16,84,89,1821,1192
100,17,85,89,1820,1191
100,18,85,89,1820,1192
100,19,85,89,1820,1192
100,20,85,89,1820,1192
100,21,85,89,1820,1192
100,22,85,89,1820,1192
100,23,85,90,1820,1192
100,24,85,90,1820,1192
100,25,85,90,1820,1192
100,26,85,90,1820,1192
100,27,85,90,1820,1192
100,28,85,90,1820,1192
100,29,85,90,1820,1192
100,30,85,90,1820,1192
100,31,85,90,1820,1192
100,32,85,90,1820,1192
100,33,85,90,1820,1192
100,34,85,90,1820,1192
100,35,85,91,1820,1192
100,36,85,91,1820,1192
100,37,85,91,1820,1192
100,38,85,91,1820,1192
100,39,85,91,1820,1192
100,40,85,91,1821,1192
100,41,85,91,1820,1192
100,42,85,91,1821,1192
100,43,85,91,1820,1192
100,44,85,91,1820,1192
100,45,85,91,1821,1192
100,46,85,91,1821,1192
100,47,85,91,1820,1192
100,48,85,91,1820,1192
100,49,85,91,1820,1192
100,50,85,91,1820,1192
--- 100 mm Summary | Avg: L=85 FL=89 FR=1820 R=1191 ---

>>> Place micromouse at 110 mm <<<
--- Sampling 110 mm (5s @ 100ms) ---
110,1,92,63,1569,1051
110,2,86,60,1569,1051
110,3,83,57,1569,1052
110,4,81,55,1568,1051
110,5,80,56,1569,1051
110,6,79,57,1569,1051
110,7,79,58,1569,1052
110,8,79,58,1568,1052
110,9,78,58,1569,1052
110,10,78,58,1569,1051
110,11,78,58,1568,1051
110,12,78,57,1569,1052
110,13,77,57,1569,1052
110,14,78,57,1568,1051
110,15,77,57,1569,1052
110,16,77,57,1569,1052
110,17,77,57,1568,1051
110,18,77,57,1568,1051
110,19,77,57,1568,1052
110,20,77,57,1568,1051
110,21,77,57,1569,1051
110,22,77,57,1569,1052
110,23,77,57,1568,1051
110,24,77,57,1568,1051
110,25,77,57,1568,1051
110,26,77,57,1568,1051
110,27,77,57,1568,1051
110,28,77,57,1568,1051
110,29,77,57,1568,1051
110,30,77,57,1569,1051
110,31,77,57,1568,1052
110,32,77,57,1568,1051
110,33,77,57,1569,1051
110,34,77,57,1569,1052
110,35,77,57,1568,1051
110,36,77,57,1568,1052
110,37,77,57,1568,1052
110,38,77,57,1568,1051
110,39,77,57,1568,1051
110,40,77,57,1568,1052
110,41,77,58,1568,1052
110,42,77,57,1568,1052
110,43,77,57,1568,1052
110,44,77,57,1568,1051
110,45,77,57,1569,1052
110,46,77,57,1568,1052
110,47,77,57,1568,1052
110,48,76,57,1568,1052
110,49,77,57,1568,1052
110,50,77,57,1568,1052
--- 110 mm Summary | Avg: L=77 FL=57 FR=1568 R=1051 ---

>>> Place micromouse at 120 mm <<<
--- Sampling 120 mm (5s @ 100ms) ---
120,2,88,93,1462,952
120,3,86,94,1461,952
120,4,84,93,1460,952
120,5,83,91,1461,952
120,6,82,91,1461,952
120,7,82,96,1460,952
120,8,82,100,1460,952
120,9,82,100,1460,952
120,10,82,99,1460,952
120,11,81,98,1460,952
120,12,81,98,1460,952
120,13,81,98,1459,952
120,14,81,98,1459,952
120,15,80,99,1460,952
120,16,80,99,1459,952
120,17,80,99,1460,952
120,18,80,99,1459,952
120,19,80,99,1459,952
120,20,80,99,1459,952
120,21,80,98,1459,952
120,22,80,98,1459,952
120,23,80,98,1459,952
120,24,80,98,1459,952
120,25,80,97,1459,952
120,26,80,98,1458,952
120,27,80,98,1458,952
120,28,80,98,1458,951
120,29,80,97,1458,952
120,30,80,97,1458,952
120,31,80,97,1458,952
120,32,80,97,1458,952
120,33,80,97,1458,952
120,34,80,97,1458,952
120,35,80,97,1457,952
120,36,80,97,1458,952
120,37,80,97,1458,952
120,38,80,97,1458,952
120,39,80,97,1457,952
120,40,80,97,1457,952
120,41,80,97,1458,952
120,42,80,97,1458,952
120,43,80,97,1458,952
120,44,80,96,1457,952
120,45,80,96,1457,952
120,46,81,96,1457,952
120,47,81,96,1457,952
120,48,80,96,1457,952
120,49,81,96,1457,952
120,50,80,96,1457,952
--- 120 mm Summary | Avg: L=80 FL=96 FR=1458 R=952 ---

========================================
Press button to start 5s sampling (Long press to exit)
--- Sampling 130 mm (5s @ 100ms) ---
130,1,89,92,1305,857
130,2,87,93,1304,857
130,3,86,93,1304,857
130,4,85,93,1304,857
130,5,84,92,1303,857
130,6,84,92,1304,857
130,7,83,93,1304,857
130,8,83,93,1305,857
130,9,83,93,1304,857
130,10,82,93,1304,857
130,11,82,94,1304,857
130,12,82,94,1304,857
130,13,82,94,1304,857
130,14,82,94,1304,857
130,15,81,94,1304,856
130,16,81,94,1304,857
130,17,81,94,1304,857
130,18,81,94,1304,857
130,19,81,94,1305,857
130,20,81,94,1304,857
130,21,81,94,1304,857
130,22,81,94,1304,857
130,23,81,94,1304,857
130,24,81,94,1304,857
130,25,80,94,1304,857
130,26,80,94,1305,857
130,27,81,94,1304,857
130,28,81,94,1304,857
130,29,81,94,1304,857
130,30,80,94,1304,857
130,31,81,94,1305,857
130,32,81,94,1304,857
130,33,81,94,1304,857
130,34,81,94,1304,857
130,35,81,94,1305,857
130,36,81,94,1304,857
130,37,81,94,1304,857
130,38,81,95,1304,857
130,39,81,94,1304,857
130,40,81,94,1305,857
130,41,81,94,1304,857
130,42,81,94,1304,857
130,43,81,94,1305,857
130,44,81,94,1305,857
130,45,81,94,1305,857
130,46,81,94,1305,857
130,47,81,94,1305,857
130,48,81,94,1304,857
130,49,81,94,1304,857
130,50,81,94,1305,857
--- 130 mm Summary | Avg: L=81 FL=93 FR=1304 R=856 ---

========================================
Press button to start 5s sampling (Long press to exit)
--- Sampling 140 mm (5s @ 100ms) ---
140,1,86,92,1139,674
140,2,85,92,1139,661
140,3,83,84,1139,665
140,4,80,81,1139,673
140,5,79,79,1138,678
140,6,79,77,1138,678
140,7,79,76,1138,678
140,8,78,75,1139,678
140,9,78,74,1139,678
140,10,78,75,1139,678
140,11,78,75,1139,678
140,12,78,75,1139,678
140,13,78,76,1139,677
140,14,78,76,1139,678
140,15,78,75,1139,678
140,16,78,75,1139,678
140,17,78,75,1139,678
140,18,77,75,1139,678
140,19,78,76,1139,678
140,20,78,76,1139,678
140,21,77,75,1139,678
140,22,77,76,1139,678
140,23,78,76,1139,678
140,24,77,76,1139,678
140,25,77,76,1139,679
140,26,77,76,1139,679
140,27,77,76,1139,678
140,28,77,76,1139,678
140,29,77,76,1139,678
140,30,77,76,1139,678
140,31,77,76,1139,677
140,32,77,76,1139,677
140,33,77,76,1139,677
140,34,77,76,1139,677
140,35,77,75,1139,677
140,36,77,75,1139,678
140,37,77,75,1139,678
140,38,77,75,1138,678
140,39,77,75,1139,678
140,40,77,75,1139,678
140,41,77,75,1139,678
140,42,77,75,1139,678
140,43,77,75,1139,678
140,44,77,75,1139,678
140,45,77,75,1139,679
140,46,77,75,1139,678
140,47,77,75,1139,678
140,48,77,75,1139,679
140,49,77,74,1139,679
140,50,77,74,1139,679
--- 140 mm Summary | Avg: L=77 FL=76 FR=1138 R=677 ---

>>> Place micromouse at 150 mm <<<
========================================
--- Sampling 150 mm (5s @ 100ms) ---
Dist_mm,Sample,L,FL,FR,R
150,1,79,105,1015,527
150,2,78,107,1013,517
150,3,76,112,1013,513
150,4,75,106,1013,517
150,5,74,58,1013,528
150,6,73,19,1013,537
150,7,73,18,1013,539
150,8,73,18,1013,538
150,9,73,18,1013,536
150,10,73,18,1013,535
150,11,73,18,1013,536
150,12,73,18,1013,536
150,13,73,18,1013,536
150,14,73,18,1013,536
150,15,73,18,1013,537
150,16,74,18,1013,537
150,17,74,18,1013,537
150,18,73,18,1013,537
150,19,73,18,1013,536
150,20,73,18,1013,536
150,21,73,18,1014,537
150,22,74,18,1013,537
150,23,73,18,1013,537
150,24,73,18,1014,537
150,25,73,18,1013,537
150,26,73,18,1014,537
150,27,73,18,1013,538
150,28,73,18,1013,538
150,29,73,18,1013,538
150,30,73,18,1014,538
150,31,73,18,1013,538
150,32,73,18,1013,538
150,33,73,18,1014,538
150,34,73,18,1013,538
150,35,73,18,1014,538
150,36,73,18,1014,538
150,37,73,18,1013,538
150,38,73,18,1014,538
150,39,73,18,1014,538
150,40,73,18,1013,538
150,41,73,18,1014,538
150,42,73,18,1014,538
150,43,73,18,1014,538
150,44,73,18,1014,538
150,45,73,18,1014,538
150,46,73,18,1014,538
150,47,73,18,1014,538
150,48,73,18,1014,539
150,49,73,18,1014,538
150,50,73,18,1014,539
--- 150 mm Summary | Avg: L=73 FL=25 FR=1013 R=535 ---

>>> Place micromouse at 160 mm <<<
========================================
--- Sampling 160 mm (5s @ 100ms) ---
160,1,84,87,936,491
160,2,82,81,934,480
160,3,80,80,934,479
160,4,75,97,933,485
160,5,73,106,933,491
160,6,72,56,934,494
160,7,72,15,933,495
160,8,71,14,933,494
160,9,71,14,934,493
160,10,71,13,934,492
160,11,71,14,933,492
160,12,71,14,933,492
160,13,71,13,934,492
160,14,71,14,933,492
160,15,71,13,933,492
160,16,71,13,933,493
160,17,71,13,933,493
160,18,71,14,933,493
160,19,71,13,933,493
160,20,71,13,933,493
160,21,72,13,933,493
160,22,72,14,933,493
160,23,71,14,933,493
160,24,71,14,933,493
160,25,71,14,933,493
160,26,72,14,933,494
160,27,71,13,933,494
160,28,72,13,933,494
160,29,71,14,933,494
160,30,71,14,934,494
160,31,71,13,933,494
160,32,71,14,933,494
160,33,72,13,933,494
160,34,72,13,933,494
160,35,72,14,934,494
160,36,72,13,933,495
160,37,72,13,933,495
160,38,72,14,933,495
160,39,72,14,933,495
160,40,72,14,933,495
160,41,73,14,934,495
160,42,73,14,933,495
160,43,73,14,933,495
160,44,73,14,934,495
160,45,73,14,933,495
160,46,73,13,933,495
160,47,73,14,934,495
160,48,73,13,933,495
160,49,72,14,933,495
160,50,72,14,933,495
--- 160 mm Summary | Avg: L=72 FL=22 FR=933 R=492 ---

>>> Place micromouse at 170 mm <<<
========================================
--- Sampling 170 mm (5s @ 100ms) ---
170,1,81,91,850,468
170,2,76,100,849,464
170,3,75,97,848,457
170,4,74,91,848,455
170,5,73,51,848,460
170,6,73,17,848,470
170,7,73,14,847,470
170,8,73,13,848,469
170,9,73,13,848,468
170,10,73,13,848,469
170,11,73,13,848,470
170,12,73,13,848,470
170,13,73,13,848,471
170,14,73,13,848,471
170,15,73,13,848,471
170,16,73,13,847,471
170,17,73,13,848,471
170,18,73,13,848,471
170,19,73,13,848,471
170,20,73,13,848,471
170,21,73,13,848,471
170,22,73,13,848,471
170,23,72,13,848,471
170,24,72,13,848,471
170,25,73,13,848,471
170,26,72,13,848,471
170,27,73,13,848,472
170,28,72,13,847,471
170,29,73,13,848,471
170,30,73,13,848,471
170,31,73,13,848,471
170,32,72,13,848,471
170,33,73,13,848,472
170,34,73,13,848,472
170,35,72,13,848,472
170,36,73,13,848,472
170,37,73,13,848,472
170,38,72,13,848,472
170,39,72,13,848,472
170,40,73,13,848,472
170,41,73,13,848,472
170,42,72,13,848,472
170,43,73,13,848,471
170,44,73,13,848,471
170,45,72,13,848,470
170,46,73,13,848,469
170,47,73,13,848,470
170,48,73,13,848,470
170,49,72,13,848,470
170,50,72,13,848,470
--- 170 mm Summary | Avg: L=73 FL=20 FR=848 R=469 ---

>>> Place micromouse at 180 mm <<<
--- Sampling 180 mm (5s @ 100ms) ---
180,1,77,103,766,455
180,2,74,101,766,464
180,3,73,89,766,470
180,4,73,41,765,473
180,5,72,14,764,473
180,6,72,13,765,473
180,7,72,14,765,473
180,8,72,13,765,472
180,9,73,13,765,471
180,10,73,13,765,471
180,11,72,13,765,471
180,12,72,14,765,470
180,13,72,14,765,471
180,14,72,13,765,471
180,15,72,14,765,471
180,16,72,13,765,471
180,17,72,14,765,471
180,18,72,13,765,471
180,19,73,14,765,471
180,20,72,13,765,471
180,21,73,13,765,471
180,22,72,14,765,471
180,23,72,13,765,471
180,24,72,13,765,471
180,25,72,13,765,471
180,26,72,14,765,471
180,27,72,13,765,471
180,28,72,13,765,471
180,29,73,14,765,471
180,30,72,13,765,471
180,31,72,13,765,471
180,32,72,14,765,471
180,33,73,13,765,471
180,34,73,14,765,471
180,35,72,13,765,471
180,36,72,14,765,471
180,37,73,13,765,471
180,38,72,14,765,471
180,39,72,13,765,471
180,40,72,14,765,471
180,41,72,14,765,471
180,42,72,13,765,471
180,43,72,13,765,471
180,44,72,13,765,471
180,45,72,13,765,471
180,46,72,13,765,471
180,47,72,13,765,471
180,48,72,14,765,471
180,49,72,14,765,471
180,50,72,14,765,471
--- 180 mm Summary | Avg: L=72 FL=19 FR=765 R=470 ---

========================================
Press button to start 5s sampling (Long press to exit)
--- Sampling 190 mm (5s @ 100ms) ---
190,1,80,89,704,452
190,2,74,93,702,458
190,3,73,89,702,463
190,4,73,68,703,465
190,5,72,19,702,466
190,6,72,13,701,466
190,7,72,13,702,466
190,8,72,13,702,467
190,9,72,13,701,467
190,10,72,13,702,468
190,11,72,13,702,467
190,12,72,13,701,466
190,13,72,13,702,466
190,14,72,13,702,466
190,15,72,13,701,466
190,16,72,13,701,466
190,17,72,13,702,467
190,18,72,13,702,467
190,19,72,13,702,467
190,20,72,13,702,467
190,21,72,13,702,467
190,22,72,13,702,467
190,23,72,13,702,467
190,24,72,13,702,467
190,25,72,13,701,467
190,26,72,13,702,467
190,27,72,13,702,467
190,28,72,13,702,467
190,29,72,13,702,468
190,30,72,13,701,467
190,31,72,13,702,468
190,32,72,13,701,467
190,33,72,13,702,468
190,34,72,13,702,468
190,35,72,13,701,468
190,36,72,13,702,468
190,37,72,13,702,468
190,38,72,13,702,468
190,39,72,13,702,468
190,40,72,13,702,468
190,41,72,13,702,468
190,42,72,13,701,468
190,43,72,13,702,468
190,44,72,13,701,468
190,45,72,13,701,468
190,46,72,13,702,468
190,47,72,13,702,468
190,48,72,13,702,468
190,49,72,13,702,468
190,50,72,13,702,468
--- 190 mm Summary | Avg: L=72 FL=18 FR=701 R=466 ---

========================================
Press button to start 5s sampling (Long press to exit)
--- Sampling 200 mm (5s @ 100ms) ---
200,1,81,86,640,469
200,2,75,98,640,468
200,3,73,91,639,467
200,4,72,46,639,468
200,5,72,14,639,468
200,6,72,13,639,469
200,7,72,13,639,468
200,8,72,13,639,468
200,9,72,13,639,468
200,10,72,13,639,467
200,11,72,13,639,467
200,12,72,13,639,467
200,13,72,13,639,467
200,14,72,13,639,467
200,15,72,13,639,467
200,16,72,13,639,467
200,17,72,13,639,467
200,18,72,13,639,467
200,19,72,13,639,467
200,20,72,13,639,467
200,21,72,13,639,467
200,22,72,13,639,467
200,23,72,13,639,467
200,24,72,13,639,467
200,25,72,13,639,467
200,26,72,13,639,467
200,27,72,12,639,467
200,28,72,13,639,467
200,29,72,13,639,467
200,30,72,13,639,467
200,31,72,13,639,467
200,32,72,13,639,467
200,33,72,13,639,467
200,34,72,13,639,467
200,35,72,13,639,467
200,36,72,13,639,467
200,37,72,13,639,467
200,38,72,13,639,467
200,39,72,13,639,467
200,40,72,13,639,467
200,41,72,13,639,467
200,42,72,13,639,467
200,43,72,13,639,467
200,44,72,13,639,467
200,45,72,13,639,467
200,46,72,13,639,467
200,47,72,13,639,467
200,48,72,13,639,467
200,49,72,13,639,467
200,50,72,13,639,467
--- 200 mm Summary | Avg: L=72 FL=18 FR=639 R=467 ---

>>> Place micromouse at 210 mm <<<
========================================
--- Sampling 210 mm (5s @ 100ms) ---
210,1,75,94,592,456
210,2,73,97,593,465
210,3,73,80,593,468
210,4,72,22,592,467
210,5,72,13,592,468
210,6,72,12,592,468
210,7,72,12,592,469
210,8,72,13,592,468
210,9,72,12,592,469
210,10,72,12,592,469
210,11,72,13,592,469
210,12,72,12,592,469
210,13,72,12,592,469
210,14,72,13,592,469
210,15,72,13,592,469
210,16,72,13,592,469
210,17,72,12,592,469
210,18,72,13,592,469
210,19,72,12,592,469
210,20,72,12,592,469
210,21,72,13,592,469
210,22,72,12,592,469
210,23,72,13,592,469
210,24,72,12,592,469
210,25,72,12,592,469
210,26,72,12,592,469
210,27,72,12,592,469
210,28,72,12,592,469
210,29,72,12,592,469
210,30,72,12,592,469
210,31,72,12,592,469
210,32,72,12,592,469
210,33,72,12,592,469
210,34,72,12,592,469
210,35,72,12,592,469
210,36,72,12,592,469
210,37,72,12,592,469
210,38,72,12,592,468
210,39,72,12,592,468
210,40,72,12,592,468
210,41,72,12,592,469
210,42,72,12,592,468
210,43,72,12,592,468
210,44,72,12,592,468
210,45,72,12,592,468
210,46,71,12,592,469
210,47,72,12,592,469
210,48,72,13,592,469
210,49,72,12,592,469
210,50,72,12,592,469
--- 210 mm Summary | Avg: L=72 FL=17 FR=592 R=468 ---

>>> Place micromouse at 220 mm <<<
========================================
--- Sampling 220 mm (5s @ 100ms) ---
220,1,86,90,555,472
220,2,77,97,553,473
220,3,74,102,553,473
220,4,73,96,554,473
220,5,72,46,554,473
220,6,72,14,552,472
220,7,72,13,553,472
220,8,72,12,553,471
220,9,72,12,552,470
220,10,72,12,553,470
220,11,72,12,553,470
220,12,72,12,553,470
220,13,72,13,552,470
220,14,72,12,553,470
220,15,72,13,553,469
220,16,72,12,553,470
220,17,72,13,553,469
220,18,72,13,553,469
220,19,72,12,553,468
220,20,72,13,553,467
220,21,72,12,553,466
220,22,72,13,552,466
220,23,72,13,553,466
220,24,72,13,553,466
220,25,72,12,553,467
220,26,71,13,553,468
220,27,72,12,553,468
220,28,72,12,553,467
220,29,72,13,553,467
220,30,72,13,553,467
220,31,72,12,553,468
220,32,72,13,553,468
220,33,72,13,553,467
220,34,72,12,553,468
220,35,72,12,553,467
220,36,72,12,553,467
220,37,72,12,553,468
220,38,72,12,553,467
220,39,72,13,553,467
220,40,72,13,553,468
220,41,72,12,553,467
220,42,72,12,553,467
220,43,72,12,553,468
220,44,72,12,553,467
220,45,72,13,553,467
220,46,72,13,553,467
220,47,72,13,553,467
220,48,72,12,553,467
220,49,72,13,553,467
220,50,72,13,553,467
--- 220 mm Summary | Avg: L=72 FL=19 FR=553 R=468 ---

========================================
Press button to start 5s sampling (Long press to exit)
--- Sampling 230 mm (5s @ 100ms) ---
230,1,84,70,515,456
230,2,75,73,515,454
230,3,74,77,515,453
230,4,73,66,515,452
230,5,72,23,514,451
230,6,72,13,514,451
230,7,72,12,514,451
230,8,72,12,514,451
230,9,72,12,514,451
230,10,72,12,514,451
230,11,72,12,514,451
230,12,72,12,514,451
230,13,72,12,514,450
230,14,72,12,514,451
230,15,72,12,514,451
230,16,72,12,514,451
230,17,72,13,514,451
230,18,72,12,514,451
230,19,72,12,514,451
230,20,72,12,514,451
230,21,72,12,514,451
230,22,72,12,514,451
230,23,72,12,514,451
230,24,72,12,514,451
230,25,72,12,514,451
230,26,72,12,514,451
230,27,72,12,514,451
230,28,72,12,514,451
230,29,72,12,515,451
230,30,72,12,514,451
230,31,72,12,514,451
230,32,72,12,514,451
230,33,72,12,514,451
230,34,72,12,514,451
230,35,72,12,514,451
230,36,72,12,514,451
230,37,72,12,514,451
230,38,72,12,514,451
230,39,72,12,514,451
230,40,72,12,514,451
230,41,72,12,514,451
230,42,72,12,514,451
230,43,72,12,514,451
230,44,72,12,514,451
230,45,72,12,514,451
230,46,72,12,514,451
230,47,72,12,514,451
230,48,72,12,514,451
230,49,72,12,514,451
230,50,72,12,514,451
--- 230 mm Summary | Avg: L=72 FL=17 FR=514 R=451 ---

>>> Place micromouse at 240 mm <<<
========================================
--- Sampling 240 mm (5s @ 100ms) ---
240,1,82,44,479,386
240,2,75,81,478,385
240,3,74,70,480,385
240,4,74,19,480,385
240,5,73,12,479,385
240,6,72,12,479,385
240,7,72,12,479,385
240,8,72,12,479,385
240,9,72,12,479,385
240,10,72,12,479,385
240,11,72,12,479,385
240,12,73,12,479,385
240,13,73,12,479,385
240,14,73,12,479,385
240,15,73,12,479,385
240,16,73,12,479,385
240,17,73,12,479,385
240,18,73,12,479,385
240,19,73,12,479,385
240,20,73,12,479,385
240,21,73,12,479,385
240,22,73,12,479,385
240,23,74,12,479,385
240,24,74,12,479,385
240,25,74,12,479,385
240,26,74,12,479,385
240,27,74,12,479,385
240,28,74,12,479,385
240,29,74,12,479,385
240,30,74,12,479,385
240,31,74,12,479,385
240,32,74,12,479,385
240,33,74,12,479,385
240,34,74,12,479,385
240,35,74,12,479,385
240,36,74,12,479,385
240,37,74,12,479,385
240,38,74,12,479,385
240,39,74,12,479,385
240,40,74,12,479,385
240,41,74,12,479,385
240,42,74,12,479,385
240,43,74,12,479,385
240,44,74,12,479,385
240,45,74,12,479,385
240,46,73,12,479,385
240,47,73,12,479,385
240,48,73,12,479,385
240,49,72,12,479,385
240,50,72,12,479,385
--- 240 mm Summary | Avg: L=73 FL=15 FR=479 R=385 ---

========================================
Press button to start 5s sampling (Long press to exit)
--- Sampling 250 mm (5s @ 100ms) ---
250,1,108,36,442,386
250,2,82,42,442,384
250,3,76,62,442,384
250,4,75,73,443,385
250,5,74,45,442,385
250,6,74,14,441,385
250,7,74,12,442,385
250,8,74,11,442,385
250,9,74,12,441,385
250,10,74,12,441,385
250,11,74,11,441,385
250,12,74,11,441,385
250,13,74,11,441,385
250,14,74,12,441,385
250,15,74,11,441,385
250,16,74,11,441,385
250,17,74,12,441,385
250,18,74,11,441,385
250,19,74,12,442,385
250,20,74,11,441,385
250,21,74,12,441,385
250,22,74,11,441,385
250,23,74,11,441,385
250,24,74,11,441,385
250,25,74,12,441,385
250,26,74,11,441,385
250,27,74,12,441,385
250,28,74,12,442,385
250,29,74,11,441,384
250,30,74,12,441,385
250,31,74,11,441,385
250,32,74,12,441,385
250,33,74,11,441,385
250,34,74,11,441,385
250,35,74,11,441,385
250,36,74,11,441,385
250,37,74,11,441,385
250,38,74,11,441,385
250,39,74,11,441,385
250,40,74,11,442,385
250,41,74,11,442,385
250,42,74,12,441,385
250,43,74,12,441,385
250,44,74,12,441,385
250,45,74,11,441,385
250,46,74,12,441,385
250,47,74,12,441,385
250,48,74,11,441,385
250,49,74,11,441,385
250,50,74,11,441,385
--- 250 mm Summary | Avg: L=74 FL=15 FR=441 R=384 ---
