>>> Place micromouse at 10 mm <<<
Press button to start 5s sampling (Long press to exit)
========================================
--- Sampling 10 mm (5s @ 100ms) ---
Dist_mm,Sample,L,FL,FR,R
10,1,2132,1794,2154,1099
10,2,2139,1789,2235,1144
10,3,2140,1800,2143,1095
10,4,2134,1833,2210,1089
10,5,2143,1881,2297,1098
10,6,2132,2602,2281,897
10,7,2137,2658,2229,1003
10,8,2140,2700,2136,896
10,9,2132,2671,2242,927
10,10,2139,2665,2274,892
10,11,2134,2682,2202,899
10,12,2140,2687,2199,905
10,13,2138,2673,2365,901
10,14,2130,2675,2218,878
10,15,2137,2673,2126,853
10,16,2135,2701,2317,874
10,17,2135,2678,2222,870
10,18,2129,2675,2123,860
10,19,2136,2672,2289,855
10,20,2138,2672,2225,861
10,21,2125,2693,2120,887
10,22,2139,2659,2274,925
10,23,2132,2646,2232,947
10,24,2142,2642,2140,964
10,25,2136,2627,2354,965
10,26,2139,2647,2229,975
10,27,2146,2656,2177,987
10,28,2136,2634,2366,1001
10,29,2141,2626,2223,1003
10,30,2136,2618,2234,1008
10,31,2144,2613,2250,1010
10,32,2137,2602,2152,1018
10,33,2140,2619,2369,1030
10,34,2152,2632,2239,1027
10,35,2139,2618,2229,1031
10,36,2144,2606,2262,1036
10,37,2134,2603,2156,1040
10,38,2146,2606,2375,1049
10,39,2146,2599,2230,1046
10,40,2138,2598,2246,1050
10,41,2146,2587,2247,1055
10,42,2140,2598,2220,1057
10,43,2151,2610,2285,1053
10,44,2146,2615,2138,1042
10,45,2150,2614,2377,1047
10,46,2145,2597,2185,1044
10,47,2137,2596,2304,1054
10,48,2143,2597,2244,1031
10,49,2138,2590,2248,1061
10,50,2146,2594,2244,1062
--- 10 mm Summary | Avg: L=2139 FL=2554 FR=2236 R=988 ---

>>> Place micromouse at 20 mm <<<
Press button to start 5s sampling (Long press to exit)
========================================
--- Sampling 20 mm (5s @ 100ms) ---
Dist_mm,Sample,L,FL,FR,R
20,1,2124,2564,2741,2577
20,2,2121,2562,2753,2578
20,3,2127,2578,2749,2577
20,4,2128,2561,2746,2581
20,5,2131,2577,2763,2591
20,6,2129,2564,2780,2590
20,7,2124,2561,2756,2578
20,8,2126,2565,2748,2572
20,9,2127,2558,2742,2579
20,10,2129,2577,2748,2578
20,11,2126,2562,2771,2596
20,12,2121,2555,2755,2575
20,13,2139,2573,2747,2577
20,14,2116,2561,2749,2574
20,15,2128,2562,2773,2586
20,16,2136,2567,2755,2577
20,17,2118,2567,2744,2577
20,18,2128,2561,2744,2580
20,19,2122,2556,2782,2579
20,20,2139,2573,2748,2576
20,21,2119,2562,2751,2575
20,22,2119,2566,2782,2591
20,23,2128,2557,2752,2580
20,24,2130,2572,2748,2577
20,25,2129,2566,2779,2594
20,26,2118,2558,2752,2579
20,27,2128,2563,2748,2561
20,28,2120,2559,2771,2578
20,29,2130,2574,2736,2576
20,30,2128,2568,2749,2582
20,31,2117,2562,2739,2576
20,32,2128,2563,2742,2580
20,33,2121,2556,2786,2595
20,34,2129,2566,2746,2572
20,35,2137,2571,2754,2580
20,36,2121,2575,2750,2576
20,37,2126,2563,2740,2580
20,38,2119,2562,2779,2578
20,39,2128,2562,2734,2576
20,40,2121,2557,2778,2589
20,41,2128,2563,2748,2574
20,42,2132,2565,2753,2579
20,43,2130,2576,2753,2576
20,44,2131,2572,2743,2580
20,45,2120,2559,2759,2575
20,46,2126,2564,2743,2575
20,47,2119,2562,2773,2578
20,48,2120,2566,2740,2575
20,49,2127,2561,2784,2594
20,50,2120,2563,2737,2577
--- 20 mm Summary | Avg: L=2125 FL=2564 FR=2754 R=2579 ---

>>> Place micromouse at 30 mm <<<
Press button to start 5s sampling (Long press to exit)
========================================
--- Sampling 30 mm (5s @ 100ms) ---
Dist_mm,Sample,L,FL,FR,R
30,1,2114,529,2903,2601
30,2,2110,529,2906,2603
30,3,2105,527,2900,2597
30,4,2110,515,2898,2598
30,5,2121,519,2890,2592
30,6,2107,513,2898,2598
30,7,2110,510,2905,2588
30,8,2119,514,2893,2598
30,9,2109,514,2894,2596
30,10,2117,514,2902,2606
30,11,2110,507,2898,2597
30,12,2118,516,2892,2592
30,13,2117,517,2907,2601
30,14,2107,515,2894,2593
30,15,2117,512,2889,2599
30,16,2109,509,2908,2603
30,17,2118,515,2893,2595
30,18,2114,518,2897,2596
30,19,2115,515,2897,2593
30,20,2116,513,2895,2598
30,21,2109,513,2906,2601
30,22,2117,511,2891,2599
30,23,2110,513,2897,2595
30,24,2121,518,2895,2592
30,25,2113,518,2897,2596
30,26,2108,515,2903,2598
30,27,2114,513,2889,2598
30,28,2110,514,2905,2601
30,29,2117,511,2892,2599
30,30,2110,508,2899,2599
30,31,2117,511,2893,2591
30,32,2109,513,2898,2598
30,33,2111,516,2895,2594
30,34,2121,517,2893,2597
30,35,2113,518,2896,2595
30,36,2107,517,2894,2595
30,37,2109,514,2899,2594
30,38,2115,515,2893,2593
30,39,2116,513,2899,2597
30,40,2107,515,2897,2583
30,41,2116,513,2891,2597
30,42,2105,512,2896,2595
30,43,2116,513,2894,2594
30,44,2109,512,2897,2595
30,45,2116,513,2893,2594
30,46,2116,512,2903,2598
30,47,2109,513,2897,2594
30,48,2117,511,2901,2606
30,49,2109,508,2894,2598
30,50,2117,511,2905,2597
--- 30 mm Summary | Avg: L=2112 FL=514 FR=2897 R=2596 ---

========================================
>>> Place micromouse at 40 mm <<<
Press button to start 5s sampling (Long press to exit)
========================================
--- Sampling 40 mm (5s @ 100ms) ---
Dist_mm,Sample,L,FL,FR,R
40,1,1428,0,2868,2322
40,2,1426,0,2869,2324
40,3,1432,0,2871,2322
40,4,1433,0,2871,2324
40,5,1426,0,2864,2323
40,6,1432,0,2862,2327
40,7,1428,0,2875,2325
40,8,1433,0,2865,2320
40,9,1426,0,2869,2323
40,10,1424,0,2873,2324
40,11,1432,0,2869,2325
40,12,1428,0,2868,2323
40,13,1433,0,2864,2324
40,14,1429,0,2865,2322
40,15,1432,0,2872,2323
40,16,1425,0,2869,2323
40,17,1427,0,2865,2323
40,18,1432,0,2869,2324
40,19,1427,0,2865,2323
40,20,1433,0,2868,2326
40,21,1427,0,2866,2324
40,22,1433,0,2873,2323
40,23,1428,0,2867,2325
40,24,1427,0,2871,2326
40,25,1432,0,2863,2327
40,26,1427,0,2868,2325
40,27,1432,0,2865,2326
40,28,1427,0,2871,2323
40,29,1432,0,2865,2320
40,30,1432,0,2872,2327
40,31,1427,0,2864,2324
40,32,1433,0,2865,2329
40,33,1428,0,2866,2323
40,34,1433,0,2871,2324
40,35,1428,0,2866,2323
40,36,1433,0,2873,2325
40,37,1433,0,2868,2326
40,38,1428,0,2872,2322
40,39,1433,0,2861,2327
40,40,1428,0,2869,2322
40,41,1433,0,2864,2319
40,42,1428,0,2869,2323
40,43,1416,0,2869,2325
40,44,1433,0,2866,2327
40,45,1428,0,2874,2325
40,46,1433,0,2861,2327
40,47,1428,0,2869,2321
40,48,1432,0,2865,2320
40,49,1426,0,2869,2326
40,50,1427,0,2873,2326
--- 40 mm Summary | Avg: L=1429 FL=0 FR=2867 R=2324 ---

========================================
>>> Place micromouse at 50 mm <<<
Press button to start 5s sampling (Long press to exit)
========================================
--- Sampling 50 mm (5s @ 100ms) ---
Dist_mm,Sample,L,FL,FR,R
50,1,52,67,2775,1793
50,2,52,65,2785,1795
50,3,52,69,2776,1792
50,4,51,70,2776,1797
50,5,51,66,2777,1795
50,6,52,66,2774,1796
50,7,52,68,2775,1797
50,8,52,67,2775,1792
50,9,51,66,2779,1794
50,10,51,66,2774,1794
50,11,52,65,2780,1798
50,12,52,66,2774,1795
50,13,51,67,2776,1798
50,14,52,68,2779,1796
50,15,52,68,2775,1792
50,16,52,67,2779,1794
50,17,51,67,2774,1795
50,18,51,66,2774,1796
50,19,51,66,2775,1795
50,20,52,66,2775,1794
50,21,52,66,2778,1794
50,22,52,66,2776,1792
50,23,52,64,2777,1793
50,24,51,65,2780,1794
50,25,51,64,2771,1797
50,26,52,64,2778,1794
50,27,51,64,2775,1794
50,28,52,65,2779,1793
50,29,51,65,2775,1793
50,30,52,65,2775,1797
50,31,51,65,2777,1796
50,32,52,64,2773,1797
50,33,52,64,2783,1798
50,34,51,65,2773,1793
50,35,52,66,2781,1794
50,36,52,66,2774,1793
50,37,52,66,2774,1796
50,38,52,66,2775,1795
50,39,52,66,2773,1798
50,40,51,66,2784,1796
50,41,51,66,2774,1793
50,42,51,66,2779,1794
50,43,51,68,2779,1795
50,44,52,68,2771,1798
50,45,51,68,2783,1796
50,46,52,67,2772,1795
50,47,52,66,2779,1794
50,48,52,66,2776,1795
50,49,52,64,2776,1796
50,50,52,65,2782,1794
--- 50 mm Summary | Avg: L=51 FL=66 FR=2776 R=1794 ---

>>> Place micromouse at 60 mm <<<
Press button to start 5s sampling (Long press to exit)
========================================
--- Sampling 60 mm (5s @ 100ms) ---
Dist_mm,Sample,L,FL,FR,R
60,1,12,100,2625,1375
60,2,9,98,2616,1372
60,3,9,67,2617,1374
60,4,8,34,2620,1374
60,5,8,30,2619,1373
60,6,8,29,2617,1372
60,7,8,29,2615,1375
60,8,8,31,2618,1375
60,9,8,32,2620,1373
60,10,9,32,2615,1375
60,11,9,32,2621,1375
60,12,8,30,2614,1375
60,13,8,30,2621,1374
60,14,8,30,2614,1375
60,15,9,30,2624,1376
60,16,9,31,2612,1372
60,17,8,30,2625,1376
60,18,8,30,2616,1374
60,19,8,30,2617,1374
60,20,9,30,2617,1374
60,21,9,30,2617,1373
60,22,9,30,2595,1374
60,23,9,30,2615,1373
60,24,9,30,2621,1375
60,25,9,30,2618,1372
60,26,9,31,2618,1373
60,27,8,30,2617,1376
60,28,9,31,2611,1371
60,29,9,31,2619,1374
60,30,9,32,2616,1373
60,31,9,31,2620,1376
60,32,9,31,2613,1371
60,33,9,31,2616,1374
60,34,9,30,2620,1375
60,35,9,29,2615,1371
60,36,8,29,2624,1376
60,37,8,30,2615,1374
60,38,8,30,2616,1373
60,39,8,30,2620,1373
60,40,8,30,2613,1374
60,41,8,32,2621,1373
60,42,8,32,2616,1373
60,43,9,31,2615,1375
60,44,8,29,2621,1373
60,45,9,29,2613,1374
60,46,8,30,2617,1373
60,47,8,30,2618,1373
60,48,9,30,2620,1373
60,49,9,31,2613,1373
60,50,9,31,2622,1375
--- 60 mm Summary | Avg: L=8 FL=33 FR=2617 R=1373 ---

========================================
>>> Place micromouse at 70 mm <<<
Press button to start 5s sampling (Long press to exit)
========================================
--- Sampling 70 mm (5s @ 100ms) ---
Dist_mm,Sample,L,FL,FR,R
70,1,8,75,2337,1107
70,2,7,60,2335,1107
70,3,6,43,2343,1109
70,4,5,39,2333,1105
70,5,5,37,2341,1108
70,6,5,36,2336,1107
70,7,5,35,2334,1109
70,8,5,37,2338,1107
70,9,5,37,2333,1107
70,10,5,37,2342,1107
70,11,5,38,2332,1106
70,12,5,38,2341,1108
70,13,5,38,2335,1108
70,14,6,38,2335,1108
70,15,5,38,2336,1096
70,16,5,38,2337,1107
70,17,5,38,2339,1108
70,18,6,38,2336,1107
70,19,5,38,2320,1109
70,20,6,38,2339,1107
70,21,5,38,2339,1109
70,22,5,38,2336,1108
70,23,5,37,2337,1105
70,24,5,36,2339,1108
70,25,5,36,2331,1107
70,26,5,35,2339,1109
70,27,5,35,2333,1107
70,28,5,35,2336,1108
70,29,5,35,2339,1108
70,30,5,36,2336,1106
70,31,5,36,2343,1108
70,32,6,36,2332,1108
70,33,5,37,2336,1108
70,34,5,38,2340,1108
70,35,5,38,2332,1106
70,36,5,37,2341,1106
70,37,5,35,2336,1106
70,38,5,35,2336,1108
70,39,5,36,2342,1107
70,40,5,36,2334,1108
70,41,5,36,2338,1106
70,42,5,38,2339,1106
70,43,5,38,2341,1107
70,44,5,36,2334,1107
70,45,5,35,2341,1108
70,46,5,36,2338,1108
70,47,6,36,2331,1109
70,48,5,36,2341,1108
70,49,6,38,2341,1106
70,50,5,36,2337,1107
--- 70 mm Summary | Avg: L=5 FL=38 FR=2336 R=1107 ---

========================================
>>> Place micromouse at 80 mm <<<
Press button to start 5s sampling (Long press to exit)
========================================
--- Sampling 80 mm (5s @ 100ms) ---
Dist_mm,Sample,L,FL,FR,R
80,1,11,96,1990,855
80,2,7,95,1992,854
80,3,5,91,1993,854
80,4,5,84,1994,855
80,5,5,33,1989,855
80,6,5,27,1992,856
80,7,5,27,1990,855
80,8,5,28,1998,855
80,9,5,28,1992,854
80,10,5,28,1996,855
80,11,5,28,1991,856
80,12,5,29,1999,856
80,13,5,28,1987,856
80,14,5,28,1999,856
80,15,5,28,1986,849
80,16,5,28,1996,855
80,17,5,28,1990,855
80,18,5,28,1992,856
80,19,5,27,1992,855
80,20,5,27,1990,856
80,21,5,26,1999,855
80,22,5,25,1987,854
80,23,5,25,1995,855
80,24,5,26,1991,855
80,25,5,27,1990,856
80,26,5,27,1997,855
80,27,5,27,1988,855
80,28,5,27,1995,854
80,29,5,29,1994,855
80,30,5,27,1990,856
80,31,5,27,1995,855
80,32,5,26,1989,856
80,33,5,26,1993,855
80,34,5,26,1993,855
80,35,5,26,1994,854
80,36,5,26,1991,855
80,37,5,28,1996,856
80,38,5,27,1992,855
80,39,5,26,1988,856
80,40,5,25,1996,856
80,41,5,26,1991,854
80,42,5,26,1991,855
80,43,5,28,1992,855
80,44,5,27,1992,856
80,45,5,26,1988,855
80,46,5,25,1991,855
80,47,5,27,1999,856
80,48,5,27,1990,850
80,49,5,28,1993,855
80,50,5,27,1996,854

>>> Place micromouse at 90 mm <<<
Press button to start 5s sampling (Long press to exit)
========================================
--- Sampling 90 mm (5s @ 100ms) ---
Dist_mm,Sample,L,FL,FR,R
90,1,13,83,1719,684
90,2,5,39,1726,685
90,3,5,18,1719,685
90,4,4,19,1722,685
90,5,4,20,1722,683
90,6,4,20,1720,685
90,7,4,20,1726,685
90,8,5,20,1720,685
90,9,5,19,1724,685
90,10,5,20,1721,686
90,11,4,19,1725,685
90,12,4,19,1720,684
90,13,4,19,1727,685
90,14,4,19,1723,685
90,15,4,19,1723,685
90,16,4,19,1718,685
90,17,4,19,1723,685
90,18,4,19,1721,685
90,19,4,19,1721,685
90,20,4,20,1724,686
90,21,5,20,1723,685
90,22,4,20,1724,686
90,23,4,20,1719,686
90,24,4,20,1722,683
90,25,4,19,1723,684
90,26,5,18,1720,684
90,27,4,18,1726,686
90,28,4,19,1719,685
90,29,4,19,1720,685
90,30,4,19,1728,686
90,31,5,20,1717,684
90,32,4,21,1724,685
90,33,4,20,1725,686
90,34,4,18,1716,685
90,35,4,18,1722,683
90,36,4,19,1724,684
90,37,4,19,1719,684
90,38,4,19,1721,684
90,39,4,21,1728,686
90,40,4,19,1719,685
90,41,4,18,1720,685
90,42,4,19,1728,685
90,43,4,19,1720,685
90,44,4,20,1722,685
90,45,4,20,1722,685
90,46,5,18,1725,686
90,47,4,19,1718,685
90,48,4,19,1720,686
90,49,5,20,1729,686
90,50,4,20,1721,684
--- 90 mm Summary | Avg: L=4 FL=20 FR=1722 R=684 ---

========================================
>>> Place micromouse at 100 mm <<<
Press button to start 5s sampling (Long press to exit)
========================================
--- Sampling 100 mm (5s @ 100ms) ---
Dist_mm,Sample,L,FL,FR,R
100,1,5,25,1426,526
100,2,5,19,1428,527
100,3,4,17,1432,526
100,4,4,20,1427,527
100,5,4,17,1433,527
100,6,4,17,1426,528
100,7,4,18,1434,527
100,8,4,18,1424,527
100,9,4,18,1433,523
100,10,4,17,1428,526
100,11,4,17,1431,527
100,12,4,16,1430,527
100,13,4,17,1428,527
100,14,4,17,1434,527
100,15,4,17,1426,525
100,16,4,17,1431,526
100,17,4,18,1433,526
100,18,4,18,1427,527
100,19,4,20,1431,527
100,20,4,19,1428,527
100,21,4,19,1428,526
100,22,4,17,1430,526
100,23,4,18,1431,526
100,24,4,18,1426,527
100,25,4,18,1431,527
100,26,4,20,1430,527
100,27,4,19,1424,527
100,28,4,18,1432,526
100,29,4,17,1432,526
100,30,4,18,1427,527
100,31,4,18,1429,527
100,32,4,20,1433,527
100,33,4,18,1428,527
100,34,4,16,1428,527
100,35,4,18,1432,526
100,36,5,18,1430,526
100,37,4,19,1427,527
100,38,4,19,1422,527
100,39,4,17,1432,527
100,40,4,18,1429,527
100,41,4,18,1424,526
100,42,4,19,1431,523
100,43,4,18,1433,526
100,44,4,18,1430,527
100,45,4,18,1426,527
100,46,4,19,1428,527
100,47,4,19,1434,526
100,48,4,18,1430,525
100,49,4,18,1427,526
100,50,4,20,1428,527
--- 100 mm Summary | Avg: L=4 FL=18 FR=1429 R=526 ---

>>> Place micromouse at 110 mm <<<
Press button to start 5s sampling (Long press to exit)
========================================
--- Sampling 110 mm (5s @ 100ms) ---
Dist_mm,Sample,L,FL,FR,R
110,1,5,60,1292,437
110,2,4,29,1295,438
110,3,4,21,1296,438
110,4,4,22,1297,438
110,5,4,19,1298,432
110,6,4,19,1296,438
110,7,4,19,1300,438
110,8,4,20,1292,438
110,9,4,20,1287,438
110,10,4,21,1293,438
110,11,4,20,1298,437
110,12,4,20,1299,437
110,13,4,19,1294,438
110,14,4,18,1296,438
110,15,4,19,1291,438
110,16,4,19,1293,438
110,17,4,19,1296,437
110,18,4,20,1297,437
110,19,4,21,1293,437
110,20,4,19,1298,437
110,21,4,18,1296,438
110,22,4,18,1291,438
110,23,4,18,1297,438
110,24,4,20,1298,437
110,25,4,20,1293,437
110,26,4,19,1296,437
110,27,4,18,1301,438
110,28,4,19,1296,438
110,29,4,19,1292,438
110,30,4,20,1297,438
110,31,4,18,1299,437
110,32,4,19,1295,437
110,33,4,19,1294,438
110,34,4,20,1296,438
110,35,4,20,1298,439
110,36,4,18,1291,438
110,37,4,19,1296,437
110,38,4,21,1296,432
110,39,4,20,1302,437
110,40,4,18,1294,438
110,41,4,19,1291,438
110,42,4,20,1292,438
110,43,4,19,1299,438
110,44,4,18,1298,437
110,45,4,19,1292,437
110,46,4,20,1296,438
110,47,4,17,1297,437
110,48,4,18,1295,438
110,49,4,19,1297,438
110,50,4,19,1291,438
--- 110 mm Summary | Avg: L=4 FL=20 FR=1295 R=437 ---

>>> Place micromouse at 120 mm <<<
Press button to start 5s sampling (Long press to exit)
========================================
--- Sampling 120 mm (5s @ 100ms) ---
Dist_mm,Sample,L,FL,FR,R
120,1,5,75,1151,355
120,2,5,56,1151,356
120,3,4,18,1152,356
120,4,4,16,1152,355
120,5,4,16,1151,355
120,6,4,16,1153,355
120,7,4,15,1153,356
120,8,4,14,1151,356
120,9,4,14,1157,356
120,10,4,13,1147,356
120,11,4,14,1153,356
120,12,4,15,1151,356
120,13,4,14,1152,356
120,14,4,14,1157,356
120,15,4,15,1147,356
120,16,4,16,1153,356
120,17,4,15,1155,356
120,18,4,14,1149,355
120,19,4,14,1151,356
120,20,4,14,1157,356
120,21,4,15,1149,355
120,22,4,16,1151,356
120,23,4,16,1158,356
120,24,4,13,1150,355
120,25,4,15,1151,356
120,26,4,15,1152,356
120,27,4,16,1152,356
120,28,4,16,1147,356
120,29,4,14,1151,356
120,30,4,15,1156,356
120,31,4,16,1151,356
120,32,4,16,1149,356
120,33,4,14,1153,356
120,34,4,15,1155,356
120,35,4,15,1153,356
120,36,4,16,1147,356
120,37,4,14,1153,356
120,38,4,15,1153,356
120,39,4,16,1156,356
120,40,4,16,1149,356
120,41,4,14,1150,356
120,42,4,15,1153,356
120,43,4,16,1156,356
120,44,4,15,1153,356
120,45,4,15,1147,356
120,46,4,15,1152,356
120,47,4,15,1153,356
120,48,4,13,1155,356
120,49,4,14,1153,356
120,50,4,16,1147,356
--- 120 mm Summary | Avg: L=4 FL=17 FR=1151 R=355 ---

>>> Place micromouse at 130 mm <<<
Press button to start 5s sampling (Long press to exit)
========================================
--- Sampling 130 mm (5s @ 100ms) ---
Dist_mm,Sample,L,FL,FR,R
130,1,5,74,1015,286
130,2,5,58,1009,286
130,3,5,15,1011,287
130,4,4,14,1011,287
130,5,4,14,1008,286
130,6,4,14,1011,286
130,7,4,14,1011,286
130,8,4,13,1009,286
130,9,4,13,1014,287
130,10,4,14,1005,287
130,11,4,15,1011,287
130,12,4,15,1011,287
130,13,4,14,1008,287
130,14,4,14,1011,287
130,15,4,12,1012,287
130,16,4,13,1007,287
130,17,4,13,1011,288
130,18,4,13,1010,287
130,19,4,15,1008,286
130,20,4,14,1012,287
130,21,4,12,1011,287
130,22,4,13,1007,287
130,23,4,14,1012,287
130,24,4,15,1013,288
130,25,4,14,1009,286
130,26,4,12,1009,287
130,27,4,14,1012,287
130,28,4,14,1012,287
130,29,4,15,1007,287
130,30,4,13,1011,287
130,31,4,14,1011,287
130,32,4,14,1012,287
130,33,4,16,1006,287
130,34,4,13,1011,287
130,35,4,13,1010,287
130,36,4,14,1013,287
130,37,4,14,1009,287
130,38,4,13,1006,287
130,39,4,13,1012,287
130,40,4,14,1014,287
130,41,4,14,1013,287
130,42,4,13,998,287
130,43,4,13,1008,287
130,44,4,15,1011,287
130,45,4,13,1013,287
130,46,4,13,1014,287
130,47,4,15,1010,287
130,48,4,14,1007,287
130,49,4,13,1011,287
130,50,4,14,1010,287
--- 130 mm Summary | Avg: L=4 FL=15 FR=1010 R=286 ---

========================================
>>> Place micromouse at 140 mm <<<
Press button to start 5s sampling (Long press to exit)
========================================
--- Sampling 140 mm (5s @ 100ms) ---
Dist_mm,Sample,L,FL,FR,R
140,1,4,18,894,210
140,2,4,15,890,210
140,3,4,13,892,210
140,4,4,13,892,209
140,5,4,12,891,210
140,6,4,13,886,210
140,7,4,33,892,210
140,8,4,19,891,210
140,9,4,14,894,210
140,10,4,14,890,210
140,11,4,14,896,210
140,12,4,13,887,210
140,13,4,13,891,210
140,14,4,13,892,210
140,15,4,16,890,209
140,16,4,15,896,209
140,17,4,14,890,210
140,18,4,14,891,210
140,19,4,13,896,210
140,20,4,13,888,210
140,21,4,14,892,210
140,22,4,14,896,209
140,23,4,15,892,209
140,24,4,14,891,209
140,25,4,13,894,209
140,26,4,13,891,209
140,27,4,13,888,209
140,28,4,15,893,208
140,29,4,14,896,209
140,30,4,12,891,209
140,31,4,13,892,209
140,32,4,14,892,209
140,33,4,15,895,209
140,34,4,13,887,209
140,35,4,13,892,208
140,36,4,13,891,209
140,37,4,15,894,209
140,38,4,13,889,210
140,39,4,13,886,210
140,40,4,13,893,209
140,41,4,15,895,209
140,42,4,13,893,209
140,43,4,13,888,210
140,44,4,13,891,210
140,45,4,15,891,210
140,46,4,12,895,210
140,47,4,13,893,209
140,48,4,15,888,209
140,49,4,13,890,209
140,50,4,13,893,210

========================================
>>> Place micromouse at 150 mm <<<
Press button to start 5s sampling (Long press to exit)
========================================
--- Sampling 150 mm (5s @ 100ms) ---
Dist_mm,Sample,L,FL,FR,R
150,1,4,19,800,91
150,2,4,14,803,89
150,3,4,23,802,92
150,4,4,50,804,93
150,5,4,39,803,94
150,6,4,32,803,95
150,7,4,37,799,97
150,8,4,37,803,98
150,9,4,31,802,99
150,10,4,32,802,99
150,11,4,27,808,99
150,12,4,28,798,98
150,13,4,26,801,99
150,14,4,25,807,98
150,15,4,26,798,99
150,16,4,26,803,98
150,17,4,27,806,98
150,18,4,27,799,98
150,19,4,28,802,99
150,20,4,27,804,99
150,21,4,26,803,98
150,22,4,26,797,98
150,23,4,25,803,98
150,24,4,28,806,98
150,25,4,28,801,98
150,26,4,27,799,98
150,27,4,28,802,97
150,28,4,30,807,97
150,29,4,30,802,96
150,30,4,28,799,96
150,31,4,30,803,96
150,32,4,33,804,95
150,33,4,35,804,94
150,34,4,32,798,94
150,35,4,32,801,93
150,36,4,34,802,93
150,37,4,34,806,93
150,38,4,31,803,93
150,39,4,31,797,93
150,40,4,32,801,93
150,41,4,31,802,92
150,42,4,30,804,92
150,43,4,26,806,93
150,44,4,22,802,93
150,45,4,21,798,92
150,46,4,24,801,92
150,47,4,27,803,91
150,48,4,26,803,91
150,49,4,25,807,90
150,50,4,24,803,89
--- 150 mm Summary | Avg: L=4 FL=28 FR=802 R=95 ---

========================================
>>> Place micromouse at 160 mm <<<
Press button to start 5s sampling (Long press to exit)
========================================
--- Sampling 160 mm (5s @ 100ms) ---
Dist_mm,Sample,L,FL,FR,R
160,1,5,40,724,0
160,2,4,43,718,0
160,3,4,60,725,0
160,4,4,66,724,0
160,5,4,55,725,0
160,6,4,42,723,0
160,7,4,36,728,0
160,8,3,32,723,0
160,9,4,30,727,0
160,10,4,30,720,0
160,11,4,33,724,0
160,12,3,37,724,0
160,13,4,43,722,0
160,14,4,46,727,0
160,15,4,48,722,0
160,16,4,48,722,0
160,17,4,48,729,0
160,18,3,50,721,0
160,19,4,51,724,0
160,20,4,53,727,0
160,21,3,52,715,0
160,22,4,50,723,0
160,23,4,51,726,0
160,24,4,53,724,0
160,25,3,54,719,0
160,26,3,55,724,0
160,27,3,54,726,0
160,28,4,55,719,0
160,29,3,55,723,0
160,30,4,57,724,0
160,31,4,56,726,0
160,32,4,56,719,0
160,33,4,57,724,0
160,34,4,60,726,0
160,35,3,59,725,0
160,36,4,58,722,0
160,37,4,61,721,0
160,38,4,63,725,0
160,39,4,62,727,0
160,40,3,62,723,0
160,41,3,63,719,0
160,42,4,65,723,0
160,43,3,62,725,0
160,44,3,65,727,0
160,45,4,66,725,0
160,46,4,64,720,0
160,47,3,65,721,0
160,48,3,66,724,0
160,49,3,64,725,0
160,50,3,64,728,0
--- 160 mm Summary | Avg: L=3 FL=53 FR=723 R=0 ---

>>> Place micromouse at 170 mm <<<
Press button to start 5s sampling (Long press to exit)
========================================
--- Sampling 170 mm (5s @ 100ms) ---
Dist_mm,Sample,L,FL,FR,R
170,1,5,34,651,0
170,2,4,29,651,0
170,3,4,25,655,0
170,4,4,52,651,0
170,5,4,56,657,0
170,6,4,43,650,0
170,7,3,29,652,0
170,8,3,25,655,0
170,9,4,30,651,0
170,10,4,37,653,0
170,11,4,39,654,0
170,12,4,36,649,0
170,13,3,35,654,0
170,14,4,32,655,0
170,15,3,34,648,0
170,16,3,32,653,0
170,17,4,31,657,0
170,18,4,32,653,0
170,19,4,35,650,0
170,20,4,35,655,0
170,21,3,34,657,0
170,22,3,34,651,0
170,23,3,35,650,0
170,24,4,36,652,0
170,25,3,33,657,0
170,26,3,34,653,0
170,27,3,35,650,0
170,28,3,34,653,0
170,29,4,34,653,0
170,30,3,34,658,0
170,31,3,34,652,0
170,32,3,32,650,0
170,33,3,32,652,0
170,34,3,33,655,0
170,35,3,31,658,0
170,36,3,32,653,0
170,37,4,34,652,0
170,38,4,31,649,0
170,39,4,33,654,0
170,40,4,34,654,0
170,41,4,32,657,0
170,42,3,33,655,0
170,43,4,35,652,0
170,44,4,33,649,0
170,45,4,34,651,0
170,46,3,34,654,0
170,47,4,34,653,0
170,48,3,36,656,0
170,49,4,33,656,0
170,50,3,33,652,0
--- 170 mm Summary | Avg: L=3 FL=34 FR=653 R=0 ---

>>> Place micromouse at 180 mm <<<
Press button to start 5s sampling (Long press to exit)
========================================
--- Sampling 180 mm (5s @ 100ms) ---
Dist_mm,Sample,L,FL,FR,R
180,1,7,26,591,0
180,2,5,25,591,0
180,3,4,16,590,0
180,4,4,16,592,0
180,5,3,32,593,0
180,6,4,48,591,0
180,7,3,40,595,0
180,8,4,34,588,0
180,9,3,27,593,0
180,10,3,24,592,0
180,11,4,25,588,0
180,12,4,29,592,0
180,13,3,26,593,0
180,14,3,26,587,0
180,15,4,25,592,0
180,16,3,24,594,0
180,17,4,24,587,0
180,18,4,25,592,0
180,19,4,27,595,0
180,20,3,27,592,0
180,21,4,25,588,0
180,22,4,26,591,0
180,23,4,26,595,0
180,24,4,27,590,0
180,25,3,25,589,0
180,26,3,26,591,0
180,27,3,27,596,0
180,28,3,26,592,0
180,29,4,25,587,0
180,30,3,25,593,0
180,31,3,27,592,0
180,32,4,25,596,0
180,33,3,26,591,0
180,34,3,28,587,0
180,35,3,26,592,0
180,36,3,26,592,0
180,37,3,27,596,0
180,38,3,25,592,0
180,39,4,26,589,0
180,40,3,27,588,0
180,41,3,26,591,0
180,42,3,26,592,0
180,43,3,27,595,0
180,44,3,25,593,0
180,45,4,26,590,0
180,46,3,27,583,0
180,47,3,25,592,0
180,48,3,26,591,0
180,49,4,27,593,0
180,50,4,26,596,0
--- 180 mm Summary | Avg: L=3 FL=26 FR=591 R=0 ---

========================================
>>> Place micromouse at 190 mm <<<
Press button to start 5s sampling (Long press to exit)
========================================
--- Sampling 190 mm (5s @ 100ms) ---
Dist_mm,Sample,L,FL,FR,R
190,1,4,15,536,0
190,2,4,14,535,0
190,3,4,14,537,0
190,4,3,24,536,0
190,5,4,49,538,0
190,6,4,50,540,0
190,7,4,48,533,0
190,8,3,51,538,0
190,9,4,54,537,0
190,10,3,56,536,0
190,11,4,55,539,0
190,12,3,55,537,0
190,13,4,56,535,0
190,14,3,54,538,0
190,15,3,55,537,0
190,16,3,56,533,0
190,17,3,60,538,0
190,18,3,59,541,0
190,19,3,58,537,0
190,20,3,57,537,0
190,21,3,57,537,0
190,22,3,56,541,0
190,23,3,57,536,0
190,24,3,57,535,0
190,25,3,58,537,0
190,26,3,56,541,0
190,27,3,57,535,0
190,28,3,59,532,0
190,29,3,58,537,0
190,30,3,58,537,0
190,31,3,59,542,0
190,32,3,59,538,0
190,33,4,58,532,0
190,34,3,60,535,0
190,35,3,60,537,0
190,36,3,58,539,0
190,37,4,59,541,0
190,38,3,59,538,0
190,39,3,58,535,0
190,40,3,60,533,0
190,41,3,59,537,0
190,42,3,59,537,0
190,43,3,61,540,0
190,44,3,59,541,0
190,45,3,59,539,0
190,46,3,61,536,0
190,47,3,59,533,0
190,48,3,60,535,0
190,49,3,60,537,0
190,50,3,60,538,0
--- 190 mm Summary | Avg: L=3 FL=54 FR=536 R=0 ---

>>> Place micromouse at 200 mm <<<
Press button to start 5s sampling (Long press to exit)
========================================
--- Sampling 200 mm (5s @ 100ms) ---
Dist_mm,Sample,L,FL,FR,R
200,1,6,23,485,0
200,2,4,15,480,0
200,3,4,15,486,0
200,4,3,51,481,0
200,5,3,39,485,0
200,6,3,27,487,0
200,7,3,23,480,0
200,8,3,20,484,0
200,9,3,18,488,0
200,10,3,18,481,0
200,11,3,16,484,0
200,12,3,18,489,0
200,13,4,19,483,0
200,14,3,17,483,0
200,15,3,20,485,0
200,16,3,21,487,0
200,17,3,26,482,0
200,18,3,27,482,0
200,19,3,28,485,0
200,20,4,29,489,0
200,21,3,29,485,0
200,22,3,28,480,0
200,23,3,28,484,0
200,24,3,30,486,0
200,25,3,28,488,0
200,26,3,29,485,0
200,27,3,32,480,0
200,28,3,31,484,0
200,29,4,34,485,0
200,30,4,37,488,0
200,31,4,35,487,0
200,32,4,37,483,0
200,33,4,39,480,0
200,34,4,36,483,0
200,35,4,37,486,0
200,36,4,37,487,0
200,37,4,35,488,0
200,38,4,34,485,0
200,39,4,32,483,0
200,40,4,30,480,0
200,41,4,32,482,0
200,42,3,29,484,0
200,43,4,29,485,0
200,44,4,30,487,0
200,45,3,28,489,0
200,46,4,29,486,0
200,47,4,28,485,0
200,48,4,29,483,0
200,49,4,29,480,0
200,50,4,29,481,0
--- 200 mm Summary | Avg: L=3 FL=28 FR=484 R=0 ---

========================================
>>> Place micromouse at 210 mm <<<
Press button to start 5s sampling (Long press to exit)
========================================
--- Sampling 210 mm (5s @ 100ms) ---
Dist_mm,Sample,L,FL,FR,R
210,1,6,23,445,0
210,2,4,17,439,0
210,3,3,20,446,0
210,4,3,55,437,0
210,5,3,44,443,0
210,6,3,31,441,0
210,7,3,28,442,0
210,8,3,23,446,0
210,9,3,19,440,0
210,10,3,16,442,0
210,11,3,18,445,0
210,12,3,18,442,0
210,13,3,19,441,0
210,14,3,18,443,0
210,15,3,18,443,0
210,16,3,20,437,0
210,17,3,23,442,0
210,18,3,22,444,0
210,19,3,20,444,0
210,20,3,21,438,0
210,21,3,22,441,0
210,22,3,21,442,0
210,23,3,20,446,0
210,24,3,20,441,0
210,25,3,22,438,0
210,26,3,19,442,0
210,27,3,20,443,0
210,28,3,22,447,0
210,29,3,19,442,0
210,30,3,20,437,0
210,31,3,22,440,0
210,32,3,20,442,0
210,33,3,20,444,0
210,34,4,22,446,0
210,35,4,19,444,0
210,36,3,20,440,0
210,37,3,22,438,0
210,38,3,19,442,0
210,39,3,21,442,0
210,40,3,21,443,0
210,41,3,20,445,0
210,42,3,21,445,0
210,43,3,20,442,0
210,44,3,20,440,0
210,45,3,22,439,0
210,46,3,19,439,0
210,47,3,20,441,0
210,48,3,21,442,0
210,49,3,20,442,0
210,50,3,22,444,0
--- 210 mm Summary | Avg: L=3 FL=21 FR=441 R=0 ---

>>> Place micromouse at 220 mm <<<
Press button to start 5s sampling (Long press to exit)
========================================
--- Sampling 220 mm (5s @ 100ms) ---
Dist_mm,Sample,L,FL,FR,R
220,1,7,15,401,0
220,2,5,14,410,0
220,3,5,15,403,0
220,4,3,40,406,0
220,5,3,31,408,0
220,6,3,18,402,0
220,7,3,16,408,0
220,8,3,15,408,0
220,9,3,17,404,0
220,10,3,16,407,0
220,11,3,17,411,0
220,12,3,22,407,0
220,13,3,29,407,0
220,14,3,37,408,0
220,15,3,35,412,0
220,16,3,41,407,0
220,17,3,48,405,0
220,18,3,39,408,0
220,19,3,33,411,0
220,20,3,35,409,0
220,21,3,37,404,0
220,22,3,36,406,0
220,23,3,38,408,0
220,24,3,38,410,0
220,25,3,36,411,0
220,26,3,36,407,0
220,27,3,35,404,0
220,28,3,35,406,0
220,29,3,37,408,0
220,30,3,35,408,0
220,31,4,34,412,0
220,32,3,34,410,0
220,33,3,31,406,0
220,34,3,32,404,0
220,35,3,33,403,0
220,36,3,32,407,0
220,37,3,34,408,0
220,38,3,32,408,0
220,39,3,33,412,0
220,40,4,39,411,0
220,41,3,37,409,0
220,42,3,37,408,0
220,43,3,33,407,0
220,44,3,33,404,0
220,45,3,33,404,0
220,46,3,32,406,0
220,47,3,34,407,0
220,48,3,33,408,0
220,49,3,35,408,0
220,50,3,32,409,0
--- 220 mm Summary | Avg: L=3 FL=31 FR=407 R=0 ---

========================================
>>> Place micromouse at 230 mm <<<
Press button to start 5s sampling (Long press to exit)
========================================
--- Sampling 230 mm (5s @ 100ms) ---
Dist_mm,Sample,L,FL,FR,R
230,1,5,19,375,0
230,2,4,16,368,0
230,3,4,24,373,0
230,4,3,40,370,0
230,5,3,26,370,0
230,6,4,24,372,0
230,7,3,24,375,0
230,8,3,21,370,0
230,9,3,22,372,0
230,10,4,25,374,0
230,11,3,28,376,0
230,12,3,26,372,0
230,13,3,27,368,0
230,14,3,29,373,0
230,15,3,27,374,0
230,16,3,28,376,0
230,17,3,31,373,0
230,18,3,30,366,0
230,19,3,31,370,0
230,20,3,31,373,0
230,21,3,28,374,0
230,22,3,29,377,0
230,23,3,30,374,0
230,24,3,26,372,0
230,25,3,26,369,0
230,26,3,24,369,0
230,27,3,24,371,0
230,28,3,26,372,0
230,29,3,23,373,0
230,30,3,24,374,0
230,31,3,24,376,0
230,32,3,24,374,0
230,33,3,25,373,0
230,34,3,24,370,0
230,35,3,25,367,0
230,36,3,23,368,0
230,37,3,23,369,0
230,38,3,24,371,0
230,39,3,24,371,0
230,40,3,25,372,0
230,41,3,24,373,0
230,42,3,26,372,0
230,43,3,24,374,0
230,44,3,26,375,0
230,45,3,24,376,0
230,46,3,27,376,0
230,47,3,24,376,0
230,48,3,27,376,0
230,49,3,25,375,0
230,50,4,26,374,0
--- 230 mm Summary | Avg: L=3 FL=25 FR=372 R=0 ---

>>> Place micromouse at 240 mm <<<
Press button to start 5s sampling (Long press to exit)
========================================
--- Sampling 240 mm (5s @ 100ms) ---
Dist_mm,Sample,L,FL,FR,R
240,1,4,15,340,0
240,2,4,14,341,0
240,3,3,13,338,0
240,4,3,16,341,0
240,5,3,49,341,0
240,6,3,19,338,0
240,7,3,15,342,0
240,8,3,13,347,0
240,9,3,12,342,0
240,10,3,12,340,0
240,11,3,14,343,0
240,12,3,11,344,0
240,13,3,12,345,0
240,14,3,14,341,0
240,15,3,12,339,0
240,16,3,12,342,0
240,17,3,14,343,0
240,18,3,12,345,0
240,19,3,12,343,0
240,20,3,13,342,0
240,21,3,12,337,0
240,22,3,13,339,0
240,23,3,13,342,0
240,24,3,12,342,0
240,25,3,14,342,0
240,26,3,11,346,0
240,27,3,12,344,0
240,28,3,13,342,0
240,29,3,12,340,0
240,30,3,14,337,0
240,31,3,12,339,0
240,32,4,14,341,0
240,33,3,12,341,0
240,34,3,12,342,0
240,35,3,13,342,0
240,36,3,13,343,0
240,37,3,13,344,0
240,38,3,12,346,0
240,39,3,13,346,0
240,40,3,12,345,0
240,41,3,14,345,0
240,42,4,12,343,0
240,43,3,14,343,0
240,44,3,12,341,0
240,45,3,13,340,0
240,46,4,12,341,0
240,47,3,12,340,0
240,48,3,12,341,0
240,49,3,13,339,0
240,50,3,12,339,0
--- 240 mm Summary | Avg: L=3 FL=13 FR=341 R=0 ---

========================================
>>> Place micromouse at 250 mm <<<
Press button to start 5s sampling (Long press to exit)
========================================
--- Sampling 250 mm (5s @ 100ms) ---
Dist_mm,Sample,L,FL,FR,R
250,1,5,49,309,0
250,2,4,52,304,0
250,3,3,58,308,0
250,4,4,13,309,0
250,5,3,12,304,0
250,6,3,14,308,0
250,7,3,13,314,0
250,8,3,11,311,0
250,9,3,13,306,0
250,10,3,14,309,0
250,11,4,11,310,0
250,12,3,12,313,0
250,13,3,14,309,0
250,14,3,12,307,0
250,15,3,12,305,0
250,16,3,14,310,0
250,17,3,11,310,0
250,18,3,12,313,0
250,19,3,13,313,0
250,20,3,12,310,0
250,21,3,13,309,0
250,22,3,12,306,0
250,23,3,12,307,0
250,24,3,14,309,0
250,25,3,12,310,0
250,26,3,14,310,0
250,27,3,11,311,0
250,28,3,13,314,0
250,29,3,12,314,0
250,30,3,13,313,0
250,31,3,13,310,0
250,32,3,12,309,0
250,33,3,13,309,0
250,34,3,12,307,0
250,35,3,13,306,0
250,36,4,12,305,0
250,37,3,12,306,0
250,38,4,12,307,0
250,39,4,12,308,0
250,40,3,13,309,0
250,41,3,12,308,0
250,42,3,13,309,0
250,43,3,13,309,0
250,44,4,13,309,0
250,45,3,12,309,0
250,46,3,12,309,0
250,47,4,12,310,0
250,48,3,13,309,0
250,49,3,12,310,0
250,50,3,13,309,0
--- 250 mm Summary | Avg: L=3 FL=14 FR=309 R=0 ---

*** IR SENSOR CALIBRATION COMPLETE (10-250mm) ***
========================================
state:PreCalib

FATAL: read zero bytes from port
term_exitfunc: reset failed for dev UNKNOWN: Input/output error
