Press button to start 5s sampling (Long press to exit)
========================================
--- Sampling 10 mm (5s @ 100ms) ---
Dist_mm,Sample,L,FL,FR,R
10,1,3186,8,1721,987
10,2,3180,8,1722,999
10,3,3175,8,1723,1027
10,4,3187,8,1722,999
10,5,3190,8,1721,1003
10,6,3187,8,1722,1004
10,7,3190,8,1722,1006
10,8,3191,8,1723,1005
10,9,3192,8,1722,1003
10,10,3194,8,1726,1014
10,11,3195,8,1728,1017
10,12,3189,8,1731,1010
10,13,3180,8,1732,1046
10,14,3148,8,1738,1401
10,15,3162,8,1735,1240
10,16,3180,8,1732,1033
10,17,3180,8,1735,1020
10,18,3180,8,1736,1012
10,19,3182,8,1736,991
10,20,3188,8,1737,993
10,21,3190,8,1740,994
10,22,3175,8,1741,1015
10,23,3173,8,1737,1036
10,24,3188,8,1730,986
10,25,3180,8,1734,985
10,26,3170,8,1737,996
10,27,3170,8,1734,979
10,28,3190,8,1731,977
10,29,3194,8,1730,986
10,30,3183,8,1735,964
10,31,3193,8,1733,981
10,32,3186,8,1734,965
10,33,3173,8,1737,955
10,34,3174,8,1739,954
10,35,3168,8,1740,954
10,36,3168,8,1740,958
10,37,3157,8,1741,970
10,38,3154,8,1738,970
10,39,3162,8,1738,959
10,40,3174,8,1734,949
10,41,3181,8,1730,950
10,42,3175,8,1730,948
10,43,3167,8,1731,954
10,44,3165,8,1728,958
10,45,3156,8,1724,974
10,46,3158,8,1718,954
10,47,3167,8,1715,941
10,48,3171,8,1714,938
10,49,3157,8,1712,940
10,50,3157,8,1711,932
--- 10 mm Summary | Avg: L=3176 FL=8 FR=1730 R=996 ---

>>> Place micromouse at 20 mm <<<
Press button to start 5s sampling (Long press to exit)
========================================
--- Sampling 20 mm (5s @ 100ms) ---
Dist_mm,Sample,L,FL,FR,R
20,1,3273,9,1756,691
20,2,3273,9,1755,690
20,3,3273,9,1756,691
20,4,3273,9,1756,691
20,5,3273,9,1756,690
20,6,3273,13,1756,691
20,7,3273,26,1755,690
20,8,3273,32,1756,690
20,9,3272,36,1754,688
20,10,3273,40,1757,690
20,11,3273,42,1757,690
20,12,3272,44,1753,686
20,13,3272,46,1755,688
20,14,3272,47,1754,687
20,15,3272,46,1755,687
20,16,3272,46,1756,687
20,17,3272,46,1755,687
20,18,3272,50,1753,685
20,19,3272,57,1753,685
20,20,3272,59,1753,685
20,21,3272,59,1753,684
20,22,3272,57,1751,683
20,23,3271,56,1751,683
20,24,3271,57,1752,683
20,25,3271,58,1750,682
20,26,3271,58,1752,683
20,27,3272,61,1755,684
20,28,3272,63,1753,683
20,29,3271,63,1751,682
20,30,3271,62,1752,683
20,31,3271,61,1752,683
20,32,3271,60,1752,682
20,33,3272,60,1757,685
20,34,3271,60,1753,683
20,35,3271,61,1754,684
20,36,3271,61,1753,683
20,37,3271,61,1751,682
20,38,3271,61,1751,682
20,39,3271,62,1751,681
20,40,3270,63,1750,681
20,41,3270,62,1749,679
20,42,3270,62,1748,679
20,43,3270,61,1747,679
20,44,3270,61,1748,679
20,45,3270,61,1748,679
20,46,3270,61,1748,679
20,47,3270,62,1749,680
20,48,3270,62,1750,680
20,49,3270,62,1749,679
20,50,3270,62,1748,678
--- 20 mm Summary | Avg: L=3271 FL=49 FR=1752 R=684 ---

>>> Place micromouse at 30 mm <<<
Press button to start 5s sampling (Long press to exit)
========================================
--- Sampling 30 mm (5s @ 100ms) ---
Dist_mm,Sample,L,FL,FR,R
30,1,3262,284,924,378
30,2,3257,288,924,377
30,3,3258,292,926,378
30,4,3257,294,925,378
30,5,3258,296,925,378
30,6,3258,298,925,378
30,7,3257,299,925,378
30,8,3257,299,925,378
30,9,3258,300,925,378
30,10,3257,301,925,378
30,11,3257,301,926,378
30,12,3257,301,925,378
30,13,3257,301,925,378
30,14,3257,301,925,378
30,15,3257,301,925,378
30,16,3257,301,925,378
30,17,3257,301,925,378
30,18,3257,302,925,378
30,19,3257,303,925,378
30,20,3257,306,925,378
30,21,3257,308,925,378
30,22,3257,309,925,378
30,23,3257,308,925,378
30,24,3258,308,926,378
30,25,3256,306,924,377
30,26,3256,306,925,378
30,27,3257,305,925,378
30,28,3257,304,925,378
30,29,3257,304,925,378
30,30,3257,304,925,378
30,31,3257,303,925,378
30,32,3257,303,925,378
30,33,3257,302,925,378
30,34,3257,301,925,378
30,35,3257,301,925,378
30,36,3257,301,925,378
30,37,3257,300,925,378
30,38,3257,300,925,378
30,39,3257,301,925,378
30,40,3257,301,926,378
30,41,3257,301,925,378
30,42,3257,301,925,378
30,43,3257,301,925,378
30,44,3257,302,926,378
30,45,3256,302,926,378
30,46,3257,302,926,378
30,47,3257,302,925,378
30,48,3257,302,926,378
30,49,3256,302,925,378
30,50,3256,302,925,378
--- 30 mm Summary | Avg: L=3257 FL=301 FR=925 R=377 ---

========================================
>>> Place micromouse at 40 mm <<<
Press button to start 5s sampling (Long press to exit)
========================================
--- Sampling 40 mm (5s @ 100ms) ---
Dist_mm,Sample,L,FL,FR,R
40,1,3221,2808,698,371
40,2,3221,2808,697,371
40,3,3222,2808,698,371
40,4,3221,2808,698,371
40,5,3221,2809,698,371
40,6,3221,2808,697,371
40,7,3221,2809,698,371
40,8,3221,2808,698,371
40,9,3221,2809,698,371
40,10,3221,2808,697,371
40,11,3222,2808,697,371
40,12,3221,2808,697,371
40,13,3221,2808,697,371
40,14,3221,2808,697,371
40,15,3221,2808,697,371
40,16,3221,2807,697,371
40,17,3221,2808,697,371
40,18,3222,2810,698,372
40,19,3222,2812,699,372
40,20,3222,2812,699,372
40,21,3221,2812,699,372
40,22,3222,2812,699,372
40,23,3222,2812,699,372
40,24,3222,2812,699,372
40,25,3221,2809,698,371
40,26,3221,2809,698,371
40,27,3221,2809,698,371
40,28,3221,2809,698,371
40,29,3221,2809,698,371
40,30,3221,2809,698,371
40,31,3220,2808,698,371
40,32,3221,2809,698,371
40,33,3221,2809,698,371
40,34,3221,2809,697,371
40,35,3221,2809,698,371
40,36,3221,2809,698,371
40,37,3221,2808,698,371
40,38,3221,2809,698,371
40,39,3221,2809,698,371
40,40,3221,2809,698,371
40,41,3221,2809,697,371
40,42,3221,2809,698,371
40,43,3221,2809,698,371
40,44,3221,2809,698,371
40,45,3221,2810,698,371
40,46,3220,2809,698,371
40,47,3220,2809,698,371
40,48,3221,2809,698,372
40,49,3221,2809,698,371
40,50,3221,2810,699,372
--- 40 mm Summary | Avg: L=3221 FL=2809 FR=697 R=371 ---

>>> Place micromouse at 50 mm <<<
Press button to start 5s sampling (Long press to exit)
========================================
--- Sampling 50 mm (5s @ 100ms) ---
Dist_mm,Sample,L,FL,FR,R
50,1,3188,3055,206,364
50,2,3185,3049,153,364
50,3,3185,3049,104,364
50,4,3185,3049,102,364
50,5,3185,3049,101,364
50,6,3185,3049,101,364
50,7,3186,3049,101,364
50,8,3185,3049,101,364
50,9,3186,3049,102,365
50,10,3185,3049,102,365
50,11,3185,3049,102,364
50,12,3185,3049,102,365
50,13,3185,3049,102,365
50,14,3185,3049,101,364
50,15,3185,3049,102,365
50,16,3185,3049,102,365
50,17,3185,3049,102,365
50,18,3185,3049,102,365
50,19,3185,3049,102,365
50,20,3185,3049,102,365
50,21,3185,3049,102,365
50,22,3185,3049,102,365
50,23,3185,3049,102,365
50,24,3185,3049,102,365
50,25,3185,3050,102,366
50,26,3185,3050,102,366
50,27,3185,3049,103,366
50,28,3185,3050,102,366
50,29,3185,3049,102,366
50,30,3185,3049,102,366
50,31,3185,3050,102,366
50,32,3185,3049,102,366
50,33,3184,3048,102,365
50,34,3185,3049,102,365
50,35,3185,3049,102,365
50,36,3184,3048,102,365
50,37,3184,3048,102,364
50,38,3184,3049,102,364
50,39,3185,3049,102,365
50,40,3184,3048,101,364
50,41,3185,3049,102,365
50,42,3184,3049,102,365
50,43,3184,3049,102,365
50,44,3184,3049,102,365
50,45,3184,3048,102,364
50,46,3184,3048,102,365
50,47,3184,3049,102,365
50,48,3184,3048,102,365
50,49,3184,3048,102,365
50,50,3184,3048,102,365
--- 50 mm Summary | Avg: L=3184 FL=3049 FR=105 R=364 ---

========================================
>>> Place micromouse at 60 mm <<<
Press button to start 5s sampling (Long press to exit)
========================================
--- Sampling 60 mm (5s @ 100ms) ---
Dist_mm,Sample,L,FL,FR,R
60,1,3182,3128,36,364
60,2,3180,3125,36,364
60,3,3181,3125,36,364
60,4,3181,3125,36,364
60,5,3181,3125,36,364
60,6,3180,3125,36,364
60,7,3181,3125,35,364
60,8,3180,3125,36,364
60,9,3180,3125,36,364
60,10,3181,3125,36,364
60,11,3180,3125,36,364
60,12,3181,3125,36,364
60,13,3180,3124,36,364
60,14,3180,3125,36,364
60,15,3180,3125,36,364
60,16,3180,3125,36,364
60,17,3180,3125,36,364
60,18,3180,3125,36,364
60,19,3180,3124,35,364
60,20,3180,3125,36,364
60,21,3180,3124,36,364
60,22,3180,3124,35,364
60,23,3180,3125,36,364
60,24,3180,3124,36,364
60,25,3180,3124,36,364
60,26,3180,3125,35,364
60,27,3180,3124,35,364
60,28,3180,3124,35,363
60,29,3180,3124,36,364
60,30,3180,3124,36,364
60,31,3180,3124,36,363
60,32,3180,3125,36,364
60,33,3180,3124,36,364
60,34,3180,3124,36,364
60,35,3180,3124,36,364
60,36,3180,3124,36,364
60,37,3180,3125,35,364
60,38,3180,3125,36,364
60,39,3180,3125,36,364
60,40,3180,3124,35,364
60,41,3180,3124,36,364
60,42,3180,3124,36,364
60,43,3180,3124,36,364
60,44,3180,3124,36,364
60,45,3180,3125,35,364
60,46,3180,3124,36,364
60,47,3180,3124,36,364
60,48,3180,3124,36,364
60,49,3180,3124,36,364
60,50,3180,3124,35,364

========================================
>>> Place micromouse at 70 mm <<<
Press button to start 5s sampling (Long press to exit)
========================================
--- Sampling 70 mm (5s @ 100ms) ---
Dist_mm,Sample,L,FL,FR,R
70,1,3195,3101,297,366
70,2,3194,3098,290,365
70,3,3194,3098,78,365
70,4,3194,3098,16,364
70,5,3194,3098,12,364
70,6,3194,3098,12,364
70,7,3194,3098,11,364
70,8,3194,3098,12,364
70,9,3194,3098,12,364
70,10,3194,3098,12,364
70,11,3194,3098,12,364
70,12,3194,3098,11,364
70,13,3194,3098,11,364
70,14,3194,3098,11,364
70,15,3194,3098,11,364
70,16,3194,3098,11,364
70,17,3194,3097,11,364
70,18,3194,3098,11,364
70,19,3194,3098,11,364
70,20,3194,3098,11,364
70,21,3194,3098,11,365
70,22,3194,3098,11,365
70,23,3194,3098,11,365
70,24,3194,3098,11,364
70,25,3194,3098,11,365
70,26,3194,3098,11,365
70,27,3194,3098,11,365
70,28,3194,3098,11,365
70,29,3194,3097,11,365
70,30,3194,3098,11,365
70,31,3194,3098,11,365
70,32,3194,3098,11,365
70,33,3194,3098,11,365
70,34,3194,3098,11,365
70,35,3194,3098,11,365
70,36,3194,3098,11,365
70,37,3194,3098,11,366
70,38,3194,3098,11,365
70,39,3194,3098,11,364
70,40,3194,3098,11,365
70,41,3193,3098,11,365
70,42,3194,3098,11,365
70,43,3194,3098,11,365
70,44,3193,3098,11,365
70,45,3194,3098,11,365
70,46,3194,3098,11,365
70,47,3194,3098,11,365
70,48,3194,3098,11,365
70,49,3194,3098,11,365
70,50,3193,3098,11,365
--- 70 mm Summary | Avg: L=3193 FL=3098 FR=23 R=364 ---

>>> Place micromouse at 80 mm <<<
Press button to start 5s sampling (Long press to exit)
========================================
--- Sampling 80 mm (5s @ 100ms) ---
Dist_mm,Sample,L,FL,FR,R
80,1,3166,2934,74,366
80,2,3167,2932,37,365
80,3,3167,2932,56,365
80,4,3166,2932,62,365
80,5,3166,2932,60,364
80,6,3167,2932,64,365
80,7,3167,2932,9,365
80,8,3166,2932,6,365
80,9,3166,2932,6,365
80,10,3166,2932,6,365
80,11,3166,2932,6,365
80,12,3166,2932,6,365
80,13,3166,2932,6,365
80,14,3166,2932,6,365
80,15,3167,2934,6,366
80,16,3167,2934,6,366
80,17,3167,2933,6,366
80,18,3167,2934,6,366
80,19,3167,2934,6,366
80,20,3167,2933,6,366
80,21,3167,2933,6,366
80,22,3167,2934,6,366
80,23,3167,2934,6,366
80,24,3166,2933,6,366
80,25,3166,2934,6,366
80,26,3166,2933,6,366
80,27,3166,2933,6,366
80,28,3166,2934,6,366
80,29,3166,2934,6,366
80,30,3167,2933,6,366
80,31,3167,2934,6,366
80,32,3166,2932,6,365
80,33,3166,2932,6,365
80,34,3166,2932,6,365
80,35,3166,2932,6,365
80,36,3166,2932,6,365
80,37,3166,2932,6,365
80,38,3166,2932,6,365
80,39,3166,2932,6,364
80,40,3166,2932,6,365
80,41,3166,2932,6,365
80,42,3166,2932,6,365
80,43,3166,2932,6,365
80,44,3166,2932,6,365
80,45,3166,2932,6,365
80,46,3166,2932,6,365
80,47,3166,2932,6,365
80,48,3166,2932,6,365
80,49,3166,2932,6,365
80,50,3166,2932,6,365
--- 80 mm Summary | Avg: L=3166 FL=2932 FR=12 R=365 ---

========================================
>>> Place micromouse at 90 mm <<<
Press button to start 5s sampling (Long press to exit)
========================================
--- Sampling 90 mm (5s @ 100ms) ---
Dist_mm,Sample,L,FL,FR,R
90,1,3102,2056,317,367
90,2,3103,2055,305,367
90,3,3103,2054,255,366
90,4,3103,2053,148,365
90,5,3103,2053,44,365
90,6,3103,2054,56,365
90,7,3103,2053,48,365
90,8,3103,2053,52,365
90,9,3103,2054,45,365
90,10,3102,2053,8,365
90,11,3102,2053,6,365
90,12,3103,2055,6,366
90,13,3103,2053,6,365
90,14,3102,2053,6,365
90,15,3103,2054,6,365
90,16,3103,2053,6,365
90,17,3103,2053,6,365
90,18,3103,2054,6,365
90,19,3102,2054,6,365
90,20,3102,2052,6,365
90,21,3103,2055,6,366
90,22,3103,2053,6,365
90,23,3102,2053,6,365
90,24,3103,2054,6,365
90,25,3103,2054,6,365
90,26,3102,2052,6,365
90,27,3102,2053,6,365
90,28,3102,2054,6,365
90,29,3102,2054,6,365
90,30,3102,2054,6,365
90,31,3102,2054,6,365
90,32,3102,2054,6,365
90,33,3102,2054,6,365
90,34,3102,2054,6,365
90,35,3102,2054,6,365
90,36,3102,2053,6,365
90,37,3102,2055,6,366
90,38,3102,2054,6,365
90,39,3102,2055,6,365
90,40,3102,2054,6,365
90,41,3102,2054,6,365
90,42,3102,2054,6,366
90,43,3102,2054,6,365
90,44,3102,2055,6,366
90,45,3102,2054,6,365
90,46,3102,2054,6,365
90,47,3102,2054,6,365
90,48,3102,2055,6,366
90,49,3102,2055,6,366
90,50,3102,2053,6,365
--- 90 mm Summary | Avg: L=3102 FL=2053 FR=30 R=365 ---

========================================
>>> Place micromouse at 100 mm <<<
Press button to start 5s sampling (Long press to exit)
========================================
--- Sampling 100 mm (5s @ 100ms) ---
Dist_mm,Sample,L,FL,FR,R
100,1,2914,1468,182,366
100,2,2914,1468,171,366
100,3,2913,1467,68,366
100,4,2914,1467,9,366
100,5,2913,1466,7,366
100,6,2913,1466,6,366
100,7,2913,1466,6,366
100,8,2914,1467,6,366
100,9,2913,1466,6,366
100,10,2913,1467,6,366
100,11,2914,1467,6,366
100,12,2913,1467,6,366
100,13,2913,1466,6,366
100,14,2916,1470,6,367
100,15,2916,1469,6,367
100,16,2916,1470,6,367
100,17,2916,1470,6,367
100,18,2916,1470,6,367
100,19,2916,1469,6,367
100,20,2916,1470,6,367
100,21,2916,1469,6,367
100,22,2916,1469,6,367
100,23,2916,1469,6,367
100,24,2916,1469,6,367
100,25,2916,1469,6,367
100,26,2917,1470,6,367
100,27,2916,1469,6,367
100,28,2916,1470,6,367
100,29,2916,1470,6,367
100,30,2916,1469,6,367
100,31,2916,1469,6,367
100,32,2917,1470,6,367
100,33,2916,1469,6,367
100,34,2915,1468,6,367
100,35,2914,1467,6,366
100,36,2913,1466,6,366
100,37,2913,1466,6,366
100,38,2913,1466,6,366
100,39,2912,1466,6,365
100,40,2912,1466,6,365
100,41,2913,1466,6,366
100,42,2912,1466,6,366
100,43,2912,1466,6,366
100,44,2913,1466,6,366
100,45,2913,1466,6,366
100,46,2913,1466,6,366
100,47,2913,1466,6,366
100,48,2913,1466,6,366
100,49,2912,1466,6,366
100,50,2913,1466,6,366
--- 100 mm Summary | Avg: L=2914 FL=1467 FR=14 R=366 ---

>>> Place micromouse at 110 mm <<<
Press button to start 5s sampling (Long press to exit)
========================================
--- Sampling 110 mm (5s @ 100ms) ---
Dist_mm,Sample,L,FL,FR,R
110,1,2489,1200,80,366
110,2,2490,1201,68,367
110,3,2489,1200,62,366
110,4,2491,1201,55,367
110,5,2490,1200,26,366
110,6,2489,1199,8,366
110,7,2488,1199,6,366
110,8,2490,1200,6,366
110,9,2489,1200,7,366
110,10,2489,1200,8,366
110,11,2490,1200,10,366
110,12,2489,1200,6,366
110,13,2489,1200,6,366
110,14,2490,1200,6,366
110,15,2491,1200,6,367
110,16,2489,1199,6,366
110,17,2490,1200,6,366
110,18,2490,1200,6,366
110,19,2489,1200,6,366
110,20,2490,1200,6,366
110,21,2489,1200,6,366
110,22,2489,1200,6,366
110,23,2491,1201,6,367
110,24,2489,1200,6,366
110,25,2489,1200,6,366
110,26,2490,1200,6,366
110,27,2490,1200,6,366
110,28,2489,1200,6,366
110,29,2490,1200,6,366
110,30,2490,1200,6,366
110,31,2489,1200,6,366
110,32,2490,1200,5,366
110,33,2488,1199,6,366
110,34,2488,1199,6,366
110,35,2489,1199,6,366
110,36,2488,1199,6,366
110,37,2488,1199,6,366
110,38,2488,1199,6,366
110,39,2488,1199,6,366
110,40,2488,1199,6,366
110,41,2489,1200,6,366
110,42,2488,1199,6,366
110,43,2488,1199,6,366
110,44,2489,1199,6,366
110,45,2488,1199,6,366
110,46,2488,1199,6,366
110,47,2488,1199,6,366
110,48,2488,1199,6,366
110,49,2488,1199,6,366
110,50,2488,1199,6,366

>>> Place micromouse at 120 mm <<<
Press button to start 5s sampling (Long press to exit)
========================================
--- Sampling 120 mm (5s @ 100ms) ---
Dist_mm,Sample,L,FL,FR,R
120,1,1953,983,9,366
120,2,1955,984,24,367
120,3,1956,985,39,367
120,4,1955,984,51,367
120,5,1954,984,8,367
120,6,1955,984,6,367
120,7,1955,984,6,367
120,8,1955,984,6,367
120,9,1955,984,6,367
120,10,1955,984,6,367
120,11,1956,984,6,367
120,12,1955,984,6,367
120,13,1954,983,6,366
120,14,1954,983,6,366
120,15,1954,983,6,366
120,16,1954,983,6,366
120,17,1954,983,6,366
120,18,1954,983,6,366
120,19,1954,983,6,366
120,20,1953,983,6,366
120,21,1954,983,6,366
120,22,1954,983,6,366
120,23,1954,983,5,366
120,24,1954,983,6,366
120,25,1954,983,6,366
120,26,1954,983,6,366
120,27,1954,983,6,366
120,28,1954,983,6,366
120,29,1954,983,6,366
120,30,1957,985,6,367
120,31,1955,984,6,367
120,32,1955,984,6,367
120,33,1955,984,6,367
120,34,1956,985,6,367
120,35,1955,984,6,367
120,36,1955,984,6,367
120,37,1957,985,6,367
120,38,1955,984,6,367
120,39,1956,984,6,367
120,40,1956,984,6,367
120,41,1955,984,6,367
120,42,1954,984,6,366
120,43,1956,984,6,367
120,44,1956,984,6,367
120,45,1955,984,6,367
120,46,1956,984,6,367
120,47,1956,984,6,367
120,48,1956,984,6,367
120,49,1956,984,6,367
120,50,1957,985,6,367
--- 120 mm Summary | Avg: L=1954 FL=983 FR=8 R=366 ---

>>> Place micromouse at 130 mm <<<
Press button to start 5s sampling (Long press to exit)
========================================
--- Sampling 130 mm (5s @ 100ms) ---
Dist_mm,Sample,L,FL,FR,R
130,1,1620,838,14,367
130,2,1620,837,22,367
130,3,1620,837,47,367
130,4,1620,837,59,367
130,5,1620,837,38,367
130,6,1619,836,7,367
130,7,1620,837,6,367
130,8,1620,837,6,367
130,9,1619,836,6,367
130,10,1620,837,6,367
130,11,1620,837,6,367
130,12,1620,836,6,367
130,13,1620,836,6,367
130,14,1620,837,5,367
130,15,1620,836,6,367
130,16,1619,836,6,367
130,17,1619,836,5,366
130,18,1619,836,5,367
130,19,1620,836,5,367
130,20,1620,836,6,367
130,21,1620,836,6,367
130,22,1620,836,5,367
130,23,1620,837,5,367
130,24,1620,836,5,367
130,25,1618,836,5,366
130,26,1621,837,6,367
130,27,1620,836,6,367
130,28,1620,836,6,367
130,29,1620,837,6,367
130,30,1620,837,6,367
130,31,1619,836,5,367
130,32,1620,837,6,367
130,33,1620,836,5,367
130,34,1621,837,6,367
130,35,1620,836,5,367
130,36,1620,836,5,367
130,37,1620,837,5,367
130,38,1620,836,5,367
130,39,1620,836,6,367
130,40,1620,837,6,367
130,41,1620,837,5,367
130,42,1620,836,6,367
130,43,1620,836,6,367
130,44,1619,836,5,367
130,45,1619,836,5,366
130,46,1619,836,6,366
130,47,1620,836,6,367
130,48,1619,836,5,366
130,49,1619,836,5,366
130,50,1620,836,5,366
--- 130 mm Summary | Avg: L=1619 FL=836 FR=8 R=366 ---

>>> Place micromouse at 140 mm <<<
Press button to start 5s sampling (Long press to exit)
========================================
--- Sampling 140 mm (5s @ 100ms) ---
Dist_mm,Sample,L,FL,FR,R
140,1,1319,700,59,368
140,2,1317,698,21,367
140,3,1317,698,52,367
140,4,1317,698,63,367
140,5,1317,698,71,367
140,6,1318,698,45,367
140,7,1317,697,7,367
140,8,1317,697,5,367
140,9,1316,696,5,367
140,10,1317,697,6,367
140,11,1317,697,6,367
140,12,1317,696,5,367
140,13,1317,697,5,367
140,14,1317,696,6,367
140,15,1317,696,5,367
140,16,1317,696,5,367
140,17,1319,697,6,367
140,18,1316,696,5,366
140,19,1317,696,5,367
140,20,1317,696,5,367
140,21,1316,696,5,366
140,22,1317,696,5,367
140,23,1316,696,5,366
140,24,1316,696,5,366
140,25,1316,696,5,366
140,26,1316,696,5,366
140,27,1316,696,5,366
140,28,1316,696,5,366
140,29,1317,696,5,367
140,30,1316,696,5,366
140,31,1316,696,5,366
140,32,1317,696,5,367
140,33,1316,696,5,366
140,34,1316,696,5,366
140,35,1317,696,5,367
140,36,1316,696,5,366
140,37,1316,696,5,366
140,38,1318,697,6,367
140,39,1317,697,5,367
140,40,1318,697,6,367
140,41,1318,697,5,367
140,42,1317,697,5,367
140,43,1317,697,5,367
140,44,1318,697,6,367
140,45,1318,697,6,367
140,46,1317,697,5,367
140,47,1318,697,6,367
140,48,1318,697,5,367
140,49,1318,697,6,367
140,50,1318,697,6,367
--- 140 mm Summary | Avg: L=1316 FL=696 FR=10 R=366 ---

========================================
>>> Place micromouse at 150 mm <<<
Press button to start 5s sampling (Long press to exit)
========================================
--- Sampling 150 mm (5s @ 100ms) ---
Dist_mm,Sample,L,FL,FR,R
150,1,1188,609,38,367
150,2,1188,608,13,367
150,3,1187,608,41,367
150,4,1187,607,61,367
150,5,1187,607,63,367
150,6,1187,606,7,367
150,7,1187,606,5,367
150,8,1187,605,5,367
150,9,1187,605,5,367
150,10,1187,605,5,367
150,11,1189,606,5,367
150,12,1187,605,5,367
150,13,1187,606,5,367
150,14,1187,605,5,367
150,15,1187,605,5,367
150,16,1187,605,5,367
150,17,1187,605,5,366
150,18,1187,605,5,367
150,19,1187,605,5,367
150,20,1187,605,5,366
150,21,1187,605,5,367
150,22,1187,605,5,367
150,23,1187,605,5,366
150,24,1187,605,5,366
150,25,1187,605,5,367
150,26,1187,605,5,367
150,27,1187,605,5,367
150,28,1187,605,5,367
150,29,1187,605,5,367
150,30,1188,606,5,367
150,31,1187,605,5,367
150,32,1188,606,5,367
150,33,1188,606,5,367
150,34,1188,606,5,367
150,35,1187,605,5,367
150,36,1187,605,5,367
150,37,1188,606,5,367
150,38,1188,606,5,367
150,39,1188,605,5,367
150,40,1188,606,5,367
150,41,1188,606,5,367
150,42,1188,606,5,367
150,43,1188,606,5,367
150,44,1188,606,6,367
150,45,1188,606,5,367
150,46,1191,607,6,368
150,47,1187,605,5,367
150,48,1187,605,5,367
150,49,1188,605,5,367
150,50,1187,605,5,367
--- 150 mm Summary | Avg: L=1187 FL=605 FR=8 R=366 ---

>>> Place micromouse at 160 mm <<<
Press button to start 5s sampling (Long press to exit)
========================================
--- Sampling 160 mm (5s @ 100ms) ---
Dist_mm,Sample,L,FL,FR,R
160,1,1044,526,8,367
160,2,1045,525,8,367
160,3,1045,524,17,368
160,4,1045,523,38,367
160,5,1045,523,53,367
160,6,1044,522,21,367
160,7,1044,522,6,367
160,8,1044,521,5,367
160,9,1044,521,5,367
160,10,1044,521,5,367
160,11,1045,521,5,367
160,12,1043,520,5,367
160,13,1044,520,5,367
160,14,1044,520,5,367
160,15,1044,520,5,367
160,16,1044,520,5,367
160,17,1044,520,5,367
160,18,1044,520,5,367
160,19,1043,520,5,367
160,20,1044,520,5,367
160,21,1044,520,5,367
160,22,1043,520,5,367
160,23,1044,520,5,367
160,24,1043,520,5,367
160,25,1043,520,5,367
160,26,1044,520,5,367
160,27,1043,520,5,367
160,28,1043,520,5,367
160,29,1044,520,5,367
160,30,1044,520,5,367
160,31,1044,520,5,367
160,32,1044,520,5,367
160,33,1045,521,5,368
160,34,1045,521,5,367
160,35,1045,521,5,367
160,36,1045,521,5,367
160,37,1045,521,5,367
160,38,1045,521,5,368
160,39,1045,521,5,367
160,40,1045,521,5,368
160,41,1045,521,5,367
160,42,1045,521,5,367
160,43,1045,521,5,367
160,44,1045,521,5,367
160,45,1045,521,6,367
160,46,1045,521,5,367
160,47,1045,521,5,368
160,48,1045,521,5,368
160,49,1044,520,5,367
160,50,1045,521,5,368
--- 160 mm Summary | Avg: L=1044 FL=520 FR=7 R=367 ---

========================================
>>> Place micromouse at 170 mm <<<
Press button to start 5s sampling (Long press to exit)
========================================
--- Sampling 170 mm (5s @ 100ms) ---
Dist_mm,Sample,L,FL,FR,R
170,1,934,444,9,368
170,2,933,443,21,368
170,3,934,443,45,368
170,4,934,442,61,368
170,5,933,440,25,367
170,6,933,440,6,367
170,7,933,439,5,368
170,8,933,439,5,368
170,9,933,438,5,368
170,10,933,438,5,368
170,11,933,438,5,368
170,12,933,438,5,368
170,13,932,437,5,367
170,14,932,438,5,367
170,15,933,438,5,367
170,16,932,437,5,367
170,17,933,438,5,367
170,18,933,438,5,367
170,19,933,438,5,367
170,20,934,438,6,368
170,21,933,438,5,368
170,22,933,438,5,367
170,23,933,438,5,368
170,24,933,438,5,368
170,25,932,438,5,368
170,26,933,438,5,367
170,27,933,438,5,368
170,28,932,438,5,367
170,29,933,438,5,367
170,30,932,438,5,368
170,31,932,438,5,367
170,32,933,438,5,367
170,33,933,438,5,368
170,34,932,438,5,367
170,35,932,438,5,368
170,36,933,438,5,367
170,37,933,438,5,367
170,38,933,438,5,367
170,39,933,438,5,367
170,40,933,438,5,368
170,41,934,439,5,368
170,42,934,438,5,368
170,43,934,438,5,368
170,44,933,438,5,368
170,45,934,438,5,368
170,46,934,438,5,368
170,47,933,438,5,368
170,48,936,439,6,369
170,49,934,438,5,368
170,50,934,438,6,368

========================================
>>> Place micromouse at 180 mm <<<
Press button to start 5s sampling (Long press to exit)
========================================
--- Sampling 180 mm (5s @ 100ms) ---
Dist_mm,Sample,L,FL,FR,R
180,1,835,362,9,368
180,2,835,363,10,368
180,3,835,361,18,368
180,4,835,360,31,368
180,5,835,358,50,368
180,6,835,357,12,368
180,7,835,356,6,368
180,8,835,354,6,368
180,9,834,353,5,368
180,10,834,353,5,368
180,11,835,353,5,368
180,12,834,352,5,368
180,13,834,353,5,368
180,14,835,352,6,368
180,15,835,353,6,368
180,16,834,352,5,368
180,17,835,352,5,368
180,18,834,353,5,368
180,19,834,352,5,368
180,20,835,353,5,368
180,21,835,352,5,368
180,22,835,353,5,368
180,23,834,353,5,368
180,24,834,353,5,368
180,25,835,353,5,368
180,26,835,353,5,368
180,27,835,353,5,368
180,28,835,353,5,368
180,29,835,353,5,368
180,30,834,353,5,368
180,31,835,353,5,368
180,32,834,352,5,368
180,33,835,353,5,368
180,34,834,352,5,368
180,35,834,352,5,368
180,36,834,352,5,368
180,37,834,352,5,368
180,38,834,352,5,368
180,39,834,352,5,367
180,40,834,352,5,368
180,41,834,352,5,368
180,42,834,352,5,367
180,43,834,352,5,368
180,44,834,352,5,368
180,45,834,352,5,368
180,46,834,352,5,368
180,47,834,352,5,368
180,48,834,352,5,368
180,49,834,351,5,367
180,50,834,351,5,368
--- 180 mm Summary | Avg: L=834 FL=353 FR=7 R=367 ---

========================================
>>> Place micromouse at 190 mm <<<
Press button to start 5s sampling (Long press to exit)
========================================
--- Sampling 190 mm (5s @ 100ms) ---
Dist_mm,Sample,L,FL,FR,R
190,1,758,260,6,369
190,2,758,258,7,369
190,3,757,254,7,368
190,4,757,249,10,368
190,5,757,247,22,369
190,6,757,245,11,368
190,7,757,241,6,368
190,8,757,238,5,369
190,9,757,236,5,368
190,10,757,234,5,369
190,11,757,234,5,369
190,12,757,234,5,368
190,13,757,233,5,369
190,14,757,234,5,369
190,15,757,234,5,369
190,16,757,234,5,369
190,17,757,234,5,369
190,18,757,234,5,368
190,19,757,234,5,369
190,20,757,234,5,369
190,21,757,234,5,369
190,22,757,234,5,369
190,23,758,234,5,369
190,24,757,234,5,368
190,25,757,234,5,369
190,26,757,234,5,369
190,27,757,234,5,369
190,28,757,234,5,369
190,29,757,234,5,369
190,30,757,234,5,369
190,31,757,234,5,369
190,32,757,234,5,369
190,33,757,234,5,368
190,34,756,234,5,368
190,35,756,234,5,368
190,36,756,233,5,368
190,37,756,233,5,368
190,38,757,233,5,368
190,39,756,233,5,368
190,40,756,232,5,368
190,41,756,232,5,368
190,42,756,232,5,368
190,43,756,232,5,368
190,44,756,232,5,368
190,45,756,232,5,368
190,46,756,232,5,368
190,47,756,233,5,368
190,48,756,233,5,368
190,49,757,233,5,368
190,50,756,233,5,368
--- 190 mm Summary | Avg: L=756 FL=235 FR=5 R=368 ---

>>> Place micromouse at 200 mm <<<
Press button to start 5s sampling (Long press to exit)
========================================
--- Sampling 200 mm (5s @ 100ms) ---
Dist_mm,Sample,L,FL,FR,R
200,1,686,169,10,367
200,2,687,164,8,368
200,3,686,156,8,368
200,4,686,147,21,368
200,5,686,142,34,368
200,6,686,136,6,368
200,7,686,129,5,368
200,8,686,125,5,368
200,9,686,123,5,368
200,10,686,121,5,368
200,11,686,121,5,369
200,12,686,120,5,368
200,13,686,120,5,369
200,14,686,120,5,368
200,15,687,120,5,369
200,16,687,119,5,369
200,17,687,119,5,368
200,18,686,119,5,369
200,19,686,118,5,369
200,20,686,118,5,368
200,21,686,117,5,368
200,22,687,118,5,369
200,23,687,118,5,369
200,24,686,118,5,368
200,25,687,118,5,369
200,26,686,119,5,369
200,27,686,119,5,369
200,28,687,119,5,369
200,29,687,119,5,369
200,30,687,119,5,369
200,31,686,119,5,369
200,32,686,119,5,369
200,33,687,120,5,369
200,34,687,120,5,369
200,35,687,120,5,369
200,36,687,120,5,369
200,37,687,121,5,369
200,38,686,121,5,369
200,39,687,121,5,369
200,40,687,121,5,369
200,41,687,120,5,369
200,42,687,119,5,369
200,43,687,118,5,369
200,44,687,117,5,369
200,45,687,117,5,369
200,46,687,118,5,369
200,47,686,118,5,368
200,48,687,118,5,369
200,49,687,119,5,369
200,50,687,119,5,369
--- 200 mm Summary | Avg: L=686 FL=123 FR=6 R=368 ---

========================================
>>> Place micromouse at 210 mm <<<
Press button to start 5s sampling (Long press to exit)
========================================
--- Sampling 210 mm (5s @ 100ms) ---
Dist_mm,Sample,L,FL,FR,R
210,1,634,120,7,369
210,2,634,118,8,369
210,3,634,110,7,369
210,4,633,103,9,369
210,5,633,95,24,369
210,6,633,89,12,369
210,7,632,81,5,369
210,8,633,75,5,369
210,9,633,72,5,369
210,10,633,70,5,369
210,11,632,69,5,369
210,12,632,69,5,369
210,13,632,69,5,369
210,14,633,69,5,369
210,15,633,69,5,369
210,16,633,69,5,369
210,17,633,69,5,369
210,18,633,69,5,369
210,19,633,68,5,369
210,20,633,68,5,369
210,21,633,67,5,369
210,22,633,66,4,369
210,23,633,66,5,369
210,24,633,66,5,369
210,25,633,66,5,369
210,26,633,66,5,369
210,27,633,66,5,369
210,28,632,66,5,369
210,29,632,66,4,369
210,30,633,67,5,369
210,31,633,67,5,369
210,32,632,67,5,369
210,33,633,67,5,369
210,34,632,67,5,369
210,35,632,67,5,369
210,36,633,67,5,369
210,37,632,67,5,369
210,38,633,67,5,369
210,39,632,67,4,369
210,40,633,68,4,369
210,41,633,68,5,369
210,42,633,68,5,369
210,43,632,68,5,369
210,44,632,68,5,369
210,45,633,69,5,369
210,46,633,69,5,369
210,47,632,68,4,369
210,48,633,68,5,369
210,49,634,69,5,370
210,50,633,68,4,369

========================================
>>> Place micromouse at 220 mm <<<
Press button to start 5s sampling (Long press to exit)
========================================
--- Sampling 220 mm (5s @ 100ms) ---
Dist_mm,Sample,L,FL,FR,R
220,1,573,88,6,369
220,2,572,85,6,369
220,3,573,79,7,369
220,4,572,72,16,369
220,5,572,66,21,369
220,6,572,60,6,369
220,7,571,54,5,368
220,8,571,49,4,368
220,9,571,47,4,368
220,10,572,46,5,369
220,11,571,44,4,369
220,12,571,43,4,369
220,13,571,44,5,369
220,14,571,44,4,369
220,15,571,43,5,369
220,16,571,42,5,369
220,17,571,42,4,368
220,18,572,43,5,369
220,19,572,43,5,369
220,20,572,43,5,369
220,21,571,43,5,369
220,22,571,43,4,369
220,23,572,42,5,369
220,24,571,42,5,369
220,25,571,42,5,369
220,26,572,43,5,369
220,27,571,42,5,369
220,28,572,42,5,369
220,29,572,42,5,369
220,30,573,43,5,370
220,31,573,43,5,370
220,32,573,43,5,370
220,33,573,43,5,370
220,34,573,43,5,370
220,35,572,42,5,369
220,36,571,42,4,368
220,37,571,42,4,369
220,38,571,42,5,369
220,39,571,42,4,368
220,40,571,42,5,368
220,41,571,42,4,369
220,42,571,42,4,368
220,43,571,42,4,368
220,44,571,42,4,368
220,45,571,42,5,369
220,46,571,42,4,368
220,47,571,42,4,368
220,48,571,42,4,368
220,49,571,42,4,368
220,50,571,42,5,369
--- 220 mm Summary | Avg: L=571 FL=46 FR=5 R=368 ---

>>> Place micromouse at 230 mm <<<
Press button to start 5s sampling (Long press to exit)
========================================
--- Sampling 230 mm (5s @ 100ms) ---
Dist_mm,Sample,L,FL,FR,R
230,1,527,83,7,369
230,2,527,77,8,369
230,3,526,71,17,369
230,4,526,64,31,369
230,5,525,58,15,369
230,6,525,51,6,369
230,7,525,45,5,369
230,8,525,40,5,369
230,9,525,37,5,369
230,10,525,35,5,369
230,11,525,33,5,369
230,12,525,33,5,369
230,13,525,33,5,369
230,14,526,33,5,370
230,15,525,33,5,369
230,16,525,33,5,369
230,17,525,33,5,369
230,18,525,33,4,369
230,19,525,33,5,369
230,20,525,33,5,369
230,21,526,33,5,370
230,22,525,33,5,369
230,23,525,33,5,369
230,24,525,33,5,369
230,25,525,33,5,369
230,26,525,33,5,369
230,27,525,33,5,369
230,28,525,33,5,369
230,29,526,34,5,370
230,30,525,34,5,369
230,31,525,34,5,369
230,32,525,34,5,369
230,33,525,34,5,369
230,34,525,34,5,369
230,35,525,34,5,369
230,36,525,33,5,369
230,37,525,34,4,369
230,38,525,34,5,369
230,39,525,34,5,369
230,40,525,34,4,369
230,41,525,34,5,369
230,42,525,34,5,369
230,43,525,34,5,369
230,44,525,34,4,369
230,45,525,34,5,368
230,46,524,34,4,368
230,47,525,34,5,369
230,48,524,34,5,369
230,49,524,34,4,368
230,50,525,34,5,369

>>> Place micromouse at 240 mm <<<
Press button to start 5s sampling (Long press to exit)
========================================
--- Sampling 240 mm (5s @ 100ms) ---
Dist_mm,Sample,L,FL,FR,R
240,1,484,77,5,369
240,2,485,73,6,369
240,3,483,67,6,369
240,4,483,61,8,369
240,5,483,54,13,369
240,6,482,48,6,369
240,7,482,42,5,369
240,8,482,36,5,369
240,9,482,33,5,369
240,10,482,31,5,369
240,11,483,31,5,370
240,12,482,30,5,369
240,13,482,30,4,369
240,14,482,30,5,369
240,15,482,29,4,369
240,16,482,28,4,369
240,17,482,27,5,369
240,18,482,27,4,369
240,19,482,26,5,369
240,20,482,27,5,369
240,21,482,27,4,369
240,22,482,27,4,369
240,23,482,28,5,369
240,24,482,27,5,369
240,25,482,27,5,369
240,26,482,27,5,369
240,27,482,27,5,369
240,28,482,27,5,369
240,29,482,27,4,369
240,30,483,27,5,370
240,31,482,26,5,369
240,32,482,27,5,369
240,33,482,27,5,369
240,34,482,27,5,369
240,35,482,27,5,369
240,36,482,28,5,369
240,37,482,29,5,369
240,38,482,30,5,369
240,39,482,30,5,369
240,40,482,30,5,369
240,41,482,30,5,369
240,42,482,30,5,369
240,43,481,29,5,369
240,44,482,29,5,369
240,45,481,28,5,369
240,46,481,28,4,369
240,47,482,29,5,369
240,48,482,29,4,369
240,49,482,30,4,369
240,50,482,31,4,369
--- 240 mm Summary | Avg: L=482 FL=33 FR=5 R=369 ---

========================================
>>> Place micromouse at 250 mm <<<
Press button to start 5s sampling (Long press to exit)
========================================
--- Sampling 250 mm (5s @ 100ms) ---
Dist_mm,Sample,L,FL,FR,R
250,1,443,73,7,369
250,2,443,67,7,369
250,3,443,61,8,369
250,4,442,56,18,369
250,5,442,50,8,369
250,6,441,42,5,369
250,7,440,36,5,369
250,8,440,33,4,369
250,9,440,31,4,369
250,10,440,30,4,369
250,11,440,28,4,369
250,12,440,27,4,369
250,13,440,27,4,369
250,14,440,26,4,369
250,15,440,26,4,369
250,16,440,25,4,369
250,17,440,24,4,369
250,18,440,23,4,369
250,19,440,23,4,369
250,20,440,23,4,369
250,21,440,23,4,369
250,22,440,23,4,369
250,23,441,24,4,369
250,24,440,23,4,369
250,25,440,23,4,369
250,26,440,23,4,369
250,27,440,23,4,369
250,28,440,23,4,369
250,29,440,23,4,369
250,30,440,23,5,369
250,31,440,23,4,369
250,32,440,23,4,369
250,33,440,23,4,369
250,34,440,24,4,369
250,35,440,24,4,369
250,36,440,24,4,369
250,37,440,24,4,369
250,38,440,25,4,369
250,39,440,25,4,369
250,40,440,25,4,369
250,41,440,25,4,369
250,42,440,25,4,369
250,43,440,25,5,369
250,44,440,25,4,369
250,45,440,25,4,369
250,46,440,25,4,369
250,47,441,25,5,369
250,48,440,24,4,369
250,49,440,24,4,369
250,50,440,24,4,369
--- 250 mm Summary | Avg: L=440 FL=28 FR=4 R=369 ---

========================================
*** IR SENSOR CALIBRATION COMPLETE (10-250mm) ***
========================================
state:PreCalib
