Press button to start 5s sampling (Long press to exit)
========================================
--- Sampling 10 mm (5s @ 100ms) ---
Dist_mm,Sample,L,FL,FR,R
10,1,2161,13,1850,0
10,2,2172,13,1851,0
10,3,2166,15,1857,0
10,4,2161,13,1856,0
10,5,2168,13,1855,0
10,6,2158,13,1856,0
10,7,2170,13,1846,0
10,8,2169,13,1847,0
10,9,2179,14,1843,0
10,10,2184,12,1844,0
10,11,2173,14,1847,0
10,12,2187,13,1843,0
10,13,2181,13,1846,0
10,14,2158,13,1842,0
10,15,2175,13,1840,0
10,16,2170,13,1838,0
10,17,2181,13,1837,0
10,18,2170,14,1836,0
10,19,2176,13,1836,0
10,20,2155,13,1843,0
10,21,2168,13,1842,0
10,22,2160,12,1847,0
10,23,2164,14,1842,0
10,24,2170,12,1842,0
10,25,2166,14,1844,0
10,26,2173,13,1848,0
10,27,2173,13,1845,0
10,28,2179,13,1841,0
10,29,2177,12,1840,0
10,30,2169,14,1838,0
10,31,2182,12,1832,0
10,32,2172,13,1837,0
10,33,2182,13,1833,0
10,34,2166,11,1838,0
10,35,2163,14,1840,0
10,36,2176,13,1841,0
10,37,2171,11,1839,0
10,38,2180,14,1841,0
10,39,2166,13,1843,0
10,40,2177,12,1837,0
10,41,2165,14,1839,0
10,42,2167,12,1830,0
10,43,2172,12,1819,0
10,44,2166,14,1840,0
10,45,2176,12,1844,0
10,46,2171,12,1840,0
10,47,2169,14,1832,0
10,48,2180,12,1830,0
10,49,2171,12,1830,0
10,50,2183,13,1833,0
--- 10 mm Summary | Avg: L=2171 FL=12 FR=1841 R=0 ---

========================================
>>> Place micromouse at 20 mm <<<
Press button to start 5s sampling (Long press to exit)
========================================
--- Sampling 20 mm (5s @ 100ms) ---
Dist_mm,Sample,L,FL,FR,R
20,1,2003,15,1195,330
20,2,2003,13,1200,341
20,3,1996,14,1205,341
20,4,2004,14,1209,349
20,5,1999,14,1219,357
20,6,2004,14,1221,363
20,7,2004,14,1216,352
20,8,1970,14,1216,354
20,9,2005,14,1216,361
20,10,2001,14,1224,371
20,11,2009,15,1215,361
20,12,2002,13,1208,348
20,13,2008,16,1208,358
20,14,2001,14,1212,355
20,15,2001,14,1207,346
20,16,2016,14,1236,383
20,17,2008,14,1214,350
20,18,2014,15,1210,350
20,19,2005,14,1200,336
20,20,2003,13,1205,350
20,21,2011,15,1204,351
20,22,2003,14,1207,348
20,23,2013,13,1206,343
20,24,2005,15,1206,340
20,25,2011,14,1206,342
20,26,2009,13,1196,332
20,27,2000,15,1194,331
20,28,2007,15,1198,333
20,29,2000,14,1205,333
20,30,2007,14,1199,331
20,31,1997,15,1199,332
20,32,2004,14,1196,326
20,33,2003,13,1200,323
20,34,1994,14,1200,325
20,35,2001,15,1193,322
20,36,1995,14,1189,321
20,37,2004,13,1196,326
20,38,1997,15,1196,324
20,39,1997,15,1190,320
20,40,2005,14,1183,315
20,41,1969,13,1183,309
20,42,2007,14,1180,306
20,43,1998,15,1180,303
20,44,2005,14,1188,313
20,45,1999,13,1187,300
20,46,1996,13,1189,311
20,47,1999,14,1194,325
20,48,1996,14,1200,326
20,49,2006,14,1198,324
20,50,1997,13,1199,325
--- 20 mm Summary | Avg: L=2001 FL=14 FR=1201 R=336 ---

========================================
>>> Place micromouse at 30 mm <<<
Press button to start 5s sampling (Long press to exit)
========================================
--- Sampling 30 mm (5s @ 100ms) ---
Dist_mm,Sample,L,FL,FR,R
30,1,2047,2185,1031,0
30,2,2036,2031,1037,0
30,3,2044,2116,1035,0
30,4,2035,2084,1036,0
30,5,2034,2116,1036,0
30,6,2043,2063,1035,0
30,7,2035,2114,1035,0
30,8,2043,2037,1032,0
30,9,2037,2190,1033,0
30,10,2041,2102,1031,0
30,11,2043,2132,1031,0
30,12,2032,2116,1027,0
30,13,2041,2035,1030,0
30,14,2039,2206,1033,0
30,15,2042,2111,1036,0
30,16,2034,2046,1024,0
30,17,2046,2209,1031,0
30,18,2040,2112,1028,0
30,19,2033,2040,1032,0
30,20,2047,2210,1035,0
30,21,2033,2109,1034,0
30,22,2041,2045,1029,0
30,23,2035,2131,1028,0
30,24,2033,2150,1032,0
30,25,2042,2109,1037,0
30,26,2028,2041,1032,0
30,27,2046,2194,1026,0
30,28,2033,2112,1032,0
30,29,2042,2107,1036,0
30,30,2033,2043,1032,0
30,31,2037,2161,1027,0
30,32,2038,2141,1031,0
30,33,2033,2109,1034,0
30,34,2041,2036,1031,0
30,35,2033,2121,1031,0
30,36,2047,2207,1035,0
30,37,2040,2114,1032,0
30,38,2032,2110,1028,0
30,39,2041,2036,1032,0
30,40,2034,2126,1033,0
30,41,2045,2205,1028,0
30,42,2033,2114,1033,0
30,43,2040,2114,1032,0
30,44,2040,2058,1030,0
30,45,2033,2066,1033,0
30,46,2044,2175,1031,0
30,47,2035,2182,1031,0
30,48,2040,2115,1032,0
30,49,2033,2109,1032,0
30,50,2032,2074,1027,0
--- 30 mm Summary | Avg: L=2038 FL=2113 FR=1031 R=0 ---

========================================
>>> Place micromouse at 40 mm <<<
Press button to start 5s sampling (Long press to exit)
========================================
--- Sampling 40 mm (5s @ 100ms) ---
Dist_mm,Sample,L,FL,FR,R
40,1,2116,2442,739,0
40,2,2103,2409,742,0
40,3,2111,2429,741,0
40,4,2110,2409,743,0
40,5,2102,2436,742,0
40,6,2111,2403,738,0
40,7,2108,2440,737,0
40,8,2099,2423,739,0
40,9,2104,2424,743,0
40,10,2111,2430,746,0
40,11,2111,2417,744,0
40,12,2105,2428,743,0
40,13,2110,2428,740,0
40,14,2100,2409,738,0
40,15,2112,2432,742,0
40,16,2102,2425,747,0
40,17,2102,2425,742,0
40,18,2110,2416,740,0
40,19,2105,2446,740,0
40,20,2109,2426,745,0
40,21,2102,2408,744,0
40,22,2110,2429,741,0
40,23,2109,2438,741,0
40,24,2101,2428,746,0
40,25,2109,2414,742,0
40,26,2103,2424,740,0
40,27,2114,2442,742,0
40,28,2102,2424,747,0
40,29,2109,2425,742,0
40,30,2109,2410,740,0
40,31,2104,2433,746,0
40,32,2112,2440,742,0
40,33,2101,2421,738,0
40,34,2110,2424,745,0
40,35,2102,2409,743,0
40,36,2102,2428,737,0
40,37,2114,2440,745,0
40,38,2101,2436,742,0
40,39,2109,2427,737,0
40,40,2102,2419,748,0
40,41,2098,2412,742,0
40,42,2101,2418,742,0
40,43,2105,2435,745,0
40,44,2112,2441,742,0
40,45,2101,2424,742,0
40,46,2108,2424,743,0
40,47,2098,2420,739,0
40,48,2109,2419,746,0
40,49,2108,2409,743,0
40,50,2101,2425,741,0
--- 40 mm Summary | Avg: L=2106 FL=2424 FR=742 R=0 ---

========================================
>>> Place micromouse at 50 mm <<<
Press button to start 5s sampling (Long press to exit)
========================================
--- Sampling 50 mm (5s @ 100ms) ---
Dist_mm,Sample,L,FL,FR,R
50,1,2165,2146,192,0
50,2,2166,2144,192,0
50,3,2161,2157,194,0
50,4,2165,2147,196,0
50,5,2159,2140,192,0
50,6,2170,2156,191,0
50,7,2157,2145,188,0
50,8,2166,2148,195,0
50,9,2143,2140,192,0
50,10,2158,2158,190,0
50,11,2165,2152,190,0
50,12,2159,2141,196,0
50,13,2167,2136,191,0
50,14,2159,2148,191,0
50,15,2153,2157,195,0
50,16,2165,2146,191,0
50,17,2158,2152,192,0
50,18,2166,2146,192,0
50,19,2158,2136,188,0
50,20,2167,2153,196,0
50,21,2160,2150,192,0
50,22,2159,2159,191,0
50,23,2165,2147,193,0
50,24,2157,2147,188,0
50,25,2167,2149,196,0
50,26,2158,2144,191,0
50,27,2166,2148,193,0
50,28,2165,2140,192,0
50,29,2157,2147,191,0
50,30,2165,2143,192,0
50,31,2158,2145,188,0
50,32,2167,2151,193,0
50,33,2160,2149,187,0
50,34,2168,2158,194,0
50,35,2169,2153,187,0
50,36,2160,2159,196,0
50,37,2168,2158,187,0
50,38,2160,2149,195,0
50,39,2167,2157,187,0
50,40,2159,2152,196,0
50,41,2157,2158,187,0
50,42,2147,2147,195,0
50,43,2157,2158,187,0
50,44,2167,2155,193,0
50,45,2160,2149,190,0
50,46,2168,2158,192,0
50,47,2167,2153,192,0
50,48,2154,2157,192,0
50,49,2168,2152,192,0
50,50,2160,2151,192,0
--- 50 mm Summary | Avg: L=2161 FL=2149 FR=191 R=0 ---

>>> Place micromouse at 60 mm <<<
Press button to start 5s sampling (Long press to exit)
========================================
--- Sampling 60 mm (5s @ 100ms) ---
Dist_mm,Sample,L,FL,FR,R
60,1,2191,1510,34,0
60,2,2193,1507,37,0
60,3,2191,1501,39,0
60,4,2192,1510,41,0
60,5,2198,1502,39,0
60,6,2191,1508,34,0
60,7,2199,1510,40,0
60,8,2190,1503,38,0
60,9,2198,1510,35,0
60,10,2190,1501,41,0
60,11,2191,1508,39,0
60,12,2198,1500,34,0
60,13,2192,1504,43,0
60,14,2199,1509,38,0
60,15,2192,1503,39,0
60,16,2199,1510,39,0
60,17,2197,1502,35,0
60,18,2190,1511,42,0
60,19,2198,1503,35,0
60,20,2190,1502,42,0
60,21,2198,1505,38,0
60,22,2191,1499,41,0
60,23,2197,1506,38,0
60,24,2197,1499,40,0
60,25,2190,1506,39,0
60,26,2198,1508,39,0
60,27,2167,1473,39,0
60,28,2198,1506,39,0
60,29,2190,1499,38,0
60,30,2190,1508,40,0
60,31,2198,1498,38,0
60,32,2190,1507,41,0
60,33,2192,1500,37,0
60,34,2190,1496,43,0
60,35,2197,1506,35,0
60,36,2189,1499,42,0
60,37,2190,1507,35,0
60,38,2198,1502,39,0
60,39,2189,1501,37,0
60,40,2198,1507,38,0
60,41,2189,1501,41,0
60,42,2197,1510,36,0
60,43,2198,1503,42,0
60,44,2189,1512,34,0
60,45,2198,1506,39,0
60,46,2192,1504,39,0
60,47,2198,1508,38,0
60,48,2190,1503,43,0
60,49,2197,1507,35,0
60,50,2198,1499,39,0
--- 60 mm Summary | Avg: L=2193 FL=1503 FR=38 R=0 ---

========================================
>>> Place micromouse at 70 mm <<<
Press button to start 5s sampling (Long press to exit)
========================================
--- Sampling 70 mm (5s @ 100ms) ---
Dist_mm,Sample,L,FL,FR,R
70,1,2183,1258,13,0
70,2,2178,1255,16,0
70,3,2186,1263,15,0
70,4,2184,1256,13,0
70,5,2177,1261,20,0
70,6,2185,1258,16,0
70,7,2179,1255,12,0
70,8,2186,1264,20,0
70,9,2177,1255,14,0
70,10,2177,1263,16,0
70,11,2184,1256,16,0
70,12,2177,1260,12,0
70,13,2185,1259,18,0
70,14,2177,1252,11,0
70,15,2186,1262,19,0
70,16,2185,1256,13,0
70,17,2178,1263,19,0
70,18,2186,1256,15,0
70,19,2178,1258,18,0
70,20,2187,1262,15,0
70,21,2178,1258,19,0
70,22,2186,1264,14,0
70,23,2186,1257,19,0
70,24,2178,1264,13,0
70,25,2186,1257,19,0
70,26,2178,1255,11,0
70,27,2185,1260,17,0
70,28,2177,1255,14,0
70,29,2176,1239,16,0
70,30,2184,1254,16,0
70,31,2176,1260,16,0
70,32,2185,1260,19,0
70,33,2177,1252,12,0
70,34,2184,1263,17,0
70,35,2170,1250,15,0
70,36,2176,1262,16,0
70,37,2184,1257,18,0
70,38,2177,1258,12,0
70,39,2185,1263,16,0
70,40,2177,1255,15,0
70,41,2183,1259,15,0
70,42,2184,1253,19,0
70,43,2176,1262,14,0
70,44,2184,1255,16,0
70,45,2177,1256,19,0
70,46,2185,1261,12,0
70,47,2178,1258,16,0
70,48,2184,1263,20,0
70,49,2184,1254,12,0
70,50,2176,1260,16,0
--- 70 mm Summary | Avg: L=2181 FL=1257 FR=15 R=0 ---

>>> Place micromouse at 80 mm <<<
Press button to start 5s sampling (Long press to exit)
========================================
--- Sampling 80 mm (5s @ 100ms) ---
Dist_mm,Sample,L,FL,FR,R
80,1,2074,1251,3,0
80,2,2066,1247,3,0
80,3,2067,1250,7,0
80,4,2076,1236,10,0
80,5,2067,1252,7,0
80,6,2075,1251,5,0
80,7,2068,1243,10,0
80,8,2053,1251,6,0
80,9,2067,1248,7,0
80,10,2068,1251,8,0
80,11,2075,1248,3,0
80,12,2067,1248,11,0
80,13,2074,1250,3,0
80,14,2062,1246,11,0
80,15,2075,1251,6,0
80,16,2074,1246,10,0
80,17,2067,1252,6,0
80,18,2075,1247,10,0
80,19,2067,1244,6,0
80,20,2073,1249,10,0
80,21,2067,1245,4,0
80,22,2074,1251,11,0
80,23,2074,1247,2,0
80,24,2068,1252,10,0
80,25,2074,1251,4,0
80,26,2066,1244,7,0
80,27,2074,1252,7,0
80,28,2066,1247,7,0
80,29,2067,1253,11,0
80,30,2073,1247,3,0
80,31,2068,1254,9,0
80,32,2075,1254,6,0
80,33,2068,1247,7,0
80,34,2075,1253,11,0
80,35,2066,1246,2,0
80,36,2067,1250,7,0
80,37,2074,1237,7,0
80,38,2067,1247,4,0
80,39,2063,1243,9,0
80,40,2067,1247,7,0
80,41,2075,1254,5,0
80,42,2075,1248,9,0
80,43,2066,1248,6,0
80,44,2074,1245,6,0
80,45,2065,1244,10,0
80,46,2074,1251,6,0
80,47,2067,1247,5,0
80,48,2067,1254,8,0
80,49,2074,1247,7,0
80,50,2067,1251,4,0
--- 80 mm Summary | Avg: L=2069 FL=1248 FR=6 R=0 ---

>>> Place micromouse at 90 mm <<<
Press button to start 5s sampling (Long press to exit)
========================================
--- Sampling 90 mm (5s @ 100ms) ---
Dist_mm,Sample,L,FL,FR,R
90,1,1778,1180,4,0
90,2,1779,1178,4,0
90,3,1773,1177,7,0
90,4,1779,1177,6,0
90,5,1773,1176,4,0
90,6,1779,1180,7,0
90,7,1779,1177,2,0
90,8,1772,1181,8,0
90,9,1780,1178,2,0
90,10,1774,1177,7,0
90,11,1779,1180,5,0
90,12,1774,1177,6,0
90,13,1772,1180,7,0
90,14,1778,1176,5,0
90,15,1773,1179,10,0
90,16,1779,1179,2,0
90,17,1773,1175,6,0
90,18,1779,1180,7,0
90,19,1772,1177,3,0
90,20,1763,1182,8,0
90,21,1779,1180,5,0
90,22,1774,1182,6,0
90,23,1780,1180,10,0
90,24,1774,1174,3,0
90,25,1780,1180,6,0
90,26,1776,1178,10,0
90,27,1772,1182,4,0
90,28,1780,1180,6,0
90,29,1774,1178,10,0
90,30,1780,1178,5,0
90,31,1774,1176,4,0
90,32,1779,1181,7,0
90,33,1778,1178,7,0
90,34,1774,1184,2,0
90,35,1780,1181,6,0
90,36,1774,1174,10,0
90,37,1779,1180,5,0
90,38,1773,1177,4,0
90,39,1773,1183,6,0
90,40,1779,1177,10,0
90,41,1773,1181,3,0
90,42,1779,1181,5,0
90,43,1774,1178,7,0
90,44,1780,1181,9,0
90,45,1773,1176,5,0
90,46,1772,1181,3,0
90,47,1780,1180,6,0
90,48,1774,1179,10,0
90,49,1780,1172,6,0
90,50,1773,1177,2,0
--- 90 mm Summary | Avg: L=1775 FL=1178 FR=5 R=0 ---

>>> Place micromouse at 100 mm <<<
Press button to start 5s sampling (Long press to exit)
========================================
--- Sampling 100 mm (5s @ 100ms) ---
Dist_mm,Sample,L,FL,FR,R
100,1,1490,1060,6,0
100,2,1512,1060,6,0
100,3,1507,1064,1,0
100,4,1513,1065,9,0
100,5,1508,1062,2,0
100,6,1513,1065,8,0
100,7,1508,1063,3,0
100,8,1507,1065,6,0
100,9,1512,1062,5,0
100,10,1508,1061,6,0
100,11,1513,1062,10,0
100,12,1508,1060,2,0
100,13,1513,1065,6,0
100,14,1512,1063,8,0
100,15,1507,1065,2,0
100,16,1513,1064,6,0
100,17,1508,1063,6,0
100,18,1513,1063,3,0
100,19,1508,1061,7,0
100,20,1512,1064,9,0
100,21,1512,1062,2,0
100,22,1507,1067,7,0
100,23,1505,1065,11,0
100,24,1507,1060,5,0
100,25,1513,1063,5,0
100,26,1507,1062,7,0
100,27,1507,1066,9,0
100,28,1513,1063,3,0
100,29,1505,1063,6,0
100,30,1513,1064,8,0
100,31,1508,1062,8,0
100,32,1513,1065,2,0
100,33,1508,1061,6,0
100,34,1508,1065,7,0
100,35,1511,1063,9,0
100,36,1508,1063,4,0
100,37,1513,1061,4,0
100,38,1507,1062,7,0
100,39,1514,1066,9,0
100,40,1513,1062,8,0
100,41,1507,1064,3,0
100,42,1512,1063,4,0
100,43,1508,1063,7,0
100,44,1513,1062,8,0
100,45,1507,1063,10,0
100,46,1513,1067,6,0
100,47,1513,1061,2,0
100,48,1507,1065,6,0
100,49,1513,1067,7,0
100,50,1508,1061,9,0
--- 100 mm Summary | Avg: L=1509 FL=1063 FR=6 R=0 ---

>>> Place micromouse at 110 mm <<<
Press button to start 5s sampling (Long press to exit)
========================================
--- Sampling 110 mm (5s @ 100ms) ---
Dist_mm,Sample,L,FL,FR,R
110,1,1290,919,6,0
110,2,1292,923,3,0
110,3,1296,923,8,0
110,4,1293,923,6,0
110,5,1297,923,10,0
110,6,1292,921,3,0
110,7,1296,923,8,0
110,8,1296,921,5,0
110,9,1291,922,6,0
110,10,1296,922,10,0
110,11,1291,922,3,0
110,12,1295,923,6,0
110,13,1292,923,10,0
110,14,1296,924,4,0
110,15,1296,921,6,0
110,16,1292,924,10,0
110,17,1296,924,6,0
110,18,1291,921,4,0
110,19,1296,925,7,0
110,20,1292,921,10,0
110,21,1291,923,5,0
110,22,1296,922,6,0
110,23,1293,926,6,0
110,24,1297,923,10,0
110,25,1291,921,5,0
110,26,1296,924,3,0
110,27,1291,924,6,0
110,28,1292,922,9,0
110,29,1296,922,7,0
110,30,1292,922,3,0
110,31,1296,923,5,0
110,32,1285,921,6,0
110,33,1296,924,10,0
110,34,1297,923,8,0
110,35,1291,922,3,0
110,36,1296,923,3,0
110,37,1293,923,6,0
110,38,1294,921,7,0
110,39,1291,923,10,0
110,40,1297,926,6,0
110,41,1296,920,3,0
110,42,1291,924,3,0
110,43,1298,926,6,0
110,44,1292,919,6,0
110,45,1296,924,9,0
110,46,1293,923,9,0
110,47,1292,923,6,0
110,48,1296,923,3,0
110,49,1292,924,2,0
110,50,1297,923,5,0
--- 110 mm Summary | Avg: L=1293 FL=922 FR=6 R=0 ---

========================================
>>> Place micromouse at 120 mm <<<
Press button to start 5s sampling (Long press to exit)
========================================
--- Sampling 120 mm (5s @ 100ms) ---
Dist_mm,Sample,L,FL,FR,R
120,1,1118,793,5,0
120,2,1124,794,8,0
120,3,1120,792,7,0
120,4,1120,794,7,0
120,5,1124,794,5,0
120,6,1120,796,10,0
120,7,1125,795,2,0
120,8,1121,793,6,0
120,9,1124,794,8,0
120,10,1120,792,2,0
120,11,1120,795,6,0
120,12,1124,793,7,0
120,13,1121,794,2,0
120,14,1125,794,6,0
120,15,1121,792,10,0
120,16,1124,795,5,0
120,17,1124,793,4,0
120,18,1120,796,6,0
120,19,1125,793,9,0
120,20,1121,792,4,0
120,21,1124,794,4,0
120,22,1120,795,6,0
120,23,1120,794,10,0
120,24,1124,794,6,0
120,25,1120,796,2,0
120,26,1125,795,6,0
120,27,1121,791,6,0
120,28,1125,795,10,0
120,29,1121,794,6,0
120,30,1108,793,2,0
120,31,1124,793,6,0
120,32,1121,796,6,0
120,33,1125,792,9,0
120,34,1120,793,8,0
120,35,1125,797,5,0
120,36,1121,792,2,0
120,37,1120,795,4,0
120,38,1125,794,6,0
120,39,1121,792,7,0
120,40,1124,794,10,0
120,41,1121,794,9,0
120,42,1124,794,5,0
120,43,1125,795,3,0
120,44,1120,793,3,0
120,45,1125,795,6,0
120,46,1121,793,6,0
120,47,1125,794,7,0
120,48,1121,794,9,0
120,49,1120,794,10,0
120,50,1124,794,8,0
--- 120 mm Summary | Avg: L=1122 FL=793 FR=6 R=0 ---

========================================
>>> Place micromouse at 130 mm <<<
Press button to start 5s sampling (Long press to exit)
========================================
--- Sampling 130 mm (5s @ 100ms) ---
Dist_mm,Sample,L,FL,FR,R
130,1,972,684,13,0
130,2,971,682,8,0
130,3,967,683,7,0
130,4,972,682,6,0
130,5,969,682,10,0
130,6,972,683,2,0
130,7,968,684,7,0
130,8,972,684,8,0
130,9,972,681,2,0
130,10,969,683,7,0
130,11,961,684,7,0
130,12,969,682,2,0
130,13,972,685,7,0
130,14,969,682,10,0
130,15,968,682,5,0
130,16,971,682,5,0
130,17,967,685,7,0
130,18,972,683,10,0
130,19,968,680,5,0
130,20,972,683,4,0
130,21,968,684,7,0
130,22,969,683,10,0
130,23,971,682,7,0
130,24,968,682,2,0
130,25,972,683,5,0
130,26,969,680,7,0
130,27,972,684,9,0
130,28,972,683,8,0
130,29,969,682,5,0
130,30,972,683,3,0
130,31,969,683,6,0
130,32,972,681,7,0
130,33,969,683,9,0
130,34,972,684,9,0
130,35,972,682,6,0
130,36,969,685,3,0
130,37,972,683,4,0
130,38,969,681,7,0
130,39,972,685,7,0
130,40,969,675,7,0
130,41,969,684,10,0
130,42,972,682,8,0
130,43,969,684,6,0
130,44,971,685,5,0
130,45,969,680,2,0
130,46,972,682,3,0
130,47,973,682,5,0
130,48,969,684,7,0
130,49,973,684,7,0
130,50,968,681,7,0
--- 130 mm Summary | Avg: L=970 FL=682 FR=6 R=0 ---

>>> Place micromouse at 140 mm <<<
Press button to start 5s sampling (Long press to exit)
========================================
--- Sampling 140 mm (5s @ 100ms) ---
Dist_mm,Sample,L,FL,FR,R
140,1,821,594,7,0
140,2,822,592,10,0
140,3,826,594,2,0
140,4,826,593,9,0
140,5,823,593,3,0
140,6,826,591,6,0
140,7,823,592,7,0
140,8,826,593,3,0
140,9,822,593,6,0
140,10,825,595,7,0
140,11,826,593,2,0
140,12,823,587,6,0
140,13,826,594,9,0
140,14,822,592,3,0
140,15,826,595,5,0
140,16,822,592,6,0
140,17,823,594,10,0
140,18,826,592,4,0
140,19,823,595,5,0
140,20,826,592,6,0
140,21,823,592,10,0
140,22,825,596,6,0
140,23,823,592,2,0
140,24,823,594,5,0
140,25,826,594,6,0
140,26,823,593,9,0
140,27,826,593,8,0
140,28,823,593,5,0
140,29,826,593,2,0
140,30,826,593,5,0
140,31,823,595,6,0
140,32,826,591,9,0
140,33,823,593,11,0
140,34,826,595,7,0
140,35,823,591,5,0
140,36,825,594,2,0
140,37,826,593,4,0
140,38,823,594,6,0
140,39,827,595,7,0
140,40,823,591,8,0
140,41,826,594,10,0
140,42,824,593,10,0
140,43,823,594,8,0
140,44,826,595,6,0
140,45,823,593,4,0
140,46,826,594,2,0
140,47,819,591,3,0
140,48,826,594,4,0
140,49,823,593,6,0
140,50,823,594,6,0
--- 140 mm Summary | Avg: L=824 FL=593 FR=5 R=0 ---

========================================
>>> Place micromouse at 150 mm <<<
Press button to start 5s sampling (Long press to exit)
========================================
--- Sampling 150 mm (5s @ 100ms) ---
Dist_mm,Sample,L,FL,FR,R
150,1,736,525,2,0
150,2,737,525,8,0
150,3,734,525,5,0
150,4,737,524,6,0
150,5,733,525,11,0
150,6,735,526,5,0
150,7,736,526,4,0
150,8,734,526,7,0
150,9,737,525,10,0
150,10,734,524,5,0
150,11,736,527,3,0
150,12,733,525,7,0
150,13,733,526,9,0
150,14,736,525,9,0
150,15,734,527,4,0
150,16,736,525,2,0
150,17,734,525,6,0
150,18,736,526,7,0
150,19,733,526,10,0
150,20,733,527,10,0
150,21,736,525,6,0
150,22,733,526,2,0
150,23,737,527,3,0
150,24,734,524,6,0
150,25,736,526,7,0
150,26,736,526,7,0
150,27,734,527,10,0
150,28,737,527,10,0
150,29,734,522,8,0
150,30,736,526,6,0
150,31,733,524,5,0
150,32,736,527,3,0
150,33,736,526,3,0
150,34,733,527,4,0
150,35,736,527,6,0
150,36,734,524,6,0
150,37,736,528,7,0
150,38,734,525,7,0
150,39,733,527,7,0
150,40,736,524,7,0
150,41,734,527,7,0
150,42,737,526,8,0
150,43,734,525,9,0
150,44,736,526,9,0
150,45,733,525,9,0
150,46,734,526,10,0
150,47,736,526,10,0
150,48,734,525,10,0
150,49,737,526,10,0
150,50,734,525,10,0
--- 150 mm Summary | Avg: L=734 FL=525 FR=6 R=0 ---

>>> Place micromouse at 160 mm <<<
Press button to start 5s sampling (Long press to exit)
========================================
--- Sampling 160 mm (5s @ 100ms) ---
Dist_mm,Sample,L,FL,FR,R
160,1,654,466,7,0
160,2,653,465,6,0
160,3,653,466,9,0
160,4,655,465,2,0
160,5,652,464,6,0
160,6,655,463,7,0
160,7,652,464,3,0
160,8,655,465,7,0
160,9,653,466,10,0
160,10,653,464,5,0
160,11,655,463,6,0
160,12,653,464,7,0
160,13,656,466,10,0
160,14,653,464,6,0
160,15,655,464,3,0
160,16,655,464,6,0
160,17,653,465,9,0
160,18,655,463,9,0
160,19,653,464,6,0
160,20,655,465,3,0
160,21,653,463,5,0
160,22,655,465,6,0
160,23,655,465,7,0
160,24,653,465,10,0
160,25,655,466,6,0
160,26,653,463,5,0
160,27,655,465,2,0
160,28,653,465,3,0
160,29,653,464,6,0
160,30,655,464,6,0
160,31,653,465,6,0
160,32,655,465,10,0
160,33,653,465,10,0
160,34,655,464,10,0
160,35,655,466,8,0
160,36,653,464,7,0
160,37,655,465,5,0
160,38,652,464,4,0
160,39,655,464,2,0
160,40,653,464,2,0
160,41,655,466,2,0
160,42,655,466,3,0
160,43,652,465,5,0
160,44,655,466,5,0
160,45,653,463,6,0
160,46,652,466,6,0
160,47,653,463,6,0
160,48,653,467,6,0
160,49,655,463,6,0
160,50,653,467,7,0
--- 160 mm Summary | Avg: L=653 FL=464 FR=5 R=0 ---

========================================
>>> Place micromouse at 170 mm <<<
Press button to start 5s sampling (Long press to exit)
========================================
--- Sampling 170 mm (5s @ 100ms) ---
Dist_mm,Sample,L,FL,FR,R
170,1,584,398,10,0
170,2,583,400,7,0
170,3,585,399,10,0
170,4,583,398,5,0
170,5,583,400,6,0
170,6,585,401,7,0
170,7,583,402,8,0
170,8,585,399,4,0
170,9,583,400,5,0
170,10,585,401,7,0
170,11,583,399,8,0
170,12,583,400,10,0
170,13,585,400,6,0
170,14,583,400,3,0
170,15,585,400,5,0
170,16,584,400,7,0
170,17,585,399,6,0
170,18,585,400,8,0
170,19,583,402,10,0
170,20,585,399,8,0
170,21,583,400,7,0
170,22,585,399,5,0
170,23,583,400,2,0
170,24,585,402,2,0
170,25,585,399,3,0
170,26,584,402,6,0
170,27,585,399,6,0
170,28,583,399,6,0
170,29,585,400,7,0
170,30,583,400,6,0
170,31,583,401,7,0
170,32,585,400,7,0
170,33,583,401,7,0
170,34,585,400,7,0
170,35,583,400,8,0
170,36,585,401,8,0
170,37,583,401,8,0
170,38,583,400,8,0
170,39,585,401,9,0
170,40,583,400,8,0
170,41,585,401,8,0
170,42,583,399,7,0
170,43,586,401,7,0
170,44,579,399,7,0
170,45,583,401,7,0
170,46,586,400,7,0
170,47,584,400,7,0
170,48,586,401,6,0
170,49,583,399,6,0
170,50,585,401,5,0
--- 170 mm Summary | Avg: L=583 FL=400 FR=6 R=0 ---

========================================
>>> Place micromouse at 180 mm <<<
Press button to start 5s sampling (Long press to exit)
========================================
--- Sampling 180 mm (5s @ 100ms) ---
Dist_mm,Sample,L,FL,FR,R
180,1,511,348,7,0
180,2,511,347,7,0
180,3,511,346,9,0
180,4,513,347,6,0
180,5,512,347,2,0
180,6,513,349,7,0
180,7,511,346,7,0
180,8,513,348,10,0
180,9,511,348,9,0
180,10,511,346,6,0
180,11,513,347,3,0
180,12,512,349,3,0
180,13,514,346,6,0
180,14,512,347,7,0
180,15,513,347,7,0
180,16,514,347,7,0
180,17,511,348,8,0
180,18,513,347,10,0
180,19,511,348,11,0
180,20,514,346,10,0
180,21,512,348,9,0
180,22,514,346,8,0
180,23,513,347,8,0
180,24,511,347,6,0
180,25,513,348,7,0
180,26,512,347,7,0
180,27,513,347,7,0
180,28,511,347,7,0
180,29,512,348,7,0
180,30,514,347,8,0
180,31,512,348,9,0
180,32,513,347,9,0
180,33,511,347,10,0
180,34,514,346,11,0
180,35,512,348,11,0
180,36,512,346,9,0
180,37,514,349,9,0
180,38,512,346,7,0
180,39,513,348,7,0
180,40,512,346,7,0
180,41,514,348,6,0
180,42,514,347,5,0
180,43,512,346,4,0
180,44,514,348,2,0
180,45,512,345,3,0
180,46,514,349,6,0
180,47,512,347,7,0
180,48,513,348,9,0
180,49,514,347,11,0
180,50,512,346,9,0
--- 180 mm Summary | Avg: L=512 FL=347 FR=7 R=0 ---

>>> Place micromouse at 190 mm <<<
Press button to start 5s sampling (Long press to exit)
========================================
--- Sampling 190 mm (5s @ 100ms) ---
Dist_mm,Sample,L,FL,FR,R
190,1,465,285,7,0
190,2,464,284,3,0
190,3,467,282,7,0
190,4,464,284,9,0
190,5,466,285,9,0
190,6,465,283,6,0
190,7,466,284,3,0
190,8,464,285,5,0
190,9,464,283,7,0
190,10,466,285,7,0
190,11,464,285,7,0
190,12,467,283,9,0
190,13,464,285,10,0
190,14,466,282,11,0
190,15,466,285,8,0
190,16,464,283,7,0
190,17,466,284,6,0
190,18,465,284,6,0
190,19,466,284,6,0
190,20,464,284,6,0
190,21,466,285,6,0
190,22,466,284,6,0
190,23,465,285,5,0
190,24,466,285,5,0
190,25,465,284,6,0
190,26,466,284,6,0
190,27,465,284,6,0
190,28,464,284,7,0
190,29,466,285,7,0
190,30,465,283,8,0
190,31,466,285,10,0
190,32,465,283,10,0
190,33,467,286,10,0
190,34,465,284,8,0
190,35,465,285,7,0
190,36,466,285,7,0
190,37,465,283,7,0
190,38,462,285,7,0
190,39,465,283,5,0
190,40,467,286,2,0
190,41,466,284,3,0
190,42,465,284,5,0
190,43,467,285,6,0
190,44,463,282,9,0
190,45,466,285,10,0
190,46,465,284,8,0
190,47,465,283,6,0
190,48,466,285,6,0
190,49,465,285,4,0
190,50,466,285,2,0
--- 190 mm Summary | Avg: L=465 FL=284 FR=6 R=0 ---

>>> Place micromouse at 200 mm <<<
Press button to start 5s sampling (Long press to exit)
========================================
--- Sampling 200 mm (5s @ 100ms) ---
Dist_mm,Sample,L,FL,FR,R
200,1,417,229,2,0
200,2,417,228,10,0
200,3,418,229,3,0
200,4,418,230,6,0
200,5,416,228,7,0
200,6,418,229,10,0
200,7,416,230,9,0
200,8,418,228,6,0
200,9,416,229,4,0
200,10,416,230,2,0
200,11,418,229,6,0
200,12,416,231,6,0
200,13,418,228,6,0
200,14,416,229,6,0
200,15,418,228,6,0
200,16,418,229,7,0
200,17,416,228,8,0
200,18,418,229,10,0
200,19,417,228,10,0
200,20,418,229,10,0
200,21,417,228,10,0
200,22,418,230,10,0
200,23,418,228,9,0
200,24,416,230,10,0
200,25,417,227,9,0
200,26,416,229,8,0
200,27,418,227,7,0
200,28,416,230,7,0
200,29,416,229,7,0
200,30,417,230,7,0
200,31,416,229,7,0
200,32,417,229,6,0
200,33,416,229,5,0
200,34,418,228,2,0
200,35,412,230,3,0
200,36,416,229,5,0
200,37,418,229,6,0
200,38,416,229,7,0
200,39,418,228,10,0
200,40,416,230,10,0
200,41,417,229,7,0
200,42,418,229,7,0
200,43,417,230,6,0
200,44,418,227,5,0
200,45,417,230,3,0
200,46,418,229,5,0
200,47,417,228,7,0
200,48,418,230,10,0
200,49,418,229,8,0
200,50,417,230,7,0
--- 200 mm Summary | Avg: L=417 FL=228 FR=6 R=0 ---

>>> Place micromouse at 210 mm <<<
Press button to start 5s sampling (Long press to exit)
========================================
--- Sampling 210 mm (5s @ 100ms) ---
Dist_mm,Sample,L,FL,FR,R
210,1,373,183,6,0
210,2,374,181,10,0
210,3,374,183,6,0
210,4,375,183,2,0
210,5,373,184,6,0
210,6,374,181,7,0
210,7,373,183,8,0
210,8,373,183,11,0
210,9,374,183,8,0
210,10,374,183,6,0
210,11,375,182,4,0
210,12,374,183,2,0
210,13,375,183,2,0
210,14,375,182,3,0
210,15,373,183,4,0
210,16,374,182,6,0
210,17,373,184,7,0
210,18,375,182,7,0
210,19,373,185,7,0
210,20,374,182,7,0
210,21,374,184,7,0
210,22,373,183,7,0
210,23,374,185,7,0
210,24,373,182,6,0
210,25,375,184,5,0
210,26,374,183,4,0
210,27,374,183,3,0
210,28,372,183,3,0
210,29,373,182,2,0
210,30,375,183,4,0
210,31,374,182,6,0
210,32,375,185,6,0
210,33,374,183,8,0
210,34,373,184,10,0
210,35,375,183,11,0
210,36,374,182,8,0
210,37,375,184,7,0
210,38,374,182,6,0
210,39,375,184,6,0
210,40,374,182,3,0
210,41,374,182,2,0
210,42,375,184,4,0
210,43,374,182,7,0
210,44,375,183,10,0
210,45,374,183,11,0
210,46,375,181,7,0
210,47,375,184,7,0
210,48,373,183,6,0
210,49,376,182,2,0
210,50,373,184,5,0
--- 210 mm Summary | Avg: L=374 FL=182 FR=5 R=0 ---

>>> Place micromouse at 220 mm <<<
Press button to start 5s sampling (Long press to exit)
========================================
--- Sampling 220 mm (5s @ 100ms) ---
Dist_mm,Sample,L,FL,FR,R
220,1,332,145,2,0
220,2,331,145,11,0
220,3,330,145,5,0
220,4,331,146,3,0
220,5,330,144,6,0
220,6,331,145,7,0
220,7,330,146,9,0
220,8,331,145,11,0
220,9,331,146,10,0
220,10,331,144,8,0
220,11,332,145,6,0
220,12,330,145,6,0
220,13,331,145,5,0
220,14,330,145,5,0
220,15,332,145,4,0
220,16,331,146,4,0
220,17,331,145,3,0
220,18,332,146,4,0
220,19,330,145,5,0
220,20,332,146,5,0
220,21,331,145,6,0
220,22,331,145,6,0
220,23,332,145,7,0
220,24,331,145,8,0
220,25,332,145,10,0
220,26,331,144,11,0
220,27,332,147,9,0
220,28,331,145,7,0
220,29,331,147,7,0
220,30,332,146,7,0
220,31,331,145,6,0
220,32,332,146,3,0
220,33,331,144,2,0
220,34,332,147,6,0
220,35,332,146,7,0
220,36,331,145,10,0
220,37,332,146,9,0
220,38,331,145,7,0
220,39,332,146,7,0
220,40,331,145,4,0
220,41,332,144,3,0
220,42,332,147,6,0
220,43,330,145,8,0
220,44,328,145,10,0
220,45,331,146,6,0
220,46,332,145,7,0
220,47,331,145,3,0
220,48,331,147,5,0
220,49,332,145,7,0
220,50,330,145,11,0
--- 220 mm Summary | Avg: L=331 FL=145 FR=6 R=0 ---

========================================
>>> Place micromouse at 230 mm <<<
Press button to start 5s sampling (Long press to exit)
========================================
--- Sampling 230 mm (5s @ 100ms) ---
Dist_mm,Sample,L,FL,FR,R
230,1,301,96,9,0
230,2,302,97,2,0
230,3,301,97,5,0
230,4,301,98,7,0
230,5,300,96,7,0
230,6,300,99,10,0
230,7,301,95,11,0
230,8,300,97,8,0
230,9,302,98,7,0
230,10,301,97,7,0
230,11,302,98,6,0
230,12,301,97,6,0
230,13,300,99,6,0
230,14,302,97,6,0
230,15,301,99,6,0
230,16,302,97,6,0
230,17,301,98,7,0
230,18,302,98,8,0
230,19,302,98,9,0
230,20,301,97,11,0
230,21,302,96,10,0
230,22,300,98,10,0
230,23,302,96,8,0
230,24,300,99,7,0
230,25,301,97,7,0
230,26,301,98,7,0
230,27,300,97,5,0
230,28,302,96,2,0
230,29,300,98,4,0
230,30,302,97,6,0
230,31,301,97,10,0
230,32,301,98,10,0
230,33,302,96,8,0
230,34,301,98,7,0
230,35,302,97,6,0
230,36,301,96,3,0
230,37,302,99,5,0
230,38,301,97,7,0
230,39,301,96,11,0
230,40,302,99,8,0
230,41,301,97,7,0
230,42,302,96,5,0
230,43,298,99,3,0
230,44,302,97,6,0
230,45,302,96,10,0
230,46,301,99,8,0
230,47,302,97,6,0
230,48,301,96,3,0
230,49,302,98,6,0
230,50,301,97,9,0
--- 230 mm Summary | Avg: L=301 FL=97 FR=6 R=0 ---

========================================
>>> Place micromouse at 240 mm <<<
Press button to start 5s sampling (Long press to exit)
========================================
--- Sampling 240 mm (5s @ 100ms) ---
Dist_mm,Sample,L,FL,FR,R
240,1,270,58,8,0
240,2,271,61,6,0
240,3,269,58,7,0
240,4,268,59,9,0
240,5,270,60,11,0
240,6,269,59,7,0
240,7,271,60,6,0
240,8,270,58,5,0
240,9,271,60,4,0
240,10,269,59,4,0
240,11,270,60,3,0
240,12,271,59,2,0
240,13,270,59,2,0
240,14,271,59,3,0
240,15,270,59,3,0
240,16,271,58,4,0
240,17,270,60,5,0
240,18,270,58,6,0
240,19,271,61,7,0
240,20,271,59,8,0
240,21,272,60,10,0
240,22,271,59,11,0
240,23,272,59,10,0
240,24,272,60,7,0
240,25,271,59,7,0
240,26,272,60,6,0
240,27,271,59,5,0
240,28,272,59,2,0
240,29,271,61,3,0
240,30,270,60,7,0
240,31,272,59,10,0
240,32,271,60,11,0
240,33,271,58,7,0
240,34,271,60,7,0
240,35,271,60,5,0
240,36,271,58,2,0
240,37,270,60,6,0
240,38,271,59,9,0
240,39,271,59,10,0
240,40,271,60,7,0
240,41,270,59,6,0
240,42,271,59,2,0
240,43,271,60,6,0
240,44,271,61,11,0
240,45,272,59,8,0
240,46,270,59,7,0
240,47,272,61,3,0
240,48,271,59,6,0
240,49,272,58,10,0
240,50,271,60,7,0
--- 240 mm Summary | Avg: L=270 FL=59 FR=6 R=0 ---

========================================
>>> Place micromouse at 250 mm <<<
Press button to start 5s sampling (Long press to exit)
========================================
--- Sampling 250 mm (5s @ 100ms) ---
Dist_mm,Sample,L,FL,FR,R
250,1,241,34,11,0
250,2,242,35,7,0
250,3,242,36,2,0
250,4,240,33,5,0
250,5,243,34,6,0
250,6,242,34,7,0
250,7,243,34,8,0
250,8,243,35,8,0
250,9,242,34,8,0
250,10,243,35,7,0
250,11,242,35,8,0
250,12,244,36,9,0
250,13,242,35,8,0
250,14,244,35,7,0
250,15,243,35,7,0
250,16,243,35,7,0
250,17,244,34,7,0
250,18,243,33,7,0
250,19,244,36,6,0
250,20,243,34,3,0
250,21,244,35,2,0
250,22,244,35,4,0
250,23,243,34,6,0
250,24,244,36,7,0
250,25,243,34,11,0
250,26,244,35,9,0
250,27,243,35,7,0
250,28,244,34,7,0
250,29,244,36,5,0
250,30,243,35,3,0
250,31,244,33,6,0
250,32,243,36,8,0
250,33,244,34,10,0
250,34,243,33,7,0
250,35,243,36,6,0
250,36,244,34,3,0
250,37,243,34,4,0
250,38,244,36,7,0
250,39,243,34,11,0
250,40,244,34,7,0
250,41,243,35,6,0
250,42,243,35,2,0
250,43,244,35,6,0
250,44,243,34,11,0
250,45,244,37,7,0
250,46,243,35,7,0
250,47,244,34,2,0
250,48,244,35,7,0
250,49,243,36,11,0
250,50,244,35,7,0
--- 250 mm Summary | Avg: L=243 FL=34 FR=6 R=0 ---

========================================
*** IR SENSOR CALIBRATION COMPLETE (10-250mm) ***
========================================
state:PreCalib

FATAL: read zero bytes from port
term_exitfunc: reset failed for dev UNKNOWN: Input/output error
