Dist_mm,Sample,L,FL,FR,R
10,1,2433,888,434,3021
10,2,2432,891,433,3023
10,3,2323,894,427,3018
10,4,2436,904,427,2982
10,5,2805,913,419,2968
10,6,2789,915,412,2972
10,7,2716,918,408,2994
10,8,2566,918,413,3003
10,9,2607,922,412,3003
10,10,2691,926,407,3001
10,11,2671,924,407,3002
10,12,2729,926,402,3002
10,13,2800,929,394,3002
10,14,2879,933,388,3003
10,15,2877,932,392,3003
10,16,2905,940,386,3003
10,17,2922,944,379,3003
10,18,2936,947,373,3002
10,19,2925,944,378,3002
10,20,2913,941,384,3002
10,21,2911,939,384,3002
10,22,2896,936,391,3002
10,23,2878,933,394,3003
10,24,2871,932,396,3002
10,25,2869,932,398,3002
10,26,2799,930,402,3008
10,27,2841,929,405,3002
10,28,2790,928,406,3011
10,29,2771,928,406,3012
10,30,2218,917,412,3017
10,31,2243,918,415,3010
10,32,2273,919,414,3017
10,33,2324,919,412,3019
10,34,2328,919,413,3022
10,35,2316,920,413,3017
10,36,2387,922,412,3017
10,37,2346,925,409,3019
10,38,2379,932,404,3013
10,39,2486,935,402,3019
10,40,2415,935,403,3018
10,41,2494,937,406,3007
10,42,2636,941,407,3006
10,43,2606,941,410,3003
10,44,2610,940,413,3000
10,45,2648,935,417,3002
10,46,2630,932,420,3005
10,47,2547,935,417,2997
10,48,2495,938,418,3023
10,49,2256,940,417,3010
10,50,2157,943,416,3016
--- 10 mm Summary | Avg: L=2615 FL=927 FR=406 R=3006 ---

========================================
>>> Place micromouse at 20 mm <<<
Press button to start 5s sampling (Long press to exit)
========================================
--- Sampling 20 mm (5s @ 100ms) ---
Dist_mm,Sample,L,FL,FR,R
20,1,196,684,483,3158
20,2,192,680,484,3160
20,3,192,678,486,3157
20,4,192,678,485,3159
20,5,194,678,486,3157
20,6,196,681,485,3157
20,7,201,685,484,3158
20,8,206,691,481,3158
20,9,209,699,476,3158
20,10,209,700,472,3158
20,11,211,703,471,3158
20,12,212,705,470,3158
20,13,214,709,467,3159
20,14,218,715,464,3158
20,15,219,718,462,3158
20,16,221,721,463,3159
20,17,219,717,468,3158
20,18,219,716,469,3158
20,19,219,715,468,3158
20,20,219,715,469,3158
20,21,220,716,468,3159
20,22,220,717,467,3159
20,23,220,716,468,3158
20,24,220,716,469,3158
20,25,219,714,471,3158
20,26,219,713,473,3157
20,27,218,711,475,3158
20,28,218,712,474,3158
20,29,218,712,476,3158
20,30,218,713,478,3158
20,31,218,713,478,3158
20,32,218,714,481,3158
20,33,218,715,481,3158
20,34,219,716,482,3158
20,35,220,719,480,3158
20,36,220,719,479,3158
20,37,222,721,480,3158
20,38,221,719,481,3158
20,39,221,719,481,3158
20,40,221,719,482,3158
20,41,221,718,483,3158
20,42,221,719,484,3159
20,43,222,718,485,3158
20,44,221,718,484,3158
20,45,221,719,484,3158
20,46,221,719,483,3158
20,47,221,720,482,3159
20,48,221,722,482,3159
20,49,223,723,479,3159
20,50,223,722,481,3159
--- 20 mm Summary | Avg: L=215 FL=710 FR=476 R=3158 ---

>>> Place micromouse at 30 mm <<<
Press button to start 5s sampling (Long press to exit)
========================================
--- Sampling 30 mm (5s @ 100ms) ---
Dist_mm,Sample,L,FL,FR,R
30,1,123,125,1731,3128
30,2,116,122,1710,3120
30,3,59,112,1720,3120
30,4,51,111,1718,3120
30,5,50,110,1718,3120
30,6,50,110,1719,3119
30,7,50,110,1715,3120
30,8,50,111,1710,3120
30,9,50,110,1719,3120
30,10,51,111,1711,3120
30,11,51,110,1719,3120
30,12,50,110,1710,3120
30,13,51,110,1718,3120
30,14,50,110,1717,3120
30,15,50,110,1710,3120
30,16,51,110,1714,3120
30,17,51,110,1720,3120
30,18,50,110,1720,3120
30,19,50,110,1717,3120
30,20,51,110,1714,3120
30,21,50,110,1711,3120
30,22,50,110,1711,3120
30,23,51,110,1711,3120
30,24,51,110,1712,3120
30,25,51,110,1714,3120
30,26,51,110,1717,3119
30,27,51,110,1719,3120
30,28,50,110,1719,3120
30,29,51,110,1716,3120
30,30,51,110,1711,3119
30,31,50,110,1713,3120
30,32,51,110,1720,3120
30,33,51,110,1715,3119
30,34,50,110,1711,3119
30,35,51,110,1720,3120
30,36,51,110,1714,3119
30,37,50,110,1714,3119
30,38,51,110,1720,3120
30,39,51,110,1711,3119
30,40,50,110,1720,3120
30,41,51,111,1712,3119
30,42,51,110,1720,3120
30,43,51,110,1712,3120
30,44,51,110,1720,3120
30,45,51,110,1716,3119
30,46,51,110,1715,3119
30,47,51,110,1721,3119
30,48,51,110,1712,3119
30,49,51,110,1716,3119
30,50,51,110,1721,3119
--- 30 mm Summary | Avg: L=53 FL=110 FR=1715 R=3119 ---

========================================
>>> Place micromouse at 40 mm <<<
Press button to start 5s sampling (Long press to exit)
========================================
--- Sampling 40 mm (5s @ 100ms) ---
Dist_mm,Sample,L,FL,FR,R
40,1,126,14,3055,3098
40,2,111,13,3044,3092
40,3,102,12,3044,3092
40,4,72,12,3044,3092
40,5,52,11,3044,3092
40,6,50,11,3044,3092
40,7,48,11,3044,3092
40,8,48,11,3044,3092
40,9,49,11,3044,3092
40,10,45,11,3044,3092
40,11,45,10,3045,3093
40,12,45,10,3045,3093
40,13,45,10,3044,3092
40,14,45,10,3044,3091
40,15,45,11,3044,3091
40,16,45,10,3043,3091
40,17,45,11,3043,3091
40,18,45,11,3044,3091
40,19,45,10,3044,3092
40,20,45,11,3044,3091
40,21,45,11,3044,3091
40,22,45,10,3044,3091
40,23,45,11,3044,3091
40,24,45,11,3044,3091
40,25,45,11,3043,3091
40,26,45,11,3044,3091
40,27,45,11,3044,3091
40,28,45,11,3044,3091
40,29,45,11,3043,3091
40,30,45,11,3044,3092
40,31,45,10,3044,3091
40,32,45,11,3044,3091
40,33,45,11,3044,3091
40,34,45,10,3043,3091
40,35,45,11,3043,3091
40,36,45,11,3044,3091
40,37,45,11,3044,3091
40,38,45,11,3044,3091
40,39,45,11,3043,3091
40,40,45,11,3043,3091
40,41,45,11,3044,3091
40,42,45,11,3044,3091
40,43,45,11,3044,3091
40,44,45,11,3044,3091
40,45,45,11,3043,3091
40,46,45,11,3044,3091
40,47,45,11,3044,3091
40,48,45,11,3044,3091
40,49,45,11,3043,3090
40,50,45,11,3043,3090
--- 40 mm Summary | Avg: L=50 FL=10 FR=3044 R=3091 ---

>>> Place micromouse at 50 mm <<<
Press button to start 5s sampling (Long press to exit)
========================================
--- Sampling 50 mm (5s @ 100ms) ---
Dist_mm,Sample,L,FL,FR,R
50,1,43,0,3205,3140
50,2,43,0,3199,3137
50,3,43,0,3199,3136
50,4,43,0,3199,3136
50,5,43,0,3199,3136
50,6,43,0,3199,3136
50,7,43,0,3199,3137
50,8,43,0,3199,3136
50,9,43,0,3199,3136
50,10,43,0,3199,3136
50,11,43,0,3199,3136
50,12,43,0,3199,3136
50,13,43,0,3199,3136
50,14,43,0,3199,3137
50,15,43,0,3199,3137
50,16,43,0,3199,3137
50,17,43,0,3199,3137
50,18,43,0,3199,3137
50,19,43,0,3199,3136
50,20,43,0,3199,3136
50,21,43,0,3199,3136
50,22,43,0,3199,3136
50,23,43,0,3199,3136
50,24,43,0,3199,3136
50,25,43,0,3199,3136
50,26,43,0,3199,3136
50,27,43,0,3199,3136
50,28,43,0,3199,3136
50,29,44,0,3199,3136
50,30,43,0,3199,3136
50,31,43,0,3199,3136
50,32,43,0,3199,3136
50,33,43,0,3199,3136
50,34,43,0,3199,3136
50,35,43,0,3199,3136
50,36,43,0,3198,3135
50,37,43,0,3199,3136
50,38,43,0,3199,3136
50,39,43,0,3199,3136
50,40,43,0,3199,3135
50,41,43,0,3199,3136
50,42,43,0,3199,3136
50,43,43,0,3199,3136
50,44,43,0,3199,3136
50,45,43,0,3199,3136
50,46,43,0,3198,3135
50,47,43,0,3199,3136
50,48,43,0,3199,3136
50,49,43,0,3199,3135
50,50,44,0,3199,3135
--- 50 mm Summary | Avg: L=43 FL=0 FR=3199 R=3136 ---

========================================
>>> Place micromouse at 60 mm <<<
Press button to start 5s sampling (Long press to exit)
========================================
--- Sampling 60 mm (5s @ 100ms) ---
Dist_mm,Sample,L,FL,FR,R
60,1,43,0,3168,3136
60,2,43,0,3164,3134
60,3,43,0,3165,3134
60,4,43,0,3164,3134
60,5,43,0,3164,3134
60,6,43,0,3165,3135
60,7,43,0,3165,3135
60,8,43,0,3164,3134
60,9,43,0,3165,3135
60,10,43,0,3165,3135
60,11,43,0,3164,3134
60,12,43,0,3165,3135
60,13,43,0,3164,3134
60,14,43,0,3164,3134
60,15,43,0,3165,3134
60,16,43,0,3164,3135
60,17,43,0,3164,3134
60,18,43,0,3164,3134
60,19,43,0,3164,3134
60,20,43,0,3164,3134
60,21,43,0,3164,3134
60,22,43,0,3164,3134
60,23,43,0,3164,3134
60,24,43,0,3164,3134
60,25,43,0,3164,3134
60,26,43,0,3164,3134
60,27,43,0,3164,3134
60,28,43,0,3164,3134
60,29,43,0,3164,3134
60,30,43,0,3164,3134
60,31,43,0,3164,3134
60,32,43,0,3164,3134
60,33,43,0,3164,3134
60,34,43,0,3164,3134
60,35,43,0,3164,3134
60,36,43,0,3164,3134
60,37,43,0,3164,3134
60,38,43,0,3164,3134
60,39,43,0,3164,3134
60,40,43,0,3164,3134
60,41,43,0,3163,3134
60,42,43,0,3164,3134
60,43,43,0,3164,3134
60,44,43,0,3164,3134
60,45,43,0,3164,3134
60,46,43,0,3163,3133
60,47,43,0,3164,3133
60,48,43,0,3164,3134
60,49,43,0,3164,3134
60,50,43,0,3164,3134

========================================
>>> Place micromouse at 70 mm <<<
Press button to start 5s sampling (Long press to exit)
========================================
--- Sampling 70 mm (5s @ 100ms) ---
Dist_mm,Sample,L,FL,FR,R
70,1,43,0,2866,3059
70,2,43,0,2864,3057
70,3,43,0,2864,3057
70,4,43,0,2864,3057
70,5,43,0,2864,3057
70,6,43,0,2864,3057
70,7,43,0,2864,3057
70,8,43,0,2865,3057
70,9,43,0,2864,3057
70,10,43,0,2864,3057
70,11,43,0,2865,3057
70,12,43,0,2863,3057
70,13,43,0,2864,3057
70,14,43,0,2865,3057
70,15,43,0,2864,3057
70,16,43,0,2865,3057
70,17,43,0,2865,3057
70,18,43,0,2864,3057
70,19,43,0,2865,3057
70,20,43,0,2865,3057
70,21,43,0,2864,3057
70,22,43,0,2865,3057
70,23,43,0,2865,3057
70,24,43,0,2865,3057
70,25,43,0,2864,3057
70,26,43,0,2865,3057
70,27,43,0,2865,3057
70,28,43,0,2865,3057
70,29,43,0,2866,3057
70,30,43,0,2865,3057
70,31,43,0,2865,3057
70,32,43,0,2866,3057
70,33,43,0,2865,3057
70,34,43,0,2865,3057
70,35,43,0,2866,3057
70,36,43,0,2865,3057
70,37,43,0,2865,3057
70,38,43,0,2865,3057
70,39,43,0,2865,3057
70,40,43,0,2865,3057
70,41,43,0,2866,3057
70,42,43,0,2865,3057
70,43,43,0,2865,3057
70,44,43,0,2866,3057
70,45,43,0,2865,3057
70,46,43,0,2865,3057
70,47,43,0,2866,3057
70,48,43,0,2865,3057
70,49,43,0,2865,3057
70,50,43,0,2866,3057
--- 70 mm Summary | Avg: L=43 FL=0 FR=2864 R=3057 ---

>>> Place micromouse at 80 mm <<<
Press button to start 5s sampling (Long press to exit)
========================================
--- Sampling 80 mm (5s @ 100ms) ---
Dist_mm,Sample,L,FL,FR,R
80,1,43,0,1785,2843
80,2,42,0,1784,2842
80,3,42,0,1784,2842
80,4,42,0,1785,2842
80,5,42,0,1785,2842
80,6,42,0,1784,2842
80,7,42,0,1785,2843
80,8,42,0,1785,2842
80,9,42,0,1784,2842
80,10,42,0,1785,2843
80,11,42,0,1785,2842
80,12,42,0,1784,2842
80,13,42,0,1785,2843
80,14,42,0,1785,2842
80,15,42,0,1784,2842
80,16,42,0,1785,2842
80,17,42,0,1784,2842
80,18,42,0,1785,2842
80,19,42,0,1785,2842
80,20,42,0,1785,2842
80,21,42,0,1785,2842
80,22,42,0,1785,2842
80,23,42,0,1785,2842
80,24,42,0,1784,2842
80,25,42,0,1785,2842
80,26,42,0,1785,2842
80,27,42,0,1785,2842
80,28,42,0,1785,2842
80,29,42,0,1785,2842
80,30,42,0,1785,2842
80,31,42,0,1785,2843
80,32,42,0,1785,2842
80,33,42,0,1785,2842
80,34,42,0,1785,2843
80,35,42,0,1785,2842
80,36,42,0,1785,2842
80,37,42,0,1785,2842
80,38,42,0,1785,2842
80,39,42,0,1785,2843
80,40,42,0,1785,2843
80,41,42,0,1785,2842
80,42,42,0,1785,2842
80,43,42,0,1786,2843
80,44,42,0,1785,2843
80,45,42,0,1785,2842
80,46,42,0,1786,2843
80,47,42,0,1785,2842
80,48,42,0,1785,2842
80,49,42,0,1786,2843
80,50,42,0,1785,2842
--- 80 mm Summary | Avg: L=42 FL=0 FR=1784 R=2842 ---

========================================
>>> Place micromouse at 90 mm <<<
Press button to start 5s sampling (Long press to exit)
========================================
--- Sampling 90 mm (5s @ 100ms) ---
Dist_mm,Sample,L,FL,FR,R
90,1,42,0,1355,2350
90,2,42,0,1355,2350
90,3,42,0,1355,2348
90,4,42,0,1354,2348
90,5,42,0,1355,2349
90,6,42,0,1354,2349
90,7,42,0,1354,2349
90,8,42,0,1355,2349
90,9,42,0,1355,2348
90,10,42,0,1354,2349
90,11,42,0,1355,2350
90,12,42,0,1355,2349
90,13,42,0,1355,2349
90,14,42,0,1355,2349
90,15,42,0,1355,2349
90,16,42,0,1355,2349
90,17,42,0,1355,2350
90,18,42,0,1355,2349
90,19,42,0,1355,2349
90,20,42,0,1355,2350
90,21,42,0,1356,2350
90,22,42,0,1355,2350
90,23,42,0,1356,2350
90,24,42,0,1355,2350
90,25,42,0,1355,2349
90,26,42,0,1356,2351
90,27,42,0,1356,2350
90,28,42,0,1356,2350
90,29,42,0,1356,2351
90,30,42,0,1356,2350
90,31,42,0,1356,2350
90,32,42,0,1356,2351
90,33,42,0,1356,2350
90,34,42,0,1356,2350
90,35,42,0,1356,2351
90,36,42,0,1356,2351
90,37,42,0,1356,2351
90,38,42,0,1356,2351
90,39,42,0,1356,2351
90,40,42,0,1356,2351
90,41,42,0,1357,2352
90,42,42,0,1356,2352
90,43,42,0,1356,2351
90,44,42,0,1356,2351
90,45,42,0,1356,2351
90,46,42,0,1356,2351
90,47,42,0,1356,2351
90,48,42,0,1356,2352
90,49,42,0,1356,2351
90,50,42,0,1357,2352
--- 90 mm Summary | Avg: L=42 FL=0 FR=1355 R=2350 ---

>>> Place micromouse at 100 mm <<<
Press button to start 5s sampling (Long press to exit)
========================================
--- Sampling 100 mm (5s @ 100ms) ---
Dist_mm,Sample,L,FL,FR,R
100,1,42,0,1082,1965
100,2,42,0,1081,1964
100,3,42,0,1081,1965
100,4,42,0,1081,1964
100,5,41,0,1081,1964
100,6,42,0,1081,1965
100,7,42,0,1081,1965
100,8,41,0,1081,1964
100,9,41,0,1081,1965
100,10,41,0,1081,1964
100,11,41,0,1081,1965
100,12,42,0,1081,1965
100,13,42,0,1081,1965
100,14,42,0,1081,1965
100,15,42,0,1082,1966
100,16,41,0,1081,1965
100,17,41,0,1081,1965
100,18,42,0,1082,1966
100,19,42,0,1081,1965
100,20,42,0,1081,1965
100,21,42,0,1082,1966
100,22,41,0,1081,1965
100,23,41,0,1081,1965
100,24,42,0,1082,1966
100,25,41,0,1082,1965
100,26,41,0,1081,1965
100,27,42,0,1082,1966
100,28,41,0,1082,1965
100,29,42,0,1082,1965
100,30,42,0,1082,1966
100,31,42,0,1081,1965
100,32,42,0,1081,1965
100,33,42,0,1082,1966
100,34,42,0,1082,1965
100,35,41,0,1082,1966
100,36,42,0,1082,1966
100,37,42,0,1081,1965
100,38,42,0,1082,1965
100,39,42,0,1082,1966
100,40,41,0,1082,1966
100,41,42,0,1082,1966
100,42,42,0,1082,1966
100,43,42,0,1082,1966
100,44,42,0,1082,1965
100,45,42,0,1082,1966
100,46,42,0,1082,1966
100,47,42,0,1082,1965
100,48,42,0,1082,1966
100,49,42,0,1082,1966
100,50,42,0,1082,1966
--- 100 mm Summary | Avg: L=41 FL=0 FR=1081 R=1965 ---

>>> Place micromouse at 110 mm <<<
Press button to start 5s sampling (Long press to exit)
========================================
--- Sampling 110 mm (5s @ 100ms) ---
Dist_mm,Sample,L,FL,FR,R
110,1,41,0,842,1701
110,2,42,0,843,1701
110,3,42,0,843,1701
110,4,42,0,842,1701
110,5,42,0,841,1701
110,6,42,0,842,1701
110,7,42,0,841,1701
110,8,42,0,841,1700
110,9,42,0,841,1701
110,10,42,0,841,1701
110,11,41,0,841,1701
110,12,42,0,841,1701
110,13,42,0,841,1701
110,14,41,0,840,1700
110,15,42,0,841,1701
110,16,42,0,840,1701
110,17,41,0,841,1701
110,18,42,0,840,1701
110,19,41,0,840,1700
110,20,41,0,840,1700
110,21,41,0,841,1701
110,22,42,0,840,1700
110,23,41,0,840,1700
110,24,42,0,840,1701
110,25,42,0,840,1700
110,26,41,0,840,1701
110,27,42,0,841,1702
110,28,41,0,840,1701
110,29,42,0,841,1701
110,30,42,0,841,1701
110,31,42,0,841,1701
110,32,41,0,841,1701
110,33,42,0,841,1702
110,34,42,0,841,1701
110,35,42,0,841,1702
110,36,42,0,841,1703
110,37,42,0,841,1703
110,38,42,0,841,1703
110,39,42,0,842,1703
110,40,42,0,842,1703
110,41,42,0,842,1703
110,42,42,0,842,1704
110,43,42,0,842,1703
110,44,42,0,842,1703
110,45,42,0,842,1704
110,46,42,0,842,1703
110,47,42,0,842,1704
110,48,42,0,843,1704
110,49,42,0,842,1704
110,50,42,0,842,1705
--- 110 mm Summary | Avg: L=41 FL=0 FR=841 R=1701 ---

========================================
>>> Place micromouse at 120 mm <<<
Press button to start 5s sampling (Long press to exit)
========================================
--- Sampling 120 mm (5s @ 100ms) ---
Dist_mm,Sample,L,FL,FR,R
120,1,42,0,687,1513
120,2,42,0,686,1513
120,3,42,0,686,1513
120,4,42,0,686,1513
120,5,42,0,685,1513
120,6,42,0,685,1513
120,7,42,0,686,1513
120,8,42,0,685,1513
120,9,42,0,685,1513
120,10,42,0,686,1514
120,11,42,0,685,1513
120,12,42,0,685,1513
120,13,42,0,686,1514
120,14,42,0,686,1513
120,15,42,0,686,1514
120,16,42,0,686,1514
120,17,42,0,685,1513
120,18,42,0,686,1514
120,19,42,0,686,1514
120,20,42,0,686,1514
120,21,42,0,686,1514
120,22,42,0,686,1514
120,23,42,0,686,1514
120,24,42,0,686,1514
120,25,42,0,686,1514
120,26,42,0,686,1514
120,27,42,0,686,1513
120,28,42,0,686,1514
120,29,42,0,686,1514
120,30,42,0,686,1514
120,31,42,0,686,1514
120,32,42,0,686,1514
120,33,42,0,685,1514
120,34,42,0,686,1514
120,35,42,0,686,1514
120,36,42,0,686,1514
120,37,42,0,686,1515
120,38,42,0,686,1514
120,39,42,0,686,1514
120,40,42,0,686,1515
120,41,42,0,686,1514
120,42,42,0,686,1514
120,43,42,0,686,1515
120,44,42,0,686,1514
120,45,42,0,686,1514
120,46,42,0,686,1515
120,47,42,0,686,1514
120,48,42,0,686,1514
120,49,42,0,686,1515
120,50,42,0,686,1514
--- 120 mm Summary | Avg: L=42 FL=0 FR=685 R=1513 ---

========================================
>>> Place micromouse at 130 mm <<<
Press button to start 5s sampling (Long press to exit)
========================================
--- Sampling 130 mm (5s @ 100ms) ---
Dist_mm,Sample,L,FL,FR,R
130,1,42,0,566,1363
130,2,42,0,565,1364
130,3,42,0,564,1364
130,4,42,0,563,1363
130,5,42,0,563,1364
130,6,42,0,562,1363
130,7,42,0,562,1363
130,8,42,0,562,1363
130,9,42,0,562,1363
130,10,42,0,561,1363
130,11,42,0,561,1363
130,12,42,0,561,1363
130,13,42,0,561,1363
130,14,42,0,561,1364
130,15,42,0,561,1363
130,16,42,0,561,1363
130,17,42,0,561,1364
130,18,42,0,560,1363
130,19,42,0,560,1363
130,20,42,0,561,1364
130,21,42,0,561,1364
130,22,42,0,561,1364
130,23,42,0,561,1364
130,24,42,0,561,1364
130,25,42,0,560,1364
130,26,42,0,561,1364
130,27,42,0,561,1364
130,28,42,0,561,1364
130,29,42,0,561,1364
130,30,42,0,561,1364
130,31,42,0,561,1364
130,32,42,0,561,1364
130,33,42,0,561,1364
130,34,42,0,560,1364
130,35,42,0,561,1364
130,36,42,0,561,1364
130,37,42,0,561,1364
130,38,42,0,561,1365
130,39,42,0,560,1364
130,40,42,0,561,1364
130,41,42,0,561,1364
130,42,42,0,560,1364
130,43,42,0,561,1364
130,44,42,0,561,1364
130,45,42,0,561,1364
130,46,42,0,560,1364
130,47,42,0,560,1364
130,48,42,0,560,1364
130,49,42,0,560,1364
130,50,42,0,561,1365

========================================
>>> Place micromouse at 140 mm <<<
Press button to start 5s sampling (Long press to exit)
========================================
--- Sampling 140 mm (5s @ 100ms) ---
Dist_mm,Sample,L,FL,FR,R
140,1,42,0,210,1230
140,2,42,0,194,1229
140,3,42,0,191,1229
140,4,42,0,191,1229
140,5,42,0,191,1229
140,6,41,0,191,1229
140,7,41,0,191,1229
140,8,42,0,191,1229
140,9,41,0,191,1229
140,10,42,0,191,1229
140,11,42,0,191,1229
140,12,42,0,191,1229
140,13,42,0,191,1229
140,14,42,0,191,1229
140,15,42,0,191,1229
140,16,42,0,191,1229
140,17,42,0,191,1229
140,18,42,0,191,1229
140,19,42,0,191,1229
140,20,42,0,191,1229
140,21,42,0,191,1229
140,22,42,0,191,1229
140,23,42,0,191,1229
140,24,42,0,191,1230
140,25,42,0,191,1229
140,26,42,0,191,1229
140,27,42,0,191,1230
140,28,42,0,191,1230
140,29,42,0,191,1229
140,30,42,0,191,1230
140,31,42,0,191,1229
140,32,41,0,191,1229
140,33,42,0,191,1230
140,34,42,0,191,1229
140,35,42,0,191,1229
140,36,42,0,191,1230
140,37,42,0,191,1229
140,38,42,0,191,1229
140,39,42,0,191,1230
140,40,42,0,191,1229
140,41,42,0,191,1229
140,42,42,0,191,1231
140,43,42,0,191,1230
140,44,42,0,191,1230
140,45,42,0,191,1231
140,46,42,0,191,1230
140,47,42,0,191,1230
140,48,42,0,191,1231
140,49,42,0,191,1230
140,50,42,0,191,1229
--- 140 mm Summary | Avg: L=41 FL=0 FR=191 R=1229 ---

>>> Place micromouse at 150 mm <<<
Press button to start 5s sampling (Long press to exit)
========================================
--- Sampling 150 mm (5s @ 100ms) ---
Dist_mm,Sample,L,FL,FR,R
150,1,42,0,46,1141
150,2,42,0,33,1141
150,3,42,0,26,1141
150,4,42,0,25,1141
150,5,42,0,25,1141
150,6,42,0,24,1141
150,7,42,0,24,1141
150,8,42,0,24,1141
150,9,42,0,24,1141
150,10,42,0,24,1141
150,11,42,0,24,1141
150,12,42,0,24,1141
150,13,42,0,24,1141
150,14,42,0,24,1141
150,15,42,0,24,1141
150,16,42,0,24,1141
150,17,42,0,24,1141
150,18,42,0,24,1141
150,19,42,0,24,1141
150,20,42,0,24,1141
150,21,42,0,24,1141
150,22,42,0,24,1141
150,23,42,0,24,1141
150,24,42,0,24,1141
150,25,42,0,24,1141
150,26,42,0,24,1141
150,27,42,0,24,1141
150,28,42,0,24,1141
150,29,42,0,24,1141
150,30,42,0,24,1141
150,31,42,0,24,1141
150,32,42,0,24,1141
150,33,42,0,24,1141
150,34,42,0,24,1141
150,35,42,0,24,1141
150,36,42,0,24,1141
150,37,42,0,24,1142
150,38,42,0,24,1141
150,39,42,0,24,1141
150,40,42,0,24,1142
150,41,41,0,24,1141
150,42,42,0,24,1141
150,43,42,0,24,1142
150,44,42,0,24,1141
150,45,42,0,24,1141
150,46,42,0,24,1142
150,47,42,0,24,1141
150,48,41,0,24,1141
150,49,42,0,24,1142
150,50,42,0,24,1141
--- 150 mm Summary | Avg: L=41 FL=0 FR=24 R=1141 ---

========================================
>>> Place micromouse at 160 mm <<<
Press button to start 5s sampling (Long press to exit)
========================================
--- Sampling 160 mm (5s @ 100ms) ---
Dist_mm,Sample,L,FL,FR,R
160,1,42,1,122,1114
160,2,42,0,119,1114
160,3,42,0,94,1115
160,4,42,0,82,1114
160,5,42,0,82,1114
160,6,42,0,82,1114
160,7,42,0,82,1114
160,8,42,0,82,1114
160,9,42,0,82,1114
160,10,42,0,82,1114
160,11,42,0,82,1114
160,12,42,0,82,1114
160,13,42,0,82,1114
160,14,42,0,82,1114
160,15,42,0,82,1114
160,16,42,0,82,1114
160,17,42,0,82,1114
160,18,42,0,82,1114
160,19,42,0,82,1114
160,20,42,0,82,1114
160,21,42,0,82,1114
160,22,42,0,82,1114
160,23,42,0,82,1114
160,24,43,0,82,1114
160,25,42,0,82,1114
160,26,42,0,82,1114
160,27,42,0,82,1114
160,28,42,0,82,1114
160,29,42,0,82,1114
160,30,42,0,82,1115
160,31,42,0,82,1114
160,32,42,0,82,1114
160,33,42,0,82,1115
160,34,42,0,82,1115
160,35,43,0,82,1115
160,36,42,0,82,1115
160,37,42,0,82,1115
160,38,43,0,82,1114
160,39,43,0,82,1115
160,40,42,0,82,1115
160,41,42,0,82,1115
160,42,42,0,82,1115
160,43,42,0,82,1115
160,44,42,0,82,1115
160,45,43,0,82,1115
160,46,43,0,82,1115
160,47,43,0,82,1115
160,48,43,0,82,1115
160,49,43,0,82,1115
160,50,43,0,82,1114
--- 160 mm Summary | Avg: L=42 FL=0 FR=83 R=1114 ---

>>> Place micromouse at 170 mm <<<
Press button to start 5s sampling (Long press to exit)
========================================
--- Sampling 170 mm (5s @ 100ms) ---
Dist_mm,Sample,L,FL,FR,R
170,1,42,1,70,1035
170,2,43,0,64,1035
170,3,42,0,30,1035
170,4,42,0,20,1035
170,5,43,0,20,1035
170,6,43,0,19,1035
170,7,42,0,19,1035
170,8,43,0,20,1035
170,9,42,0,19,1035
170,10,42,0,19,1035
170,11,43,0,19,1035
170,12,42,0,19,1035
170,13,42,0,20,1035
170,14,42,0,20,1035
170,15,42,0,19,1035
170,16,42,0,19,1035
170,17,42,0,19,1035
170,18,43,0,19,1035
170,19,42,0,19,1035
170,20,43,0,19,1035
170,21,42,0,20,1035
170,22,42,0,20,1035
170,23,43,0,20,1035
170,24,43,0,19,1035
170,25,42,0,20,1035
170,26,43,0,20,1035
170,27,42,0,19,1035
170,28,43,0,20,1035
170,29,43,0,20,1035
170,30,42,0,20,1035
170,31,42,0,19,1035
170,32,43,0,19,1035
170,33,42,0,19,1035
170,34,42,0,20,1035
170,35,43,0,20,1036
170,36,42,0,19,1035
170,37,42,0,19,1035
170,38,43,0,20,1035
170,39,42,0,19,1035
170,40,42,0,19,1035
170,41,43,0,20,1036
170,42,42,0,20,1036
170,43,42,0,20,1035
170,44,43,0,19,1036
170,45,42,0,19,1035
170,46,43,0,19,1035
170,47,43,0,20,1036
170,48,43,0,20,1035
170,49,42,0,19,1035
170,50,43,0,20,1036
--- 170 mm Summary | Avg: L=42 FL=0 FR=21 R=1035 ---

========================================
>>> Place micromouse at 180 mm <<<
Press button to start 5s sampling (Long press to exit)
========================================
--- Sampling 180 mm (5s @ 100ms) ---
Dist_mm,Sample,L,FL,FR,R
180,1,42,0,62,988
180,2,42,0,62,989
180,3,42,0,33,989
180,4,43,0,6,989
180,5,42,0,5,988
180,6,42,0,5,988
180,7,43,0,5,989
180,8,43,0,5,988
180,9,42,0,5,988
180,10,43,0,5,988
180,11,43,0,5,988
180,12,42,0,5,988
180,13,43,0,5,988
180,14,42,0,5,988
180,15,43,0,5,988
180,16,43,0,6,988
180,17,43,0,5,988
180,18,43,0,5,988
180,19,43,0,5,988
180,20,42,0,5,988
180,21,43,0,5,988
180,22,43,0,5,988
180,23,43,0,5,988
180,24,43,0,5,988
180,25,42,0,5,988
180,26,43,0,5,988
180,27,43,0,5,988
180,28,42,0,5,988
180,29,42,0,5,988
180,30,43,0,5,988
180,31,42,0,5,988
180,32,42,0,5,988
180,33,42,0,5,988
180,34,43,0,5,989
180,35,43,0,5,988
180,36,43,0,5,988
180,37,43,0,5,989
180,38,42,0,5,988
180,39,43,0,5,988
180,40,43,0,5,989
180,41,43,0,6,988
180,42,42,0,5,988
180,43,43,0,5,989
180,44,43,0,5,989
180,45,42,0,5,989
180,46,43,0,5,989
180,47,42,0,5,988
180,48,42,0,5,988
180,49,43,0,5,988
180,50,43,0,5,989
--- 180 mm Summary | Avg: L=42 FL=0 FR=7 R=988 ---

========================================
>>> Place micromouse at 190 mm <<<
Press button to start 5s sampling (Long press to exit)
========================================
--- Sampling 190 mm (5s @ 100ms) ---
Dist_mm,Sample,L,FL,FR,R
190,1,43,0,50,905
190,2,43,0,53,905
190,3,43,0,32,905
190,4,43,0,3,904
190,5,43,0,2,904
190,6,43,0,1,904
190,7,43,0,1,904
190,8,43,0,1,904
190,9,43,0,1,904
190,10,43,0,1,904
190,11,43,0,1,903
190,12,43,0,1,904
190,13,43,0,1,904
190,14,43,0,1,903
190,15,43,0,1,904
190,16,42,0,1,903
190,17,43,0,1,904
190,18,43,0,1,904
190,19,43,0,1,903
190,20,42,0,1,903
190,21,42,0,1,904
190,22,42,0,1,903
190,23,43,0,1,904
190,24,42,0,1,904
190,25,42,0,1,903
190,26,43,0,1,903
190,27,42,0,1,904
190,28,42,0,1,903
190,29,42,0,1,903
190,30,43,0,1,904
190,31,42,0,1,903
190,32,43,0,1,903
190,33,43,0,1,904
190,34,43,0,1,903
190,35,43,0,1,903
190,36,43,0,1,904
190,37,43,0,1,903
190,38,43,0,1,903
190,39,43,0,1,904
190,40,43,0,1,904
190,41,43,0,1,904
190,42,43,0,1,904
190,43,42,0,1,904
190,44,42,0,1,904
190,45,43,0,1,904
190,46,42,0,1,903
190,47,43,0,1,903
190,48,43,0,1,904
190,49,43,0,1,904
190,50,43,0,1,904
--- 190 mm Summary | Avg: L=42 FL=0 FR=3 R=903 ---

>>> Place micromouse at 200 mm <<<
Press button to start 5s sampling (Long press to exit)
========================================
--- Sampling 200 mm (5s @ 100ms) ---
Dist_mm,Sample,L,FL,FR,R
200,1,43,0,43,851
200,2,42,0,46,850
200,3,42,0,11,849
200,4,43,0,0,849
200,5,42,0,2,849
200,6,42,0,0,849
200,7,43,0,0,849
200,8,43,0,0,849
200,9,42,0,0,849
200,10,43,0,0,849
200,11,42,0,0,848
200,12,42,0,0,848
200,13,42,0,0,849
200,14,42,0,0,849
200,15,42,0,0,849
200,16,42,0,0,849
200,17,42,0,0,849
200,18,42,0,0,849
200,19,43,0,0,849
200,20,43,0,0,849
200,21,42,0,0,849
200,22,43,0,0,849
200,23,43,0,0,849
200,24,42,0,0,849
200,25,42,0,0,849
200,26,43,0,0,849
200,27,42,0,0,848
200,28,43,0,0,849
200,29,42,0,0,849
200,30,42,0,0,849
200,31,43,0,0,849
200,32,42,0,0,849
200,33,42,0,0,849
200,34,42,0,0,849
200,35,42,0,0,848
200,36,42,0,0,849
200,37,43,0,0,849
200,38,42,0,0,848
200,39,43,0,0,849
200,40,43,0,0,849
200,41,42,0,0,849
200,42,42,0,0,849
200,43,42,0,0,849
200,44,42,0,0,849
200,45,42,0,0,849
200,46,42,0,0,849
200,47,42,0,0,849
200,48,42,0,0,849
200,49,42,0,0,849
200,50,43,0,0,849
--- 200 mm Summary | Avg: L=42 FL=0 FR=2 R=848 ---

========================================
>>> Place micromouse at 210 mm <<<
Press button to start 5s sampling (Long press to exit)
========================================
--- Sampling 210 mm (5s @ 100ms) ---
Dist_mm,Sample,L,FL,FR,R
210,1,43,0,47,818
210,2,42,0,48,817
210,3,43,0,27,817
210,4,42,0,4,817
210,5,42,0,0,816
210,6,42,0,0,816
210,7,42,0,0,816
210,8,42,0,0,815
210,9,42,0,0,816
210,10,43,0,0,816
210,11,42,0,0,816
210,12,42,0,0,816
210,13,42,0,0,816
210,14,42,0,0,816
210,15,42,0,0,816
210,16,43,0,0,816
210,17,43,0,0,816
210,18,43,0,0,816
210,19,43,0,0,816
210,20,42,0,0,816
210,21,42,0,0,816
210,22,42,0,0,816
210,23,42,0,0,816
210,24,43,0,0,816
210,25,43,0,0,816
210,26,43,0,0,816
210,27,43,0,0,816
210,28,42,0,0,816
210,29,43,0,0,816
210,30,42,0,0,816
210,31,43,0,0,816
210,32,42,0,0,816
210,33,42,0,0,816
210,34,43,0,0,816
210,35,43,0,0,816
210,36,42,0,0,816
210,37,43,0,0,816
210,38,42,0,0,816
210,39,42,0,0,816
210,40,43,0,0,816
210,41,43,0,0,816
210,42,42,0,0,816
210,43,43,0,0,816
210,44,43,0,0,816
210,45,43,0,0,816
210,46,43,0,0,816
210,47,43,0,0,816
210,48,42,0,0,816
210,49,43,0,0,816
210,50,42,0,0,816
--- 210 mm Summary | Avg: L=42 FL=0 FR=2 R=816 ---

========================================
>>> Place micromouse at 220 mm <<<
Press button to start 5s sampling (Long press to exit)
========================================
--- Sampling 220 mm (5s @ 100ms) ---
Dist_mm,Sample,L,FL,FR,R
220,1,43,0,42,786
220,2,43,0,43,785
220,3,43,0,25,785
220,4,43,0,1,785
220,5,43,0,0,785
220,6,43,0,0,784
220,7,43,0,0,785
220,8,43,0,0,784
220,9,43,0,0,784
220,10,43,0,0,784
220,11,43,0,0,784
220,12,42,0,0,784
220,13,43,0,0,784
220,14,43,0,0,784
220,15,43,0,0,784
220,16,43,0,0,784
220,17,43,0,0,784
220,18,42,0,0,784
220,19,43,0,0,785
220,20,43,0,0,784
220,21,43,0,0,784
220,22,43,0,0,785
220,23,42,0,0,784
220,24,42,0,0,784
220,25,43,0,0,785
220,26,42,0,0,784
220,27,43,0,0,784
220,28,43,0,0,785
220,29,43,0,0,784
220,30,42,0,0,784
220,31,43,0,0,785
220,32,42,0,0,784
220,33,43,0,0,784
220,34,43,0,0,785
220,35,43,0,0,784
220,36,43,0,0,784
220,37,43,0,0,785
220,38,43,0,0,784
220,39,43,0,0,784
220,40,43,0,0,785
220,41,43,0,0,784
220,42,42,0,0,784
220,43,42,0,0,785
220,44,43,0,0,784
220,45,43,0,0,784
220,46,43,0,0,784
220,47,43,0,0,784
220,48,43,0,0,784
220,49,43,0,0,785
220,50,43,0,0,784
--- 220 mm Summary | Avg: L=42 FL=0 FR=2 R=784 ---

>>> Place micromouse at 230 mm <<<
Press button to start 5s sampling (Long press to exit)
========================================
--- Sampling 230 mm (5s @ 100ms) ---
Dist_mm,Sample,L,FL,FR,R
230,1,43,0,52,741
230,2,43,0,40,741
230,3,43,0,15,741
230,4,43,0,1,740
230,5,43,0,0,740
230,6,43,0,0,740
230,7,42,0,0,739
230,8,43,0,0,739
230,9,43,0,0,740
230,10,43,0,0,739
230,11,42,0,0,739
230,12,43,0,0,740
230,13,43,0,0,739
230,14,43,0,0,739
230,15,43,0,0,739
230,16,42,0,0,739
230,17,43,0,0,739
230,18,43,0,0,740
230,19,43,0,0,739
230,20,43,0,0,739
230,21,43,0,0,739
230,22,43,0,0,739
230,23,43,0,0,739
230,24,42,0,0,739
230,25,43,0,0,739
230,26,43,0,0,739
230,27,43,0,0,740
230,28,43,0,0,739
230,29,43,0,0,739
230,30,43,0,0,739
230,31,43,0,0,739
230,32,42,0,0,739
230,33,43,0,0,740
230,34,43,0,0,739
230,35,43,0,0,739
230,36,43,0,0,740
230,37,43,0,0,739
230,38,43,0,0,739
230,39,43,0,0,739
230,40,43,0,0,739
230,41,43,0,0,739
230,42,43,0,0,739
230,43,43,0,0,739
230,44,43,0,0,739
230,45,42,0,0,739
230,46,43,0,0,739
230,47,43,0,0,739
230,48,43,0,0,740
230,49,42,0,0,740
230,50,42,0,0,739
--- 230 mm Summary | Avg: L=42 FL=0 FR=2 R=739 ---

========================================
>>> Place micromouse at 240 mm <<<
Press button to start 5s sampling (Long press to exit)
========================================
--- Sampling 240 mm (5s @ 100ms) ---
Dist_mm,Sample,L,FL,FR,R
240,1,43,0,48,671
240,2,43,0,45,670
240,3,42,0,1,669
240,4,43,0,0,670
240,5,42,0,0,669
240,6,43,0,0,668
240,7,43,0,0,668
240,8,43,0,0,668
240,9,42,0,0,667
240,10,42,0,0,667
240,11,43,0,0,667
240,12,42,0,0,667
240,13,43,0,0,667
240,14,42,0,0,667
240,15,43,0,0,667
240,16,43,0,0,668
240,17,43,0,0,667
240,18,43,0,0,667
240,19,43,0,0,668
240,20,43,0,0,667
240,21,43,0,0,667
240,22,43,0,0,668
240,23,43,0,0,668
240,24,43,0,0,667
240,25,43,0,0,668
240,26,43,0,0,668
240,27,42,0,0,668
240,28,42,0,0,668
240,29,43,0,0,667
240,30,43,0,0,667
240,31,43,0,0,668
240,32,43,0,0,668
240,33,43,0,0,668
240,34,43,0,0,668
240,35,43,0,0,667
240,36,42,0,0,668
240,37,43,0,0,668
240,38,42,0,0,667
240,39,43,0,0,668
240,40,43,0,0,668
240,41,43,0,0,668
240,42,43,0,0,667
240,43,43,0,0,668
240,44,43,0,0,667
240,45,43,0,0,668
240,46,43,0,0,668
240,47,43,0,0,667
240,48,43,0,0,668
240,49,43,0,0,668
240,50,43,0,0,667
--- 240 mm Summary | Avg: L=42 FL=0 FR=1 R=667 ---

>>> Place micromouse at 250 mm <<<
Press button to start 5s sampling (Long press to exit)
========================================
--- Sampling 250 mm (5s @ 100ms) ---
Dist_mm,Sample,L,FL,FR,R
250,1,43,0,47,641
250,2,43,0,36,641
250,3,43,0,0,640
250,4,43,0,0,640
250,5,43,0,0,639
250,6,43,0,0,639
250,7,43,0,0,638
250,8,43,0,0,638
250,9,43,0,0,638
250,10,43,0,0,638
250,11,43,0,0,638
250,12,43,0,0,638
250,13,43,0,0,638
250,14,43,0,0,638
250,15,43,0,0,638
250,16,43,0,0,638
250,17,43,0,0,638
250,18,43,0,0,638
250,19,43,0,0,638
250,20,43,0,0,638
250,21,43,0,0,638
250,22,43,0,0,638
250,23,43,0,0,638
250,24,43,0,0,638
250,25,43,0,0,638
250,26,43,0,0,638
250,27,43,0,0,638
250,28,43,0,0,638
250,29,43,0,0,638
250,30,43,0,0,638
250,31,43,0,0,638
250,32,43,0,0,638
250,33,43,0,0,638
250,34,43,0,0,638
250,35,43,0,0,638
250,36,43,0,0,638
250,37,43,0,0,639
250,38,43,0,0,638
250,39,43,0,0,638
250,40,43,0,0,638
250,41,43,0,0,638
250,42,43,0,0,638
250,43,43,0,0,638
250,44,43,0,0,638
250,45,43,0,0,638
250,46,43,0,0,639
250,47,43,0,0,638
250,48,43,0,0,638
250,49,43,0,0,638
250,50,43,0,0,638
--- 250 mm Summary | Avg: L=43 FL=0 FR=1 R=638 ---
