>>> Place micromouse at 10 mm <<<
Press button to start 5s sampling (Long press to exit)
========================================
--- Sampling 10 mm (5s @ 100ms) ---
Dist_mm,Sample,L,FL,FR,R
10,1,398,744,641,2798
10,2,340,746,641,2793
10,3,878,734,640,2778
10,4,308,706,629,2239
10,5,341,708,625,2371
10,6,407,715,625,2573
10,7,319,723,622,2555
10,8,335,716,626,2524
10,9,367,720,628,2527
10,10,360,721,624,2515
10,11,350,719,626,2506
10,12,355,721,627,2500
10,13,362,716,631,2477
10,14,357,719,630,2471
10,15,336,718,628,2503
10,16,345,719,629,2501
10,17,328,719,628,2525
10,18,325,722,628,2532
10,19,330,725,627,2535
10,20,321,726,626,2550
10,21,329,729,626,2548
10,22,368,725,624,2551
10,23,457,729,623,2554
10,24,645,727,629,2565
10,25,780,729,634,2574
10,26,836,729,635,2565
10,27,792,729,639,2573
10,28,690,739,638,2591
10,29,618,737,634,2575
10,30,600,743,635,2576
10,31,559,747,633,2566
10,32,508,746,632,2565
10,33,496,753,628,2566
10,34,440,755,630,2577
10,35,428,758,632,2580
10,36,436,757,635,2575
10,37,404,755,632,2577
10,38,428,760,631,2572
10,39,477,757,630,2549
10,40,479,758,626,2552
10,41,494,761,630,2575
10,42,490,760,634,2567
10,43,519,758,633,2570
10,44,522,762,633,2559
10,45,562,762,629,2570
10,46,536,759,628,2557
10,47,538,764,632,2560
10,48,548,762,635,2552
10,49,544,761,632,2554
10,50,532,764,630,2561
--- 10 mm Summary | Avg: L=470 FL=738 FR=630 R=2554 ---

>>> Place micromouse at 20 mm <<<
Press button to start 5s sampling (Long press to exit)
========================================
--- Sampling 20 mm (5s @ 100ms) ---
Dist_mm,Sample,L,FL,FR,R
20,1,22,565,586,2241
20,2,23,569,584,2245
20,3,23,572,584,2344
20,4,24,570,590,2465
20,5,24,576,596,2578
20,6,25,577,596,2629
20,7,26,586,596,2643
20,8,27,588,596,2662
20,9,27,594,596,2674
20,10,28,594,598,2705
20,11,29,597,600,2713
20,12,29,600,602,2715
20,13,29,596,606,2715
20,14,28,596,606,2715
20,15,28,594,606,2717
20,16,29,594,604,2715
20,17,28,596,602,2720
20,18,29,594,602,2720
20,19,29,602,600,2717
20,20,29,600,598,2720
20,21,29,603,596,2720
20,22,31,605,599,2725
20,23,31,604,602,2721
20,24,31,609,607,2728
20,25,31,606,607,2727
20,26,31,606,603,2722
20,27,30,606,605,2729
20,28,31,606,600,2726
20,29,31,607,600,2728
20,30,31,606,606,2726
20,31,31,604,611,2725
20,32,30,605,610,2725
20,33,30,607,607,2724
20,34,31,605,605,2728
20,35,31,607,603,2727
20,36,31,609,607,2728
20,37,31,606,613,2726
20,38,31,608,608,2725
20,39,31,609,608,2726
20,40,31,609,602,2725
20,41,31,605,608,2730
20,42,31,610,613,2727
20,43,31,606,607,2728
20,44,31,603,608,2728
20,45,31,607,602,2721
20,46,31,607,609,2726
20,47,31,607,611,2725
20,48,31,605,607,2728
20,49,31,608,603,2725
20,50,31,607,606,2728
--- 20 mm Summary | Avg: L=29 FL=599 FR=602 R=2682 ---

>>> Place micromouse at 30 mm <<<
Press button to start 5s sampling (Long press to exit)
========================================
--- Sampling 30 mm (5s @ 100ms) ---
Dist_mm,Sample,L,FL,FR,R
30,1,11,340,1412,2798
30,2,11,341,1223,2795
30,3,10,340,1245,2787
30,4,11,339,1408,2799
30,5,11,342,1373,2800
30,6,11,338,1251,2798
30,7,10,341,1211,2795
30,8,10,339,1192,2797
30,9,11,339,1177,2793
30,10,11,339,1173,2789
30,11,11,340,1180,2796
30,12,11,339,1193,2793
30,13,10,341,1189,2799
30,14,11,339,1211,2794
30,15,10,342,1224,2799
30,16,10,340,1279,2795
30,17,11,341,1381,2796
30,18,11,340,1414,2803
30,19,11,339,1313,2795
30,20,11,341,1258,2798
30,21,11,340,1234,2794
30,22,11,340,1227,2793
30,23,11,340,1137,2792
30,24,11,339,1055,2793
30,25,10,341,1190,2797
30,26,10,340,1214,2795
30,27,11,339,1386,2804
30,28,11,341,1331,2794
30,29,11,340,1234,2789
30,30,11,338,1222,2787
30,31,11,341,1060,2793
30,32,10,340,1160,2797
30,33,11,340,1253,2797
30,34,11,340,1406,2799
30,35,11,341,1241,2796
30,36,11,340,1220,2788
30,37,11,338,1060,2796
30,38,11,342,1220,2794
30,39,10,340,1394,2805
30,40,11,339,1256,2794
30,41,11,340,1226,2794
30,42,11,342,1058,2793
30,43,11,340,1224,2790
30,44,11,339,1410,2802
30,45,11,341,1240,2794
30,46,11,341,1180,2799
30,47,10,340,1150,2794
30,48,11,339,1354,2798
30,49,11,340,1259,2792
30,50,11,343,1217,2794
--- 30 mm Summary | Avg: L=10 FL=340 FR=1242 R=2795 ---

========================================
>>> Place micromouse at 40 mm <<<
Press button to start 5s sampling (Long press to exit)
========================================
--- Sampling 40 mm (5s @ 100ms) ---
Dist_mm,Sample,L,FL,FR,R
40,1,10,34,1998,2799
40,2,10,23,2005,2800
40,3,11,21,2002,2802
40,4,10,22,1991,2800
40,5,10,21,1983,2806
40,6,10,23,1986,2802
40,7,10,21,1984,2806
40,8,10,22,1991,2804
40,9,10,21,1996,2798
40,10,10,20,2003,2802
40,11,10,22,2004,2803
40,12,10,21,2008,2812
40,13,10,22,2022,2809
40,14,10,21,2008,2801
40,15,10,20,2006,2801
40,16,10,23,2002,2777
40,17,10,21,1991,2803
40,18,10,20,1988,2802
40,19,10,22,1999,2807
40,20,10,21,2018,2811
40,21,10,20,2011,2798
40,22,10,22,2005,2796
40,23,10,21,1997,2798
40,24,10,20,1985,2805
40,25,10,22,2002,2802
40,26,10,22,2018,2812
40,27,11,21,2005,2804
40,28,10,20,2000,2796
40,29,10,22,1990,2804
40,30,10,21,2005,2800
40,31,10,21,2017,2806
40,32,10,20,2002,2801
40,33,10,22,1987,2802
40,34,10,21,2003,2802
40,35,10,21,2020,2805
40,36,11,20,2005,2801
40,37,10,21,1994,2799
40,38,10,23,1997,2806
40,39,11,21,2022,2806
40,40,10,21,2001,2800
40,41,10,20,1988,2802
40,42,10,22,2003,2800
40,43,10,22,2013,2802
40,44,10,21,2004,2801
40,45,10,20,1986,2805
40,46,10,20,2019,2811
40,47,10,22,2002,2797
40,48,10,23,1990,2803
40,49,10,21,2003,2784
40,50,10,21,2009,2802
--- 40 mm Summary | Avg: L=10 FL=21 FR=2001 R=2801 ---

>>> Place micromouse at 50 mm <<<
Press button to start 5s sampling (Long press to exit)
========================================
--- Sampling 50 mm (5s @ 100ms) ---
Dist_mm,Sample,L,FL,FR,R
50,1,11,20,2415,2747
50,2,10,18,2426,2752
50,3,10,16,2425,2745
50,4,10,16,2421,2748
50,5,10,16,2426,2751
50,6,10,16,2423,2743
50,7,10,16,2421,2749
50,8,10,15,2415,2747
50,9,10,17,2417,2751
50,10,10,15,2423,2745
50,11,11,14,2423,2752
50,12,10,17,2434,2754
50,13,10,15,2424,2743
50,14,10,15,2425,2750
50,15,10,18,2421,2747
50,16,11,16,2415,2750
50,17,10,14,2423,2745
50,18,10,17,2430,2750
50,19,10,16,2428,2746
50,20,10,15,2423,2744
50,21,10,14,2419,2750
50,22,10,17,2426,2747
50,23,10,15,2427,2751
50,24,11,15,2426,2742
50,25,10,14,2422,2745
50,26,10,16,2423,2747
50,27,10,16,2427,2749
50,28,10,15,2427,2750
50,29,10,15,2425,2746
50,30,10,15,2416,2747
50,31,10,17,2432,2753
50,32,10,16,2424,2743
50,33,10,16,2423,2748
50,34,10,14,2421,2746
50,35,10,16,2430,2754
50,36,10,17,2424,2744
50,37,10,15,2417,2748
50,38,10,15,2428,2749
50,39,10,15,2423,2743
50,40,10,15,2421,2750
50,41,10,17,2421,2746
50,42,10,17,2428,2750
50,43,11,16,2424,2744
50,44,10,16,2422,2746
50,45,10,16,2433,2749
50,46,10,14,2423,2745
50,47,10,16,2423,2750
50,48,10,16,2434,2749
50,49,10,17,2421,2750
50,50,10,16,2424,2744
--- 50 mm Summary | Avg: L=10 FL=15 FR=2423 R=2747 ---

>>> Place micromouse at 60 mm <<<
Press button to start 5s sampling (Long press to exit)
========================================
--- Sampling 60 mm (5s @ 100ms) ---
Dist_mm,Sample,L,FL,FR,R
60,1,10,17,2182,2641
60,2,10,16,2188,2641
60,3,10,15,2185,2639
60,4,10,16,2185,2644
60,5,10,15,2185,2640
60,6,10,14,2182,2643
60,7,10,16,2184,2641
60,8,10,15,2184,2637
60,9,10,15,2189,2643
60,10,10,16,2191,2643
60,11,10,15,2184,2643
60,12,10,14,2186,2640
60,13,10,17,2181,2638
60,14,10,15,2186,2640
60,15,10,15,2188,2640
60,16,10,16,2190,2642
60,17,10,17,2188,2640
60,18,10,15,2178,2644
60,19,10,14,2188,2639
60,20,10,15,2190,2639
60,21,11,17,2189,2640
60,22,10,15,2181,2638
60,23,10,15,2183,2643
60,24,10,15,2192,2642
60,25,10,16,2184,2643
60,26,10,16,2184,2642
60,27,10,15,2185,2635
60,28,10,15,2190,2641
60,29,10,14,2184,2639
60,30,10,14,2181,2643
60,31,10,17,2192,2642
60,32,10,17,2185,2643
60,33,10,15,2184,2640
60,34,10,15,2187,2637
60,35,10,15,2188,2642
60,36,10,14,2185,2639
60,37,10,15,2182,2644
60,38,10,16,2189,2639
60,39,10,16,2182,2637
60,40,10,15,2189,2638
60,41,10,15,2186,2638
60,42,10,15,2184,2642
60,43,10,14,2187,2640
60,44,10,14,2183,2643
60,45,10,16,2184,2639
60,46,10,16,2188,2636
60,47,10,16,2189,2640
60,48,10,16,2182,2639
60,49,10,15,2191,2646
60,50,10,16,2186,2639
--- 60 mm Summary | Avg: L=10 FL=15 FR=2185 R=2640 ---

========================================
>>> Place micromouse at 70 mm <<<
Press button to start 5s sampling (Long press to exit)
========================================
--- Sampling 70 mm (5s @ 100ms) ---
Dist_mm,Sample,L,FL,FR,R
70,1,10,18,1778,2469
70,2,10,16,1777,2471
70,3,10,15,1776,2474
70,4,10,16,1779,2473
70,5,10,14,1774,2468
70,6,10,14,1776,2472
70,7,10,17,1777,2471
70,8,10,15,1777,2474
70,9,10,15,1782,2472
70,10,10,16,1782,2472
70,11,10,15,1781,2470
70,12,10,14,1778,2469
70,13,10,16,1776,2473
70,14,10,15,1780,2471
70,15,10,15,1780,2475
70,16,10,15,1781,2471
70,17,10,16,1779,2470
70,18,10,14,1776,2470
70,19,10,14,1778,2469
70,20,10,13,1785,2474
70,21,10,16,1780,2470
70,22,10,14,1773,2475
70,23,10,14,1780,2474
70,24,10,14,1783,2468
70,25,10,14,1781,2471
70,26,10,16,1774,2469
70,27,10,16,1779,2474
70,28,10,15,1780,2470
70,29,10,15,1776,2474
70,30,10,14,1780,2473
70,31,10,15,1784,2468
70,32,10,16,1782,2472
70,33,10,17,1776,2470
70,34,10,15,1781,2476
70,35,10,15,1779,2471
70,36,10,14,1774,2470
70,37,10,13,1785,2471
70,38,10,15,1779,2468
70,39,10,16,1777,2472
70,40,10,16,1785,2473
70,41,10,16,1777,2474
70,42,10,15,1777,2470
70,43,10,14,1783,2471
70,44,10,14,1781,2470
70,45,10,15,1778,2470
70,46,10,14,1783,2472
70,47,10,14,1778,2470
70,48,10,15,1777,2474
70,49,10,16,1782,2473
70,50,10,17,1775,2467
--- 70 mm Summary | Avg: L=10 FL=15 FR=1779 R=2471 ---

========================================
>>> Place micromouse at 80 mm <<<
Press button to start 5s sampling (Long press to exit)
========================================
--- Sampling 80 mm (5s @ 100ms) ---
Dist_mm,Sample,L,FL,FR,R
80,1,10,18,1404,2116
80,2,10,15,1399,2115
80,3,10,16,1403,2115
80,4,10,14,1406,2120
80,5,10,14,1408,2115
80,6,10,15,1406,2119
80,7,10,14,1413,2118
80,8,10,15,1409,2113
80,9,10,15,1409,2117
80,10,10,14,1407,2115
80,11,10,14,1403,2118
80,12,10,16,1408,2114
80,13,10,15,1412,2120
80,14,10,15,1410,2117
80,15,10,15,1407,2112
80,16,10,17,1405,2118
80,17,10,15,1409,2117
80,18,10,15,1410,2117
80,19,10,14,1408,2115
80,20,10,16,1403,2115
80,21,10,16,1412,2116
80,22,10,15,1408,2113
80,23,10,14,1407,2118
80,24,10,14,1408,2116
80,25,10,14,1410,2118
80,26,10,16,1410,2115
80,27,10,16,1403,2114
80,28,10,15,1413,2117
80,29,10,15,1407,2114
80,30,10,14,1405,2119
80,31,10,13,1409,2106
80,32,10,14,1407,2117
80,33,10,15,1406,2117
80,34,10,17,1409,2113
80,35,10,17,1406,2117
80,36,10,15,1403,2115
80,37,10,14,1409,2117
80,38,10,15,1409,2114
80,39,10,14,1403,2118
80,40,9,13,1414,2117
80,41,10,14,1406,2113
80,42,10,15,1408,2118
80,43,10,15,1414,2116
80,44,10,16,1405,2118
80,45,10,16,1410,2115
80,46,10,16,1408,2115
80,47,10,15,1405,2116
80,48,10,14,1412,2116
80,49,10,15,1409,2117
80,50,10,14,1409,2116
--- 80 mm Summary | Avg: L=9 FL=14 FR=1407 R=2115 ---

========================================
>>> Place micromouse at 90 mm <<<
Press button to start 5s sampling (Long press to exit)
========================================
--- Sampling 90 mm (5s @ 100ms) ---
Dist_mm,Sample,L,FL,FR,R
90,1,10,20,1105,1761
90,2,10,16,1102,1765
90,3,10,16,1103,1764
90,4,10,14,1103,1766
90,5,10,15,1108,1764
90,6,10,15,1107,1762
90,7,10,14,1112,1766
90,8,10,15,1113,1764
90,9,10,15,1106,1767
90,10,10,15,1108,1766
90,11,10,15,1104,1764
90,12,10,16,1106,1763
90,13,10,15,1108,1764
90,14,10,13,1112,1767
90,15,10,15,1109,1764
90,16,10,15,1103,1767
90,17,10,14,1107,1767
90,18,10,14,1111,1761
90,19,9,14,1109,1761
90,20,10,15,1105,1764
90,21,10,15,1105,1767
90,22,10,15,1111,1765
90,23,10,14,1106,1767
90,24,10,14,1105,1766
90,25,10,15,1107,1761
90,26,10,16,1110,1766
90,27,10,15,1106,1764
90,28,10,15,1105,1766
90,29,10,14,1112,1765
90,30,10,13,1107,1764
90,31,10,14,1106,1763
90,32,10,15,1112,1763
90,33,10,16,1109,1767
90,34,10,16,1105,1765
90,35,10,14,1111,1767
90,36,10,14,1108,1765
90,37,10,14,1105,1763
90,38,10,14,1113,1764
90,39,10,14,1107,1764
90,40,10,14,1109,1767
90,41,10,15,1110,1764
90,42,10,15,1102,1767
90,43,10,16,1111,1767
90,44,10,16,1108,1762
90,45,10,16,1107,1765
90,46,10,16,1110,1764
90,47,10,15,1106,1767
90,48,10,15,1098,1765
90,49,10,14,1107,1767
90,50,10,14,1106,1766
--- 90 mm Summary | Avg: L=9 FL=14 FR=1107 R=1764 ---

>>> Place micromouse at 100 mm <<<
Press button to start 5s sampling (Long press to exit)
========================================
--- Sampling 100 mm (5s @ 100ms) ---
Dist_mm,Sample,L,FL,FR,R
100,1,10,16,899,1488
100,2,10,17,897,1490
100,3,10,14,896,1490
100,4,10,14,901,1492
100,5,10,15,902,1492
100,6,10,14,904,1493
100,7,10,14,902,1490
100,8,10,16,900,1492
100,9,10,14,897,1492
100,10,10,14,900,1476
100,11,10,13,904,1492
100,12,9,15,901,1492
100,13,10,15,896,1494
100,14,10,14,896,1493
100,15,10,14,901,1489
100,16,10,13,901,1492
100,17,10,14,899,1489
100,18,10,15,905,1494
100,19,10,16,901,1492
100,20,10,15,894,1494
100,21,10,14,906,1494
100,22,10,14,901,1489
100,23,10,13,898,1493
100,24,10,13,905,1491
100,25,10,15,900,1493
100,26,10,15,897,1492
100,27,10,15,905,1492
100,28,10,15,901,1492
100,29,10,14,900,1490
100,30,10,14,903,1491
100,31,10,14,899,1490
100,32,10,14,901,1493
100,33,10,14,902,1492
100,34,10,13,897,1491
100,35,10,13,906,1492
100,36,10,13,898,1491
100,37,10,13,904,1492
100,38,10,14,902,1491
100,39,10,15,898,1493
100,40,10,15,904,1493
100,41,10,14,896,1489
100,42,10,14,907,1494
100,43,10,15,900,1476
100,44,10,15,901,1492
100,45,10,16,901,1492
100,46,10,15,899,1493
100,47,10,15,902,1492
100,48,9,15,896,1490
100,49,10,15,905,1490
100,50,10,16,897,1490
--- 100 mm Summary | Avg: L=9 FL=14 FR=900 R=1490 ---

========================================
>>> Place micromouse at 110 mm <<<
Press button to start 5s sampling (Long press to exit)
========================================
--- Sampling 110 mm (5s @ 100ms) ---
Dist_mm,Sample,L,FL,FR,R
110,1,10,17,737,1299
110,2,10,16,731,1300
110,3,10,14,735,1302
110,4,10,13,735,1298
110,5,10,16,738,1299
110,6,10,14,736,1301
110,7,10,13,734,1298
110,8,10,15,731,1300
110,9,10,16,735,1300
110,10,9,14,736,1301
110,11,9,14,734,1299
110,12,10,13,730,1302
110,13,10,15,738,1301
110,14,10,15,734,1299
110,15,10,15,730,1301
110,16,10,14,735,1300
110,17,10,14,734,1301
110,18,10,13,732,1298
110,19,10,13,734,1300
110,20,9,15,735,1299
110,21,9,15,730,1300
110,22,10,16,736,1301
110,23,10,15,735,1299
110,24,10,14,729,1300
110,25,10,14,739,1296
110,26,10,13,734,1299
110,27,10,13,733,1300
110,28,10,14,736,1299
110,29,10,13,732,1302
110,30,9,12,735,1300
110,31,10,13,733,1299
110,32,10,14,732,1301
110,33,10,14,737,1298
110,34,10,14,731,1301
110,35,10,15,737,1300
110,36,10,15,733,1302
110,37,9,16,734,1298
110,38,10,16,734,1299
110,39,10,16,731,1301
110,40,9,16,737,1299
110,41,10,16,730,1301
110,42,10,16,738,1300
110,43,10,16,733,1301
110,44,10,16,735,1299
110,45,10,16,734,1299
110,46,10,16,735,1300
110,47,10,15,734,1299
110,48,10,15,734,1301
110,49,10,15,735,1300
110,50,10,15,730,1301

========================================
>>> Place micromouse at 120 mm <<<
Press button to start 5s sampling (Long press to exit)
========================================
--- Sampling 120 mm (5s @ 100ms) ---
Dist_mm,Sample,L,FL,FR,R
120,1,10,14,608,1118
120,2,10,14,608,1113
120,3,10,13,605,1114
120,4,10,15,606,1115
120,5,10,15,601,1116
120,6,9,14,601,1117
120,7,10,13,607,1116
120,8,10,15,606,1117
120,9,10,14,606,1117
120,10,10,14,602,1115
120,11,10,14,609,1117
120,12,10,13,604,1116
120,13,10,15,602,1117
120,14,9,16,604,1117
120,15,10,14,608,1116
120,16,10,14,605,1116
120,17,10,14,603,1115
120,18,10,13,610,1117
120,19,10,13,605,1116
120,20,10,15,602,1118
120,21,10,15,609,1116
120,22,10,16,604,1115
120,23,9,15,606,1115
120,24,9,14,605,1115
120,25,10,15,601,1117
120,26,10,14,607,1117
120,27,10,14,604,1117
120,28,10,14,603,1117
120,29,10,14,608,1114
120,30,10,13,603,1116
120,31,10,14,606,1116
120,32,10,13,605,1117
120,33,10,13,603,1116
120,34,10,14,606,1117
120,35,10,14,601,1111
120,36,10,15,609,1115
120,37,10,15,605,1117
120,38,10,15,605,1116
120,39,10,15,604,1117
120,40,9,15,604,1116
120,41,10,14,605,1114
120,42,10,15,602,1115
120,43,10,15,606,1115
120,44,10,15,602,1117
120,45,9,15,610,1116
120,46,10,14,601,1117
120,47,10,14,610,1117
120,48,10,13,604,1116
120,49,10,13,609,1116
120,50,10,13,604,1116
--- 120 mm Summary | Avg: L=9 FL=14 FR=605 R=1115 ---

========================================
>>> Place micromouse at 130 mm <<<
Press button to start 5s sampling (Long press to exit)
========================================
--- Sampling 130 mm (5s @ 100ms) ---
Dist_mm,Sample,L,FL,FR,R
130,1,10,18,494,963
130,2,10,15,493,966
130,3,10,14,494,965
130,4,10,15,495,965
130,5,10,15,490,965
130,6,10,14,489,967
130,7,10,13,485,967
130,8,9,14,490,965
130,9,10,16,491,966
130,10,10,14,489,965
130,11,10,14,485,968
130,12,10,13,493,966
130,13,10,15,488,967
130,14,10,16,485,967
130,15,10,15,490,966
130,16,10,14,490,966
130,17,10,13,485,966
130,18,10,13,491,968
130,19,10,13,490,966
130,20,10,13,485,967
130,21,10,13,493,966
130,22,10,15,488,966
130,23,10,15,488,966
130,24,10,16,491,966
130,25,9,15,485,967
130,26,10,15,492,967
130,27,10,14,489,966
130,28,9,14,488,967
130,29,9,13,490,965
130,30,10,14,485,967
130,31,10,14,493,967
130,32,10,14,488,967
130,33,10,14,487,967
130,34,9,14,489,965
130,35,10,14,488,968
130,36,10,14,490,966
130,37,9,13,484,966
130,38,9,13,493,967
130,39,10,13,485,968
130,40,10,14,494,968
130,41,9,14,487,966
130,42,10,14,493,967
130,43,10,14,490,966
130,44,10,14,489,968
130,45,10,13,489,967
130,46,10,14,489,967
130,47,10,14,490,967
130,48,10,14,490,966
130,49,10,14,489,968
130,50,10,14,490,967
--- 130 mm Summary | Avg: L=9 FL=14 FR=489 R=966 ---

========================================
>>> Place micromouse at 140 mm <<<
Press button to start 5s sampling (Long press to exit)
========================================
--- Sampling 140 mm (5s @ 100ms) ---
Dist_mm,Sample,L,FL,FR,R
140,1,10,18,341,813
140,2,10,14,334,815
140,3,10,14,333,815
140,4,10,14,329,814
140,5,10,14,333,814
140,6,10,13,333,814
140,7,10,15,331,814
140,8,10,13,326,814
140,9,10,13,331,816
140,10,10,13,335,815
140,11,10,14,330,816
140,12,10,15,328,815
140,13,10,15,335,815
140,14,10,14,331,815
140,15,10,14,327,815
140,16,10,14,335,816
140,17,10,12,331,815
140,18,10,14,326,816
140,19,10,14,335,815
140,20,10,15,331,814
140,21,10,16,330,815
140,22,9,15,332,815
140,23,10,14,329,816
140,24,9,14,331,815
140,25,10,14,331,815
140,26,10,14,329,816
140,27,10,14,333,814
140,28,10,14,327,816
140,29,10,13,334,815
140,30,10,13,331,816
140,31,10,13,331,815
140,32,10,13,331,814
140,33,10,13,328,815
140,34,10,13,333,814
140,35,10,13,327,816
140,36,10,12,335,815
140,37,10,12,329,816
140,38,10,12,335,815
140,39,10,13,330,815
140,40,10,12,334,815
140,41,10,12,331,815
140,42,10,13,332,816
140,43,10,14,331,815
140,44,9,13,330,816
140,45,10,14,331,815
140,46,10,14,331,814
140,47,10,14,331,815
140,48,10,14,331,815
140,49,10,14,331,816
140,50,10,14,332,816
--- 140 mm Summary | Avg: L=9 FL=13 FR=331 R=815 ---

>>> Place micromouse at 150 mm <<<
Press button to start 5s sampling (Long press to exit)
========================================
--- Sampling 150 mm (5s @ 100ms) ---
Dist_mm,Sample,L,FL,FR,R
150,1,9,18,166,721
150,2,10,15,167,724
150,3,10,13,166,724
150,4,10,13,164,724
150,5,9,13,168,723
150,6,10,15,164,724
150,7,10,14,162,725
150,8,10,14,162,724
150,9,9,14,168,725
150,10,10,13,165,725
150,11,10,15,163,723
150,12,10,14,168,724
150,13,10,16,164,724
150,14,9,15,163,725
150,15,9,14,166,724
150,16,9,14,161,725
150,17,10,14,166,724
150,18,10,14,164,723
150,19,10,13,163,725
150,20,10,12,167,724
150,21,10,12,162,725
150,22,10,13,166,725
150,23,10,14,165,724
150,24,10,14,164,724
150,25,10,14,165,724
150,26,9,14,161,725
150,27,10,15,168,724
150,28,10,15,161,726
150,29,10,14,169,725
150,30,10,14,162,724
150,31,10,14,168,724
150,32,10,14,164,724
150,33,10,15,168,726
150,34,9,14,164,725
150,35,10,14,165,726
150,36,10,14,165,726
150,37,10,14,166,716
150,38,10,12,164,725
150,39,9,13,167,725
150,40,10,13,165,726
150,41,9,13,167,725
150,42,9,13,163,726
150,43,10,14,169,723
150,44,10,13,161,723
150,45,10,14,168,725
150,46,10,13,160,725
150,47,10,13,165,726
150,48,10,14,163,725
150,49,10,15,165,724
150,50,9,15,164,725
--- 150 mm Summary | Avg: L=9 FL=13 FR=164 R=724 ---

>>> Place micromouse at 160 mm <<<
Press button to start 5s sampling (Long press to exit)
========================================
--- Sampling 160 mm (5s @ 100ms) ---
Dist_mm,Sample,L,FL,FR,R
160,1,10,15,36,635
160,2,10,17,33,636
160,3,10,14,32,636
160,4,9,13,42,637
160,5,10,14,36,636
160,6,9,15,34,637
160,7,10,13,31,636
160,8,9,13,37,636
160,9,9,13,34,637
160,10,9,14,30,637
160,11,9,14,38,637
160,12,9,15,34,637
160,13,9,14,33,637
160,14,10,14,35,637
160,15,9,14,30,637
160,16,9,14,37,637
160,17,10,14,34,637
160,18,10,14,33,637
160,19,10,14,34,637
160,20,9,13,30,638
160,21,10,12,36,638
160,22,10,13,29,636
160,23,9,13,38,637
160,24,10,13,32,636
160,25,10,13,36,637
160,26,10,13,34,637
160,27,10,13,35,638
160,28,10,13,34,637
160,29,9,12,34,636
160,30,10,13,34,638
160,31,9,12,33,636
160,32,9,12,34,637
160,33,9,13,34,637
160,34,10,13,34,636
160,35,9,13,36,637
160,36,10,14,33,636
160,37,9,13,38,637
160,38,9,14,32,636
160,39,10,14,38,637
160,40,10,14,30,638
160,41,9,14,35,635
160,42,10,15,32,637
160,43,9,15,34,636
160,44,9,15,34,637
160,45,9,14,34,633
160,46,10,14,36,638
160,47,9,13,31,637
160,48,9,13,37,636
160,49,10,14,31,637
160,50,9,14,33,637
--- 160 mm Summary | Avg: L=9 FL=13 FR=34 R=636 ---

========================================
>>> Place micromouse at 170 mm <<<
Press button to start 5s sampling (Long press to exit)
========================================
--- Sampling 170 mm (5s @ 100ms) ---
Dist_mm,Sample,L,FL,FR,R
170,1,10,15,16,564
170,2,10,15,19,565
170,3,10,13,14,565
170,4,9,14,16,565
170,5,10,15,10,565
170,6,9,14,16,564
170,7,9,13,13,565
170,8,10,13,9,565
170,9,10,14,14,565
170,10,9,14,13,565
170,11,9,15,9,565
170,12,10,14,17,566
170,13,9,14,13,566
170,14,9,14,12,560
170,15,10,14,14,566
170,16,10,14,9,565
170,17,10,13,18,566
170,18,9,13,13,565
170,19,10,13,13,566
170,20,9,13,14,564
170,21,10,14,12,566
170,22,10,14,14,566
170,23,10,15,10,565
170,24,10,15,15,566
170,25,9,15,9,566
170,26,10,14,17,566
170,27,9,14,9,566
170,28,10,14,17,566
170,29,9,14,9,565
170,30,9,14,17,565
170,31,10,13,8,565
170,32,9,13,17,566
170,33,10,13,9,566
170,34,9,13,15,565
170,35,9,13,10,565
170,36,10,13,14,565
170,37,9,14,12,566
170,38,10,14,14,566
170,39,10,14,13,566
170,40,10,14,14,566
170,41,9,14,16,566
170,42,10,14,12,565
170,43,9,15,17,566
170,44,10,15,9,566
170,45,9,15,14,566
170,46,9,14,13,566
170,47,9,13,13,565
170,48,9,13,15,566
170,49,9,14,10,565
170,50,9,14,15,566
--- 170 mm Summary | Avg: L=9 FL=13 FR=13 R=565 ---

========================================
>>> Place micromouse at 180 mm <<<
Press button to start 5s sampling (Long press to exit)
========================================
--- Sampling 180 mm (5s @ 100ms) ---
Dist_mm,Sample,L,FL,FR,R
180,1,10,19,35,499
180,2,10,16,14,501
180,3,9,13,15,501
180,4,9,14,27,500
180,5,9,12,11,498
180,6,9,14,6,500
180,7,9,15,14,500
180,8,9,15,11,501
180,9,9,14,9,501
180,10,10,13,14,502
180,11,9,14,7,500
180,12,9,14,14,501
180,13,10,14,11,501
180,14,9,14,10,502
180,15,9,13,12,502
180,16,9,12,10,502
180,17,9,12,12,502
180,18,9,13,8,501
180,19,9,12,12,502
180,20,9,13,7,502
180,21,9,13,12,502
180,22,9,13,7,502
180,23,9,13,12,501
180,24,9,13,8,500
180,25,9,13,11,501
180,26,10,14,10,501
180,27,9,14,11,502
180,28,9,14,10,501
180,29,9,14,11,501
180,30,9,14,12,501
180,31,9,14,10,501
180,32,9,14,15,501
180,33,9,15,6,502
180,34,9,15,14,501
180,35,10,16,8,502
180,36,9,15,11,501
180,37,9,14,10,500
180,38,9,13,10,500
180,39,10,12,15,501
180,40,9,13,7,501
180,41,9,13,12,501
180,42,9,14,10,501
180,43,9,14,11,501
180,44,9,15,15,500
180,45,10,15,6,501
180,46,9,15,11,501
180,47,10,13,11,501
180,48,9,12,10,501
180,49,10,14,14,501
180,50,9,14,10,500
--- 180 mm Summary | Avg: L=9 FL=13 FR=11 R=500 ---

>>> Place micromouse at 190 mm <<<
Press button to start 5s sampling (Long press to exit)
========================================
--- Sampling 190 mm (5s @ 100ms) ---
Dist_mm,Sample,L,FL,FR,R
190,1,9,21,13,443
190,2,10,15,15,443
190,3,9,13,26,444
190,4,9,15,9,443
190,5,9,15,9,443
190,6,9,13,12,442
190,7,9,13,9,444
190,8,10,13,10,444
190,9,9,12,10,444
190,10,9,13,5,444
190,11,9,14,14,445
190,12,9,15,10,445
190,13,9,15,9,445
190,14,9,15,10,445
190,15,9,16,8,444
190,16,9,15,10,445
190,17,9,15,6,444
190,18,9,15,14,445
190,19,9,14,6,444
190,20,9,14,14,445
190,21,9,14,7,444
190,22,9,15,14,444
190,23,9,15,7,444
190,24,9,15,14,444
190,25,9,15,7,444
190,26,9,15,14,445
190,27,9,15,6,444
190,28,9,15,13,444
190,29,9,15,6,444
190,30,9,14,10,444
190,31,9,13,7,445
190,32,9,13,10,444
190,33,9,13,9,445
190,34,10,13,10,444
190,35,9,13,12,445
190,36,9,14,7,445
190,37,9,13,14,444
190,38,9,14,5,445
190,39,9,15,10,445
190,40,9,15,9,445
190,41,9,14,10,444
190,42,9,14,14,445
190,43,10,13,5,444
190,44,10,14,12,444
190,45,10,14,8,445
190,46,10,14,9,444
190,47,9,14,14,444
190,48,10,16,6,444
190,49,9,15,10,444
190,50,9,13,9,444
--- 190 mm Summary | Avg: L=9 FL=14 FR=10 R=444 ---

>>> Place micromouse at 200 mm <<<
Press button to start 5s sampling (Long press to exit)
========================================
--- Sampling 200 mm (5s @ 100ms) ---
Dist_mm,Sample,L,FL,FR,R
200,1,10,15,13,397
200,2,9,14,15,398
200,3,9,13,33,399
200,4,10,13,22,398
200,5,10,15,9,397
200,6,10,14,10,396
200,7,10,14,6,397
200,8,10,13,9,399
200,9,10,14,9,399
200,10,10,13,5,399
200,11,9,13,13,399
200,12,9,14,8,399
200,13,9,14,10,399
200,14,9,15,9,398
200,15,9,15,9,399
200,16,9,15,10,399
200,17,9,15,6,399
200,18,9,15,11,398
200,19,9,15,5,398
200,20,9,15,12,398
200,21,10,15,5,399
200,22,9,15,12,399
200,23,10,15,5,399
200,24,10,15,12,399
200,25,9,15,5,398
200,26,9,15,11,398
200,27,9,15,7,399
200,28,10,14,10,399
200,29,10,14,8,399
200,30,10,14,9,399
200,31,9,13,9,397
200,32,9,12,10,399
200,33,9,12,12,399
200,34,10,13,6,399
200,35,10,13,12,399
200,36,10,13,5,399
200,37,10,13,9,398
200,38,9,14,9,399
200,39,10,15,10,398
200,40,10,15,14,399
200,41,10,14,5,399
200,42,10,13,9,399
200,43,10,13,8,399
200,44,9,13,10,399
200,45,10,14,13,398
200,46,10,14,6,398
200,47,9,16,10,399
200,48,9,14,11,399
200,49,10,14,5,399
200,50,10,13,10,399

>>> Place micromouse at 210 mm <<<
Press button to start 5s sampling (Long press to exit)
========================================
--- Sampling 210 mm (5s @ 100ms) ---
Dist_mm,Sample,L,FL,FR,R
210,1,9,16,13,355
210,2,9,15,13,355
210,3,10,14,21,355
210,4,10,13,27,355
210,5,10,14,4,354
210,6,10,15,10,353
210,7,10,14,10,353
210,8,10,14,7,355
210,9,10,14,9,355
210,10,9,13,10,356
210,11,10,14,5,355
210,12,10,14,13,355
210,13,10,15,10,356
210,14,9,15,9,356
210,15,9,15,10,356
210,16,10,14,4,356
210,17,10,14,13,356
210,18,10,13,6,356
210,19,10,13,13,352
210,20,9,13,9,355
210,21,9,13,9,356
210,22,9,14,10,356
210,23,9,14,9,356
210,24,9,14,9,356
210,25,9,14,8,355
210,26,9,14,9,356
210,27,9,14,10,356
210,28,9,13,9,356
210,29,10,13,10,356
210,30,10,14,9,356
210,31,9,14,12,356
210,32,10,14,6,356
210,33,10,14,13,356
210,34,10,15,4,356
210,35,10,15,11,356
210,36,9,15,6,356
210,37,10,15,9,356
210,38,9,14,8,355
210,39,9,14,9,355
210,40,9,12,12,356
210,41,9,12,6,356
210,42,9,13,12,356
210,43,9,14,7,356
210,44,9,14,9,356
210,45,10,14,10,356
210,46,10,15,6,356
210,47,10,15,13,356
210,48,10,14,7,356
210,49,9,14,9,356
210,50,9,13,12,356
--- 210 mm Summary | Avg: L=9 FL=13 FR=9 R=355 ---

========================================
>>> Place micromouse at 220 mm <<<
Press button to start 5s sampling (Long press to exit)
========================================
--- Sampling 220 mm (5s @ 100ms) ---
Dist_mm,Sample,L,FL,FR,R
220,1,9,15,20,307
220,2,10,14,15,307
220,3,9,14,22,307
220,4,9,13,8,307
220,5,9,14,9,306
220,6,9,15,9,306
220,7,9,15,4,307
220,8,9,14,13,308
220,9,9,14,9,307
220,10,9,14,8,308
220,11,9,13,9,308
220,12,9,13,6,308
220,13,10,12,10,308
220,14,10,13,4,308
220,15,10,13,11,308
220,16,10,13,5,308
220,17,10,13,12,308
220,18,10,13,5,308
220,19,9,13,13,307
220,20,10,12,4,307
220,21,10,12,12,307
220,22,10,13,4,308
220,23,10,14,9,307
220,24,10,14,5,308
220,25,10,13,9,307
220,26,10,13,8,305
220,27,10,14,9,308
220,28,10,14,10,308
220,29,10,14,8,308
220,30,10,15,13,308
220,31,10,15,5,308
220,32,10,15,10,307
220,33,9,14,8,308
220,34,10,13,9,308
220,35,9,13,13,308
220,36,10,13,5,308
220,37,10,14,10,308
220,38,10,14,8,307
220,39,10,14,9,307
220,40,10,16,13,308
220,41,10,15,5,307
220,42,10,13,9,308
220,43,10,12,9,308
220,44,10,14,7,307
220,45,10,14,10,307
220,46,10,14,8,307
220,47,10,15,8,307
220,48,10,14,12,307
220,49,10,12,7,307
220,50,10,13,9,307
--- 220 mm Summary | Avg: L=9 FL=13 FR=9 R=307 ---

========================================
>>> Place micromouse at 230 mm <<<
Press button to start 5s sampling (Long press to exit)
========================================
--- Sampling 230 mm (5s @ 100ms) ---
Dist_mm,Sample,L,FL,FR,R
230,1,10,23,12,272
230,2,10,16,11,272
230,3,10,14,9,273
230,4,10,13,13,273
230,5,10,13,13,272
230,6,9,15,9,271
230,7,9,16,8,270
230,8,10,15,10,272
230,9,10,13,6,273
230,10,10,13,13,273
230,11,9,14,9,273
230,12,10,14,9,273
230,13,10,14,9,273
230,14,10,13,8,273
230,15,10,12,9,273
230,16,10,12,6,273
230,17,9,12,10,273
230,18,10,12,6,273
230,19,10,12,9,273
230,20,10,12,6,273
230,21,10,13,9,273
230,22,10,12,8,273
230,23,10,12,10,273
230,24,10,13,8,273
230,25,10,14,9,273
230,26,10,14,10,273
230,27,10,14,8,273
230,28,10,14,13,273
230,29,10,14,5,273
230,30,9,14,11,273
230,31,10,14,7,273
230,32,9,16,9,272
230,33,9,16,10,273
230,34,10,15,7,273
230,35,10,14,13,273
230,36,10,13,6,273
230,37,10,12,9,273
230,38,9,14,10,273
230,39,10,14,5,272
230,40,10,14,10,272
230,41,10,16,9,273
230,42,10,15,9,273
230,43,10,14,13,273
230,44,10,13,5,273
230,45,10,12,9,272
230,46,9,13,12,272
230,47,9,14,5,273
230,48,10,15,10,273
230,49,10,15,9,273
230,50,10,14,5,273
--- 230 mm Summary | Avg: L=9 FL=13 FR=8 R=272 ---

========================================
>>> Place micromouse at 240 mm <<<
Press button to start 5s sampling (Long press to exit)
========================================
--- Sampling 240 mm (5s @ 100ms) ---
Dist_mm,Sample,L,FL,FR,R
240,1,9,17,13,235
240,2,10,15,10,236
240,3,9,14,17,236
240,4,10,14,18,234
240,5,9,12,5,235
240,6,9,15,10,235
240,7,10,15,10,234
240,8,9,14,5,236
240,9,10,13,13,236
240,10,9,13,9,235
240,11,9,14,9,236
240,12,9,14,9,236
240,13,10,13,7,237
240,14,9,12,10,237
240,15,9,12,5,236
240,16,10,13,12,236
240,17,10,13,5,236
240,18,9,13,12,236
240,19,9,12,5,236
240,20,10,13,12,236
240,21,9,13,5,236
240,22,10,12,11,235
240,23,9,13,6,236
240,24,10,13,10,236
240,25,9,13,7,236
240,26,10,13,9,237
240,27,9,13,9,236
240,28,9,14,9,237
240,29,9,14,13,236
240,30,9,14,6,236
240,31,9,13,11,236
240,32,9,15,5,236
240,33,9,15,10,237
240,34,9,15,9,236
240,35,9,15,9,236
240,36,9,14,14,236
240,37,10,13,6,236
240,38,9,13,9,236
240,39,9,13,9,236
240,40,9,13,8,236
240,41,10,14,12,236
240,42,9,15,8,236
240,43,10,14,10,236
240,44,9,14,13,236
240,45,10,12,4,236
240,46,10,13,10,236
240,47,9,13,12,236
240,48,10,14,4,236
240,49,9,15,9,236
240,50,10,15,11,236
--- 240 mm Summary | Avg: L=9 FL=13 FR=9 R=235 ---

========================================
>>> Place micromouse at 250 mm <<<
Press button to start 5s sampling (Long press to exit)
========================================
--- Sampling 250 mm (5s @ 100ms) ---
Dist_mm,Sample,L,FL,FR,R
250,1,9,17,16,203
250,2,10,13,12,204
250,3,9,14,25,203
250,4,9,15,6,203
250,5,10,14,13,203
250,6,9,14,10,202
250,7,9,13,9,203
250,8,9,13,9,204
250,9,9,13,7,204
250,10,9,13,9,204
250,11,9,13,7,204
250,12,9,14,9,204
250,13,9,13,8,204
250,14,9,13,9,204
250,15,10,13,9,204
250,16,10,13,9,205
250,17,10,13,9,204
250,18,10,14,9,204
250,19,10,14,13,203
250,20,10,14,5,203
250,21,9,13,11,204
250,22,10,15,6,204
250,23,9,15,9,204
250,24,9,15,9,203
250,25,9,14,8,204
250,26,9,14,13,203
250,27,10,13,7,204
250,28,10,14,9,204
250,29,10,13,10,204
250,30,9,13,6,203
250,31,9,14,10,204
250,32,9,15,8,203
250,33,9,15,8,204
250,34,9,13,11,204
250,35,9,13,7,204
250,36,9,13,9,204
250,37,10,14,13,203
250,38,9,14,7,203
250,39,9,15,9,204
250,40,9,14,13,204
250,41,10,12,7,204
250,42,9,13,9,204
250,43,10,14,13,204
250,44,10,14,8,204
250,45,9,15,9,203
250,46,9,13,10,204
250,47,10,13,8,204
250,48,9,13,7,204
250,49,10,13,10,202
250,50,9,15,11,203
--- 250 mm Summary | Avg: L=9 FL=13 FR=9 R=203 ---

*** IR SENSOR CALIBRATION COMPLETE (10-250mm) ***
========================================
state:PreCalib

FATAL: read zero bytes from port
term_exitfunc: reset failed for dev UNKNOWN: Input/output error
