marco@marco-tbn03374:~$ picocom /dev/ttyACM0 -b 115200
picocom v3.1

port is        : /dev/ttyACM0
flowcontrol    : none
baudrate is    : 115200
parity is      : none
databits are   : 8
stopbits are   : 1
escape is      : C-a
local echo is  : no
noinit is      : no
noreset is     : no
hangup is      : no
nolock is      : no
send_cmd is    : sz -vv
receive_cmd is : rz -vv -E
imap is        : 
omap is        : 
emap is        : crcrlf,delbs,
logfile is     : none
initstring     : none
exit_after is  : not set
exit is        : no

Type [C-a] [C-h] to see available commands
Terminal ready
state:PreCalib
state:CalibrationIRDistance

========================================
>>> Place micromouse at 10 mm <<<
Press button to start 5s raw ADC sampling (Long press to exit)
========================================
--- Sampling raw ADC values at 10 mm (5s @ 100ms) ---
Dist_mm,Sample,L,FL,FR,R
10,1,177,519,578,128
10,2,179,510,578,140
10,3,178,532,582,227
10,4,170,530,587,276
10,5,168,538,584,292
10,6,170,533,584,358
10,7,165,533,581,392
10,8,163,547,584,440
10,9,168,536,591,441
10,10,166,539,587,439
10,11,168,540,585,500
10,12,170,549,591,470
10,13,177,545,593,562
10,14,178,549,590,575
10,15,196,546,592,670
10,16,219,555,594,826
10,17,228,557,586,897
10,18,226,547,596,867
10,19,237,552,592,906
10,20,241,547,589,890
10,21,258,546,602,906
10,22,299,554,595,940
10,23,263,560,600,828
10,24,231,557,596,698
10,25,294,549,597,812
10,26,265,549,599,682
10,27,209,544,593,553
10,28,224,539,604,627
10,29,210,537,596,588
10,30,197,536,606,532
10,31,207,535,597,532
10,32,222,530,602,576
10,33,224,536,597,615
10,34,231,545,600,692
10,35,236,545,599,748
10,36,256,548,602,812
10,37,247,546,599,736
10,38,267,548,605,719
10,39,276,540,598,678
10,40,279,543,606,632
10,41,245,540,598,598
10,42,218,537,608,525
10,43,228,542,596,528
10,44,232,543,605,520
10,45,252,545,603,549
10,46,251,541,602,531
10,47,229,538,604,465
10,48,224,539,601,472
10,49,219,541,609,468
10,50,207,544,599,423
--- 10 mm Summary | Avg: L=218 FL=542 FR=595 R=585 ---

========================================
>>> Place micromouse at 20 mm <<<
Press button to start 5s raw ADC sampling (Long press to exit)
========================================
--- Sampling raw ADC values at 20 mm (5s @ 100ms) ---
Dist_mm,Sample,L,FL,FR,R
20,1,159,390,531,2701
20,2,159,401,536,2722
20,3,160,398,536,2724
20,4,159,392,533,2723
20,5,160,403,531,2721
20,6,159,410,538,2735
20,7,160,406,532,2731
20,8,160,403,534,2735
20,9,160,406,535,2731
20,10,161,414,528,2735
20,11,160,419,540,2733
20,12,161,417,533,2706
20,13,161,417,538,2737
20,14,160,417,532,2735
20,15,161,412,533,2733
20,16,160,408,535,2734
20,17,161,407,535,2731
20,18,161,409,536,2736
20,19,162,414,535,2733
20,20,162,416,535,2737
20,21,161,413,536,2732
20,22,162,418,533,2737
20,23,161,418,539,2734
20,24,162,419,533,2734
20,25,161,417,540,2736
20,26,161,419,531,2735
20,27,160,419,537,2739
20,28,161,417,533,2735
20,29,163,416,534,2738
20,30,161,417,538,2737
20,31,162,419,532,2735
20,32,161,419,539,2741
20,33,161,421,533,2737
20,34,162,417,536,2739
20,35,160,413,539,2737
20,36,161,407,529,2737
20,37,160,406,535,2733
20,38,162,409,533,2731
20,39,161,411,532,2735
20,40,158,412,538,2732
20,41,161,411,531,2732
20,42,159,411,534,2731
20,43,160,412,536,2732
20,44,159,410,531,2732
20,45,160,407,532,2729
20,46,160,402,538,2733
20,47,159,396,532,2726
20,48,160,396,532,2729
20,49,159,403,538,2731
20,50,159,404,534,2729
--- 20 mm Summary | Avg: L=160 FL=410 FR=534 R=2731 ---

========================================
>>> Place micromouse at 30 mm <<<
Press button to start 5s raw ADC sampling (Long press to exit)
========================================
--- Sampling raw ADC values at 30 mm (5s @ 100ms) ---
Dist_mm,Sample,L,FL,FR,R
30,1,159,167,1244,2820
30,2,156,159,1410,2826
30,3,157,169,1241,2820
30,4,157,163,1086,2823
30,5,156,161,1403,2826
30,6,158,156,1239,2823
30,7,157,161,1235,2820
30,8,158,167,1244,2823
30,9,156,169,1198,2821
30,10,158,168,1250,2818
30,11,157,165,1185,2824
30,12,158,165,1246,2819
30,13,158,164,1177,2824
30,14,158,164,1245,2820
30,15,159,164,1224,2818
30,16,158,164,1240,2824
30,17,159,165,1270,2821
30,18,160,164,1214,2824
30,19,158,165,1407,2825
30,20,159,165,1076,2824
30,21,159,165,1251,2818
30,22,160,167,1230,2819
30,23,159,170,1236,2824
30,24,160,171,1407,2827
30,25,160,168,1094,2824
30,26,159,165,1245,2819
30,27,160,163,1278,2828
30,28,159,158,1099,2825
30,29,159,158,1256,2818
30,30,159,163,1241,2825
30,31,158,165,1149,2807
30,32,158,165,1289,2824
30,33,158,170,1235,2822
30,34,158,170,1149,2826
30,35,158,164,1260,2825
30,36,158,159,1267,2821
30,37,157,160,1084,2826
30,38,157,164,1240,2821
30,39,157,165,1393,2832
30,40,157,169,1158,2823
30,41,157,165,1235,2821
30,42,156,158,1297,2824
30,43,157,161,1247,2822
30,44,157,164,1083,2825
30,45,156,168,1242,2822
30,46,156,168,1407,2831
30,47,156,161,1224,2821
30,48,157,158,1117,2820
30,49,155,164,1242,2825
30,50,156,168,1404,2827
--- 30 mm Summary | Avg: L=157 FL=164 FR=1237 R=2822 ---

========================================
>>> Place micromouse at 40 mm <<<
Press button to start 5s raw ADC sampling (Long press to exit)
========================================
--- Sampling raw ADC values at 40 mm (5s @ 100ms) ---
Dist_mm,Sample,L,FL,FR,R
40,1,158,130,1742,2849
40,2,157,142,1743,2856
40,3,158,140,1731,2850
40,4,157,138,1757,2859
40,5,156,133,1741,2851
40,6,157,131,1740,2855
40,7,156,133,1743,2850
40,8,157,136,1738,2851
40,9,156,137,1743,2854
40,10,157,139,1737,2850
40,11,156,140,1743,2855
40,12,156,140,1740,2851
40,13,157,142,1741,2856
40,14,156,141,1742,2851
40,15,157,141,1739,2850
40,16,156,139,1754,2860
40,17,157,137,1728,2850
40,18,158,136,1754,2856
40,19,156,133,1726,2850
40,20,157,131,1740,2855
40,21,157,130,1744,2854
40,22,157,135,1729,2849
40,23,157,137,1749,2853
40,24,157,138,1737,2850
40,25,158,140,1739,2853
40,26,157,143,1759,2855
40,27,159,140,1726,2850
40,28,158,135,1742,2852
40,29,159,131,1757,2856
40,30,159,135,1728,2854
40,31,158,138,1742,2849
40,32,159,139,1757,2860
40,33,159,144,1729,2849
40,34,160,139,1738,2849
40,35,158,131,1753,2854
40,36,159,136,1739,2849
40,37,160,138,1728,2853
40,38,159,143,1744,2849
40,39,160,142,1750,2859
40,40,159,133,1727,2854
40,41,160,136,1740,2849
40,42,159,138,1751,2854
40,43,159,144,1743,2849
40,44,160,138,1724,2853
40,45,160,131,1743,2848
40,46,160,138,1755,2855
40,47,159,140,1743,2854
40,48,157,141,1723,2848
40,49,159,132,1743,2854
40,50,158,138,1747,2848
--- 40 mm Summary | Avg: L=157 FL=137 FR=1741 R=2852 ---

========================================
>>> Place micromouse at 50 mm <<<
Press button to start 5s raw ADC sampling (Long press to exit)
========================================
--- Sampling raw ADC values at 50 mm (5s @ 100ms) ---
Dist_mm,Sample,L,FL,FR,R
50,1,157,111,1999,2786
50,2,158,114,2015,2783
50,3,160,120,2006,2787
50,4,159,117,2008,2783
50,5,159,116,2005,2781
50,6,158,116,2008,2786
50,7,160,116,2004,2781
50,8,159,117,2016,2790
50,9,159,118,2001,2780
50,10,160,119,2009,2785
50,11,159,120,2006,2787
50,12,159,117,2006,2781
50,13,159,113,2016,2790
50,14,159,108,1997,2782
50,15,159,107,2006,2785
50,16,158,113,2012,2785
50,17,159,114,1997,2786
50,18,156,116,2007,2784
50,19,159,120,2013,2786
50,20,158,113,2003,2785
50,21,156,108,2005,2782
50,22,158,113,2012,2787
50,23,157,114,2007,2783
50,24,158,119,1998,2783
50,25,157,113,2010,2786
50,26,157,106,2013,2786
50,27,157,113,2006,2787
50,28,157,117,2004,2784
50,29,157,115,2005,2787
50,30,154,107,2015,2786
50,31,157,112,2004,2783
50,32,156,115,2001,2787
50,33,156,116,2006,2783
50,34,157,106,2013,2788
50,35,156,113,2008,2784
50,36,157,116,1998,2786
50,37,156,113,2007,2786
50,38,157,107,2004,2780
50,39,156,114,2014,2790
50,40,156,119,2005,2783
50,41,157,107,1997,2787
50,42,157,112,2006,2783
50,43,157,117,2006,2787
50,44,157,112,2013,2787
50,45,157,111,2008,2783
50,46,157,115,2007,2787
50,47,158,112,1997,2783
50,48,158,112,2004,2787
50,49,158,116,2007,2783
50,50,158,113,2008,2775
--- 50 mm Summary | Avg: L=157 FL=113 FR=2006 R=2784 ---

>>> Place micromouse at 60 mm <<<
Press button to start 5s raw ADC sampling (Long press to exit)
========================================
--- Sampling raw ADC values at 60 mm (5s @ 100ms) ---
Dist_mm,Sample,L,FL,FR,R
60,1,156,113,1858,2685
60,2,156,110,1850,2690
60,3,157,105,1865,2696
60,4,156,105,1857,2690
60,5,158,105,1861,2696
60,6,156,105,1852,2694
60,7,157,108,1855,2690
60,8,156,112,1857,2694
60,9,156,113,1851,2689
60,10,158,114,1858,2693
60,11,156,118,1858,2691
60,12,158,115,1854,2693
60,13,156,108,1860,2692
60,14,158,106,1855,2690
60,15,158,112,1851,2694
60,16,157,115,1856,2689
60,17,158,117,1860,2696
60,18,157,110,1855,2690
60,19,158,107,1854,2690
60,20,157,112,1858,2693
60,21,159,119,1862,2692
60,22,159,112,1858,2695
60,23,158,107,1857,2690
60,24,160,113,1856,2695
60,25,158,118,1864,2692
60,26,159,112,1857,2684
60,27,158,109,1852,2692
60,28,158,114,1856,2691
60,29,160,117,1860,2694
60,30,159,106,1865,2692
60,31,159,112,1856,2695
60,32,158,119,1854,2695
60,33,158,110,1856,2690
60,34,159,112,1859,2694
60,35,159,118,1860,2688
60,36,159,111,1858,2697
60,37,159,112,1857,2691
60,38,160,117,1851,2694
60,39,158,111,1860,2695
60,40,160,112,1857,2690
60,41,159,119,1862,2695
60,42,158,108,1867,2694
60,43,159,113,1858,2695
60,44,159,119,1858,2691
60,45,159,106,1851,2691
60,46,158,114,1857,2695
60,47,158,114,1858,2690
60,48,158,111,1860,2695
60,49,158,118,1862,2691
60,50,158,110,1864,2697

>>> Place micromouse at 70 mm <<<
Press button to start 5s raw ADC sampling (Long press to exit)
========================================
--- Sampling raw ADC values at 70 mm (5s @ 100ms) ---
Dist_mm,Sample,L,FL,FR,R
70,1,158,111,1490,2506
70,2,159,114,1492,2504
70,3,159,115,1490,2506
70,4,159,114,1497,2503
70,5,160,111,1483,2505
70,6,159,106,1492,2504
70,7,160,107,1486,2502
70,8,160,112,1488,2506
70,9,159,114,1490,2501
70,10,160,118,1490,2506
70,11,159,117,1487,2502
70,12,157,110,1491,2502
70,13,159,108,1496,2508
70,14,159,114,1486,2503
70,15,160,119,1492,2508
70,16,159,113,1494,2503
70,17,159,106,1494,2508
70,18,159,113,1489,2502
70,19,160,119,1488,2504
70,20,159,112,1493,2507
70,21,156,110,1494,2505
70,22,159,114,1491,2509
70,23,158,116,1488,2505
70,24,159,106,1490,2508
70,25,158,113,1493,2508
70,26,159,119,1494,2505
70,27,158,108,1495,2509
70,28,158,112,1489,2504
70,29,158,119,1485,2509
70,30,158,110,1492,2505
70,31,159,112,1490,2508
70,32,157,118,1497,2509
70,33,159,107,1495,2505
70,34,158,113,1492,2509
70,35,157,118,1487,2505
70,36,157,105,1485,2508
70,37,157,113,1492,2504
70,38,158,116,1477,2504
70,39,157,108,1493,2507
70,40,158,115,1493,2504
70,41,157,109,1497,2509
70,42,156,113,1492,2505
70,43,157,118,1485,2509
70,44,156,105,1486,2507
70,45,157,113,1484,2503
70,46,156,110,1488,2508
70,47,156,113,1489,2504
70,48,157,115,1489,2507
70,49,156,110,1491,2503
70,50,157,117,1489,2506
--- 70 mm Summary | Avg: L=158 FL=112 FR=1490 R=2505 ---

========================================
>>> Place micromouse at 80 mm <<<
Press button to start 5s raw ADC sampling (Long press to exit)
========================================
--- Sampling raw ADC values at 80 mm (5s @ 100ms) ---
Dist_mm,Sample,L,FL,FR,R
80,1,158,111,1216,2189
80,2,160,112,1215,2194
80,3,159,113,1224,2195
80,4,159,114,1211,2193
80,5,159,118,1219,2196
80,6,159,116,1220,2194
80,7,160,108,1212,2197
80,8,158,107,1219,2193
80,9,159,113,1221,2198
80,10,159,117,1219,2199
80,11,159,113,1212,2195
80,12,159,106,1219,2198
80,13,158,113,1222,2193
80,14,159,119,1218,2198
80,15,158,110,1214,2195
80,16,157,111,1214,2191
80,17,158,115,1218,2197
80,18,159,112,1220,2195
80,19,158,111,1222,2199
80,20,157,115,1217,2195
80,21,158,113,1211,2198
80,22,157,109,1218,2194
80,23,158,116,1206,2193
80,24,157,110,1220,2197
80,25,156,112,1221,2195
80,26,157,118,1216,2199
80,27,156,107,1213,2195
80,28,157,112,1210,2198
80,29,156,116,1216,2198
80,30,157,106,1216,2193
80,31,156,114,1218,2196
80,32,156,110,1218,2194
80,33,157,112,1221,2198
80,34,155,117,1220,2191
80,35,156,106,1215,2193
80,36,156,115,1216,2198
80,37,157,107,1205,2195
80,38,157,112,1212,2197
80,39,156,112,1216,2195
80,40,157,111,1215,2198
80,41,156,117,1218,2194
80,42,157,106,1214,2194
80,43,156,116,1218,2197
80,44,156,105,1216,2191
80,45,158,113,1219,2193
80,46,157,108,1222,2186
80,47,158,112,1219,2190
80,48,154,112,1219,2189
80,49,158,112,1217,2188
80,50,157,114,1218,2193
--- 80 mm Summary | Avg: L=157 FL=112 FR=1216 R=2194 ---

========================================
>>> Place micromouse at 90 mm <<<
Press button to start 5s raw ADC sampling (Long press to exit)
========================================
--- Sampling raw ADC values at 90 mm (5s @ 100ms) ---
Dist_mm,Sample,L,FL,FR,R
90,1,156,106,969,1862
90,2,155,106,979,1863
90,3,156,105,967,1859
90,4,156,109,974,1863
90,5,156,112,976,1860
90,6,157,114,967,1863
90,7,156,116,974,1860
90,8,157,109,978,1860
90,9,156,108,973,1861
90,10,157,112,968,1860
90,11,158,116,974,1863
90,12,157,106,978,1859
90,13,158,111,973,1863
90,14,157,115,969,1861
90,15,158,111,969,1860
90,16,157,109,974,1861
90,17,158,115,976,1860
90,18,159,111,978,1863
90,19,158,111,974,1860
90,20,159,115,967,1863
90,21,158,110,973,1864
90,22,159,112,973,1860
90,23,158,118,976,1864
90,24,159,106,977,1862
90,25,159,113,976,1864
90,26,158,113,975,1860
90,27,159,109,969,1863
90,28,159,117,969,1864
90,29,160,106,971,1861
90,30,159,113,974,1863
90,31,158,113,974,1860
90,32,160,111,974,1863
90,33,159,118,978,1861
90,34,160,105,978,1862
90,35,157,115,980,1860
90,36,159,107,978,1861
90,37,159,113,977,1864
90,38,158,111,975,1861
90,39,159,112,972,1863
90,40,157,115,972,1860
90,41,159,112,969,1861
90,42,157,117,969,1862
90,43,157,111,968,1860
90,44,158,117,970,1864
90,45,157,110,969,1861
90,46,157,118,969,1863
90,47,156,106,971,1863
90,48,158,117,970,1860
90,49,156,106,971,1864
90,50,156,117,970,1858
--- 90 mm Summary | Avg: L=157 FL=111 FR=972 R=1861 ---

>>> Place micromouse at 100 mm <<<
Press button to start 5s raw ADC sampling (Long press to exit)
========================================
--- Sampling raw ADC values at 100 mm (5s @ 100ms) ---
Dist_mm,Sample,L,FL,FR,R
100,1,156,106,762,1577
100,2,158,105,768,1580
100,3,155,107,768,1576
100,4,158,111,764,1580
100,5,157,113,769,1579
100,6,158,116,772,1577
100,7,157,107,764,1579
100,8,156,111,765,1575
100,9,157,113,767,1578
100,10,156,114,773,1577
100,11,157,104,766,1577
100,12,156,112,762,1579
100,13,157,115,764,1576
100,14,157,104,767,1577
100,15,156,112,769,1577
100,16,157,112,771,1579
100,17,156,104,768,1576
100,18,156,113,763,1577
100,19,157,110,763,1579
100,20,157,111,764,1577
100,21,158,117,767,1580
100,22,157,105,769,1577
100,23,157,113,769,1580
100,24,158,111,773,1580
100,25,157,111,771,1578
100,26,157,116,769,1579
100,27,158,107,766,1579
100,28,159,116,762,1580
100,29,158,107,763,1577
100,30,159,113,763,1581
100,31,158,110,766,1580
100,32,159,112,767,1578
100,33,159,113,768,1580
100,34,158,112,768,1578
100,35,160,116,768,1580
100,36,159,109,769,1578
100,37,159,119,769,1579
100,38,159,108,769,1580
100,39,160,119,769,1579
100,40,158,107,770,1579
100,41,159,119,772,1579
100,42,160,105,771,1580
100,43,159,118,773,1578
100,44,159,106,772,1578
100,45,159,118,773,1580
100,46,158,106,772,1576
100,47,159,119,772,1580
100,48,158,108,772,1577
100,49,158,118,771,1580
100,50,157,109,771,1578
--- 100 mm Summary | Avg: L=157 FL=111 FR=768 R=1578 ---

>>> Place micromouse at 110 mm <<<
Press button to start 5s raw ADC sampling (Long press to exit)
========================================
--- Sampling raw ADC values at 110 mm (5s @ 100ms) ---
Dist_mm,Sample,L,FL,FR,R
110,1,159,105,617,1329
110,2,158,105,617,1328
110,3,159,110,615,1330
110,4,158,112,613,1329
110,5,159,118,618,1328
110,6,158,109,612,1329
110,7,157,110,614,1327
110,8,158,114,616,1329
110,9,156,111,619,1327
110,10,158,106,617,1328
110,11,156,112,614,1329
110,12,157,112,610,1325
110,13,156,110,615,1328
110,14,156,116,616,1327
110,15,156,107,617,1329
110,16,156,110,621,1322
110,17,157,115,618,1327
110,18,155,105,617,1329
110,19,157,115,613,1327
110,20,157,106,611,1329
110,21,157,111,613,1327
110,22,157,112,613,1328
110,23,156,110,616,1327
110,24,157,116,616,1327
110,25,156,107,616,1328
110,26,156,117,616,1327
110,27,158,104,617,1329
110,28,157,115,620,1328
110,29,158,105,620,1329
110,30,157,113,621,1330
110,31,158,106,621,1328
110,32,157,113,617,1330
110,33,158,107,621,1328
110,34,158,113,619,1330
110,35,159,108,620,1328
110,36,159,112,619,1330
110,37,159,106,620,1330
110,38,158,113,619,1328
110,39,160,105,621,1331
110,40,159,115,621,1328
110,41,160,105,621,1331
110,42,160,117,622,1329
110,43,160,105,622,1328
110,44,158,118,622,1329
110,45,160,109,621,1328
110,46,159,117,621,1331
110,47,159,111,621,1328
110,48,159,113,618,1327
110,49,158,112,618,1328
110,50,159,110,617,1327

========================================
>>> Place micromouse at 120 mm <<<
Press button to start 5s raw ADC sampling (Long press to exit)
========================================
--- Sampling raw ADC values at 120 mm (5s @ 100ms) ---
Dist_mm,Sample,L,FL,FR,R
120,1,158,116,402,1138
120,2,158,114,398,1139
120,3,158,110,401,1137
120,4,158,105,405,1138
120,5,157,111,401,1137
120,6,158,114,397,1135
120,7,157,114,402,1137
120,8,156,105,405,1136
120,9,157,112,400,1136
120,10,156,117,396,1135
120,11,156,107,397,1135
120,12,156,111,400,1136
120,13,157,117,400,1135
120,14,156,104,405,1137
120,15,155,112,401,1133
120,16,156,115,398,1135
120,17,155,104,395,1134
120,18,156,113,396,1133
120,19,156,108,399,1134
120,20,155,111,400,1136
120,21,156,113,402,1138
120,22,156,108,404,1138
120,23,156,116,405,1140
120,24,153,104,405,1135
120,25,157,113,403,1135
120,26,156,107,402,1137
120,27,157,111,399,1134
120,28,158,109,399,1135
120,29,157,111,397,1134
120,30,158,113,395,1136
120,31,157,110,396,1137
120,32,158,114,395,1134
120,33,159,111,396,1138
120,34,158,114,397,1137
120,35,158,111,397,1137
120,36,158,115,397,1137
120,37,157,111,397,1137
120,38,158,114,398,1138
120,39,159,111,397,1138
120,40,159,113,397,1139
120,41,158,111,398,1137
120,42,159,112,397,1138
120,43,158,112,397,1137
120,44,159,110,396,1132
120,45,159,113,397,1139
120,46,158,107,396,1137
120,47,160,114,396,1139
120,48,158,105,398,1137
120,49,159,117,399,1138
120,50,158,107,402,1138

>>> Place micromouse at 130 mm <<<
Press button to start 5s raw ADC sampling (Long press to exit)
========================================
--- Sampling raw ADC values at 130 mm (5s @ 100ms) ---
Dist_mm,Sample,L,FL,FR,R
130,1,158,115,169,1015
130,2,157,116,170,1014
130,3,158,117,166,1016
130,4,157,109,170,1014
130,5,158,108,174,1014
130,6,158,112,168,1015
130,7,158,116,165,1013
130,8,158,105,169,1015
130,9,157,112,171,1013
130,10,158,117,174,1014
130,11,157,105,171,1016
130,12,157,113,167,1015
130,13,158,112,164,1015
130,14,157,110,168,1015
130,15,157,116,169,1016
130,16,157,106,170,1014
130,17,157,112,170,1014
130,18,156,112,174,1015
130,19,157,111,173,1014
130,20,156,115,172,1015
130,21,156,110,171,1014
130,22,157,117,169,1015
130,23,156,104,168,1014
130,24,156,114,166,1014
130,25,155,105,165,1015
130,26,155,113,164,1014
130,27,155,105,163,1014
130,28,155,112,163,1013
130,29,155,108,163,1012
130,30,154,112,165,1014
130,31,155,107,163,1013
130,32,155,113,164,1014
130,33,154,105,164,1013
130,34,154,113,164,1015
130,35,154,104,163,1013
130,36,154,114,163,1013
130,37,154,104,163,1015
130,38,155,116,163,1014
130,39,155,107,163,1015
130,40,155,116,163,1014
130,41,156,110,165,1015
130,42,155,112,168,1015
130,43,156,111,168,1014
130,44,155,108,170,1015
130,45,155,113,171,1014
130,46,156,104,172,1016
130,47,155,117,174,1015
130,48,156,109,172,1015
130,49,156,114,171,1016
130,50,157,112,169,1014
--- 130 mm Summary | Avg: L=156 FL=110 FR=167 R=1014 ---

>>> Place micromouse at 140 mm <<<
Press button to start 5s raw ADC sampling (Long press to exit)
========================================
--- Sampling raw ADC values at 140 mm (5s @ 100ms) ---
Dist_mm,Sample,L,FL,FR,R
140,1,158,111,63,851
140,2,156,105,62,850
140,3,156,104,60,850
140,4,155,111,64,849
140,5,157,115,64,848
140,6,156,111,58,846
140,7,157,105,59,847
140,8,156,111,62,848
140,9,157,113,63,847
140,10,156,105,66,849
140,11,156,113,62,849
140,12,157,111,59,846
140,13,157,109,56,850
140,14,157,116,59,849
140,15,157,104,62,851
140,16,157,112,62,849
140,17,158,110,62,850
140,18,157,111,64,850
140,19,158,116,65,851
140,20,157,107,66,852
140,21,159,117,67,850
140,22,157,104,67,851
140,23,158,115,67,851
140,24,159,104,64,851
140,25,158,112,64,851
140,26,158,107,63,851
140,27,158,112,63,851
140,28,159,106,63,851
140,29,159,112,63,852
140,30,158,106,63,851
140,31,159,114,63,852
140,32,159,105,64,850
140,33,160,113,64,851
140,34,159,105,63,851
140,35,159,117,65,851
140,36,159,106,66,852
140,37,159,118,66,851
140,38,159,109,67,853
140,39,159,116,68,852
140,40,160,111,67,851
140,41,159,111,66,852
140,42,158,112,65,851
140,43,159,106,64,852
140,44,158,114,64,851
140,45,159,104,63,852
140,46,159,117,63,851
140,47,159,112,61,846
140,48,158,111,59,851
140,49,157,113,57,850
140,50,158,105,58,851
--- 140 mm Summary | Avg: L=157 FL=110 FR=63 R=850 ---

========================================
>>> Place micromouse at 150 mm <<<
Press button to start 5s raw ADC sampling (Long press to exit)
========================================
--- Sampling raw ADC values at 150 mm (5s @ 100ms) ---
Dist_mm,Sample,L,FL,FR,R
150,1,158,116,58,721
150,2,160,117,57,722
150,3,158,111,60,724
150,4,160,105,51,723
150,5,159,111,56,724
150,6,159,117,59,722
150,7,159,111,62,724
150,8,159,110,57,723
150,9,159,116,52,722
150,10,159,109,55,723
150,11,158,111,57,723
150,12,159,117,58,724
150,13,158,105,61,722
150,14,159,113,62,724
150,15,158,110,59,723
150,16,159,112,58,722
150,17,159,114,56,723
150,18,157,110,53,722
150,19,158,117,52,723
150,20,157,104,52,722
150,21,158,115,52,721
150,22,157,105,54,723
150,23,157,114,54,722
150,24,157,104,55,723
150,25,156,114,55,722
150,26,157,105,56,722
150,27,156,113,55,721
150,28,155,105,56,721
150,29,156,114,56,722
150,30,156,104,56,721
150,31,156,115,56,722
150,32,155,105,56,721
150,33,156,116,55,721
150,34,156,107,55,722
150,35,156,116,54,722
150,36,155,110,53,722
150,37,156,112,51,721
150,38,156,111,51,723
150,39,156,109,51,722
150,40,157,112,51,722
150,41,156,103,53,722
150,42,157,116,56,721
150,43,157,108,57,722
150,44,156,114,58,719
150,45,158,111,60,720
150,46,157,109,61,718
150,47,158,112,58,720
150,48,157,104,57,721
150,49,157,117,56,719
150,50,159,111,56,721
--- 150 mm Summary | Avg: L=157 FL=110 FR=55 R=721 ---

========================================
>>> Place micromouse at 160 mm <<<
Press button to start 5s raw ADC sampling (Long press to exit)
========================================
--- Sampling raw ADC values at 160 mm (5s @ 100ms) ---
Dist_mm,Sample,L,FL,FR,R
160,1,157,108,51,691
160,2,156,109,59,692
160,3,156,105,53,692
160,4,156,105,55,692
160,5,156,111,59,690
160,6,157,114,56,694
160,7,157,112,53,692
160,8,158,104,56,693
160,9,157,111,60,693
160,10,157,116,57,691
160,11,158,109,52,694
160,12,158,110,54,693
160,13,158,114,56,694
160,14,158,109,60,693
160,15,158,110,61,692
160,16,158,116,58,695
160,17,159,106,55,694
160,18,158,111,52,694
160,19,158,115,54,694
160,20,159,107,57,694
160,21,159,116,57,693
160,22,159,109,58,695
160,23,158,111,60,694
160,24,160,112,62,694
160,25,159,111,62,695
160,26,158,117,60,694
160,27,159,108,58,694
160,28,158,116,57,695
160,29,159,105,56,694
160,30,158,114,55,695
160,31,159,106,53,694
160,32,158,112,52,695
160,33,157,107,51,693
160,34,159,112,52,694
160,35,156,108,52,693
160,36,158,111,52,694
160,37,157,109,51,694
160,38,156,112,51,693
160,39,157,107,51,694
160,40,156,112,51,694
160,41,157,106,51,693
160,42,156,113,52,693
160,43,157,104,53,692
160,44,156,116,55,693
160,45,155,106,56,691
160,46,156,116,55,690
160,47,155,109,57,690
160,48,156,113,59,690
160,49,155,110,60,690
160,50,156,108,60,689
--- 160 mm Summary | Avg: L=157 FL=110 FR=55 R=692 ---

>>> Place micromouse at 170 mm <<<
Press button to start 5s raw ADC sampling (Long press to exit)
========================================
--- Sampling raw ADC values at 170 mm (5s @ 100ms) ---
Dist_mm,Sample,L,FL,FR,R
170,1,155,108,53,606
170,2,156,110,55,606
170,3,156,111,59,608
170,4,155,114,50,606
170,5,157,113,55,608
170,6,155,104,56,607
170,7,157,110,60,607
170,8,157,117,56,608
170,9,156,104,50,607
170,10,155,111,54,606
170,11,156,116,55,608
170,12,158,104,56,608
170,13,156,112,59,608
170,14,157,111,60,609
170,15,158,110,56,609
170,16,158,117,54,608
170,17,158,104,50,609
170,18,157,112,51,608
170,19,158,108,51,609
170,20,158,111,53,609
170,21,158,111,55,605
170,22,159,111,56,609
170,23,158,113,56,609
170,24,159,110,57,610
170,25,158,116,56,610
170,26,160,109,56,609
170,27,158,117,57,610
170,28,158,110,56,609
170,29,159,117,56,609
170,30,159,110,57,609
170,31,159,117,57,610
170,32,159,111,57,610
170,33,159,113,57,609
170,34,157,112,56,610
170,35,158,111,56,609
170,36,159,112,56,609
170,37,158,108,55,608
170,38,158,113,54,608
170,39,158,105,53,608
170,40,156,118,51,605
170,41,158,109,51,609
170,42,157,114,51,608
170,43,158,112,55,608
170,44,157,109,56,608
170,45,157,113,58,607
170,46,156,104,60,608
170,47,156,117,60,607
170,48,156,110,58,608
170,49,156,111,56,607
170,50,157,112,55,608
--- 170 mm Summary | Avg: L=157 FL=111 FR=55 R=608 ---

>>> Place micromouse at 180 mm <<<
Press button to start 5s raw ADC sampling (Long press to exit)
========================================
--- Sampling raw ADC values at 180 mm (5s @ 100ms) ---
Dist_mm,Sample,L,FL,FR,R
180,1,157,110,55,529
180,2,155,108,54,528
180,3,156,111,59,530
180,4,156,114,54,530
180,5,157,111,49,529
180,6,155,105,54,530
180,7,157,112,54,530
180,8,157,110,58,530
180,9,156,109,58,530
180,10,156,113,55,530
180,11,155,108,51,530
180,12,157,111,49,530
180,13,156,114,50,531
180,14,157,110,52,530
180,15,158,117,54,531
180,16,157,104,55,530
180,17,159,114,55,531
180,18,157,105,55,531
180,19,158,113,55,530
180,20,158,107,56,531
180,21,158,112,55,531
180,22,159,107,56,531
180,23,158,111,56,531
180,24,159,108,56,532
180,25,159,112,55,531
180,26,159,106,55,531
180,27,160,114,56,531
180,28,158,105,56,531
180,29,160,117,56,532
180,30,158,105,56,531
180,31,157,118,55,528
180,32,158,110,54,531
180,33,160,113,51,531
180,34,159,112,50,532
180,35,158,109,50,531
180,36,159,113,54,531
180,37,158,104,56,525
180,38,159,118,58,531
180,39,158,111,60,532
180,40,157,112,59,531
180,41,158,112,57,531
180,42,157,105,56,530
180,43,158,117,55,531
180,44,157,109,54,531
180,45,158,111,50,530
180,46,157,112,50,530
180,47,155,104,54,530
180,48,157,116,57,530
180,49,156,110,59,529
180,50,156,108,58,529
--- 180 mm Summary | Avg: L=157 FL=110 FR=54 R=530 ---

>>> Place micromouse at 190 mm <<<
Press button to start 5s raw ADC sampling (Long press to exit)
========================================
--- Sampling raw ADC values at 190 mm (5s @ 100ms) ---
Dist_mm,Sample,L,FL,FR,R
190,1,158,111,55,478
190,2,158,113,59,478
190,3,158,117,53,477
190,4,159,107,52,477
190,5,158,111,55,478
190,6,157,118,56,476
190,7,159,107,60,477
190,8,157,111,58,476
190,9,158,116,55,476
190,10,157,107,53,476
190,11,156,116,50,476
190,12,157,105,49,477
190,13,156,113,49,476
190,14,157,110,51,476
190,15,156,111,52,476
190,16,157,111,53,474
190,17,157,111,53,475
190,18,156,111,53,475
190,19,157,111,53,476
190,20,156,111,53,475
190,21,157,111,51,476
190,22,156,108,50,476
190,23,157,112,49,476
190,24,156,105,49,476
190,25,156,114,49,476
190,26,156,104,49,476
190,27,156,116,52,476
190,28,157,107,54,476
190,29,156,115,55,476
190,30,156,111,57,475
190,31,157,108,59,477
190,32,156,113,59,476
190,33,157,104,56,476
190,34,157,116,55,476
190,35,157,110,54,476
190,36,156,112,54,476
190,37,157,112,50,476
190,38,158,104,49,476
190,39,158,117,51,476
190,40,158,110,55,476
190,41,158,110,59,476
190,42,159,113,59,477
190,43,159,106,55,477
190,44,159,114,54,476
190,45,159,112,53,477
190,46,158,105,50,477
190,47,160,117,54,477
190,48,159,111,56,478
190,49,159,107,60,477
190,50,160,118,55,477
--- 190 mm Summary | Avg: L=157 FL=111 FR=53 R=476 ---

========================================
>>> Place micromouse at 200 mm <<<
Press button to start 5s raw ADC sampling (Long press to exit)
========================================
--- Sampling raw ADC values at 200 mm (5s @ 100ms) ---
Dist_mm,Sample,L,FL,FR,R
200,1,158,111,60,421
200,2,157,111,55,421
200,3,157,114,56,421
200,4,158,113,49,420
200,5,159,104,52,421
200,6,157,112,54,420
200,7,158,113,56,421
200,8,157,105,59,421
200,9,159,113,58,422
200,10,157,108,56,422
200,11,158,111,54,421
200,12,159,114,52,421
200,13,158,110,50,421
200,14,159,118,49,422
200,15,159,105,50,421
200,16,160,117,50,422
200,17,159,105,51,422
200,18,158,116,51,422
200,19,158,104,51,420
200,20,159,117,51,422
200,21,159,105,50,422
200,22,158,118,50,422
200,23,160,106,50,421
200,24,159,118,50,422
200,25,159,111,51,422
200,26,160,115,51,422
200,27,159,111,53,422
200,28,160,112,56,422
200,29,159,112,56,423
200,30,160,106,59,421
200,31,159,117,60,423
200,32,158,109,58,422
200,33,160,115,56,423
200,34,159,111,55,422
200,35,160,109,55,421
200,36,159,114,53,422
200,37,160,107,50,421
200,38,158,115,52,422
200,39,158,112,55,422
200,40,159,107,58,421
200,41,158,117,59,422
200,42,158,111,56,421
200,43,157,110,55,421
200,44,156,115,52,421
200,45,158,110,49,421
200,46,157,111,54,421
200,47,157,112,57,421
200,48,157,105,58,421
200,49,157,113,55,420
200,50,156,113,54,421
--- 200 mm Summary | Avg: L=158 FL=111 FR=53 R=421 ---

========================================
>>> Place micromouse at 210 mm <<<
Press button to start 5s raw ADC sampling (Long press to exit)
========================================
--- Sampling raw ADC values at 210 mm (5s @ 100ms) ---
Dist_mm,Sample,L,FL,FR,R
210,1,157,112,49,376
210,2,158,111,53,377
210,3,158,105,58,377
210,4,157,110,56,377
210,5,158,114,49,378
210,6,158,112,52,377
210,7,158,108,54,377
210,8,158,114,55,377
210,9,157,108,59,377
210,10,158,111,58,377
210,11,157,115,56,377
210,12,157,105,54,377
210,13,157,115,53,377
210,14,157,104,51,377
210,15,157,113,49,377
210,16,155,107,48,376
210,17,157,111,48,377
210,18,155,109,49,377
210,19,156,112,48,375
210,20,156,108,48,377
210,21,156,112,48,376
210,22,157,107,48,377
210,23,156,112,49,377
210,24,157,106,50,377
210,25,155,112,52,377
210,26,156,104,53,376
210,27,156,116,55,376
210,28,156,108,56,376
210,29,156,115,58,377
210,30,156,110,58,376
210,31,157,110,56,376
210,32,156,112,55,377
210,33,157,104,54,377
210,34,157,117,53,377
210,35,157,110,52,377
210,36,157,111,49,377
210,37,156,111,48,377
210,38,158,104,53,377
210,39,156,117,57,377
210,40,157,111,58,377
210,41,158,110,55,377
210,42,157,114,54,377
210,43,157,106,53,377
210,44,156,113,49,378
210,45,156,111,52,374
210,46,158,104,56,377
210,47,158,116,58,377
210,48,159,111,55,378
210,49,158,104,54,377
210,50,159,117,51,378
--- 210 mm Summary | Avg: L=156 FL=110 FR=52 R=376 ---

========================================
>>> Place micromouse at 220 mm <<<
Press button to start 5s raw ADC sampling (Long press to exit)
========================================
--- Sampling raw ADC values at 220 mm (5s @ 100ms) ---
Dist_mm,Sample,L,FL,FR,R
220,1,156,117,48,331
220,2,156,111,50,332
220,3,156,105,51,332
220,4,156,111,53,332
220,5,155,115,56,331
220,6,156,105,58,332
220,7,156,113,58,332
220,8,156,109,55,332
220,9,155,111,54,332
220,10,156,113,54,332
220,11,155,111,53,332
220,12,156,114,52,331
220,13,156,109,52,332
220,14,156,116,52,332
220,15,156,109,53,331
220,16,156,116,53,332
220,17,156,111,54,331
220,18,157,113,54,332
220,19,156,111,55,332
220,20,157,111,57,328
220,21,156,112,58,332
220,22,156,106,56,333
220,23,158,115,55,332
220,24,156,105,53,332
220,25,158,116,54,333
220,26,157,111,54,331
220,27,158,111,51,333
220,28,158,113,48,333
220,29,158,105,51,332
220,30,159,117,55,333
220,31,158,112,57,333
220,32,159,110,58,333
220,33,158,114,55,332
220,34,159,107,54,333
220,35,158,113,53,333
220,36,159,113,49,332
220,37,159,105,53,332
220,38,158,117,55,332
220,39,159,112,59,333
220,40,158,106,56,333
220,41,159,118,55,333
220,42,158,112,52,332
220,43,158,105,50,333
220,44,160,117,54,334
220,45,159,112,59,333
220,46,160,105,55,333
220,47,159,116,54,333
220,48,160,113,49,333
220,49,159,107,55,333
220,50,159,112,59,333
--- 220 mm Summary | Avg: L=157 FL=111 FR=53 R=332 ---

========================================
>>> Place micromouse at 230 mm <<<
Press button to start 5s raw ADC sampling (Long press to exit)
========================================
--- Sampling raw ADC values at 230 mm (5s @ 100ms) ---
Dist_mm,Sample,L,FL,FR,R
230,1,157,107,55,284
230,2,159,116,57,285
230,3,159,115,49,285
230,4,159,105,52,285
230,5,158,112,55,285
230,6,159,115,55,286
230,7,159,106,58,285
230,8,158,115,58,285
230,9,159,107,57,285
230,10,158,112,55,285
230,11,157,112,55,285
230,12,158,112,54,285
230,13,158,114,53,285
230,14,158,111,53,285
230,15,158,112,52,286
230,16,159,111,53,285
230,17,158,112,53,284
230,18,159,112,54,284
230,19,157,110,55,285
230,20,157,113,56,285
230,21,158,106,56,284
230,22,157,114,58,285
230,23,158,105,58,285
230,24,157,117,57,285
230,25,157,111,55,284
230,26,157,112,54,284
230,27,156,113,53,284
230,28,157,104,53,284
230,29,156,117,51,284
230,30,156,111,48,283
230,31,156,111,51,284
230,32,157,113,54,284
230,33,156,105,57,284
230,34,154,113,57,284
230,35,156,111,53,283
230,36,156,104,53,284
230,37,156,116,49,284
230,38,154,111,48,284
230,39,155,104,53,284
230,40,156,116,56,284
230,41,155,111,56,284
230,42,155,104,53,284
230,43,155,116,51,284
230,44,156,111,48,284
230,45,155,104,53,284
230,46,156,113,57,284
230,47,157,112,55,284
230,48,156,106,53,284
230,49,157,110,49,285
230,50,156,114,50,284
--- 230 mm Summary | Avg: L=156 FL=110 FR=53 R=284 ---

========================================
>>> Place micromouse at 240 mm <<<
Press button to start 5s raw ADC sampling (Long press to exit)
========================================
--- Sampling raw ADC values at 240 mm (5s @ 100ms) ---
Dist_mm,Sample,L,FL,FR,R
240,1,158,117,49,249
240,2,158,117,54,250
240,3,159,110,59,250
240,4,158,109,54,250
240,5,158,115,48,250
240,6,159,109,51,250
240,7,158,112,54,250
240,8,159,118,55,250
240,9,159,106,55,250
240,10,159,117,56,250
240,11,159,105,57,250
240,12,158,114,59,251
240,13,159,105,59,250
240,14,158,113,59,250
240,15,160,106,59,250
240,16,158,115,59,250
240,17,159,105,59,250
240,18,159,117,59,250
240,19,158,107,59,250
240,20,159,117,58,251
240,21,157,111,57,250
240,22,158,112,55,249
240,23,156,112,54,248
240,24,157,106,54,249
240,25,158,117,54,249
240,26,157,110,53,250
240,27,158,113,50,249
240,28,156,112,48,249
240,29,157,105,51,248
240,30,156,117,54,249
240,31,156,111,56,249
240,32,157,109,58,249
240,33,155,113,57,249
240,34,156,106,53,248
240,35,155,112,52,248
240,36,156,112,50,249
240,37,156,104,47,248
240,38,155,113,52,248
240,39,156,112,54,249
240,40,155,105,57,245
240,41,156,112,53,248
240,42,155,113,52,249
240,43,157,109,48,249
240,44,156,109,51,249
240,45,156,116,54,249
240,46,157,111,57,249
240,47,156,105,53,249
240,48,157,116,52,249
240,49,156,111,48,249
240,50,156,107,53,249
--- 240 mm Summary | Avg: L=157 FL=111 FR=54 R=249 ---

>>> Place micromouse at 250 mm <<<
Press button to start 5s raw ADC sampling (Long press to exit)
========================================
--- Sampling raw ADC values at 250 mm (5s @ 100ms) ---
Dist_mm,Sample,L,FL,FR,R
250,1,158,106,53,213
250,2,154,110,50,209
250,3,157,114,53,213
250,4,158,109,57,213
250,5,157,110,56,213
250,6,158,117,54,213
250,7,157,104,52,213
250,8,158,112,48,213
250,9,158,107,48,213
250,10,157,112,48,213
250,11,159,108,49,213
250,12,157,111,49,213
250,13,158,109,49,213
250,14,157,112,49,213
250,15,158,105,48,213
250,16,158,114,49,212
250,17,157,104,48,213
250,18,158,117,49,213
250,19,156,109,52,213
250,20,158,112,54,212
250,21,157,111,55,212
250,22,157,106,57,213
250,23,157,116,57,212
250,24,155,109,55,212
250,25,156,113,53,212
250,26,156,111,52,212
250,27,156,103,51,211
250,28,155,116,48,212
250,29,154,111,50,212
250,30,155,106,53,211
250,31,155,116,57,211
250,32,155,108,55,212
250,33,154,107,53,212
250,34,155,116,51,211
250,35,154,110,47,211
250,36,154,104,52,212
250,37,155,116,55,212
250,38,154,110,55,212
250,39,155,104,52,211
250,40,154,113,49,212
250,41,155,112,48,212
250,42,155,107,54,212
250,43,155,108,57,212
250,44,155,116,52,212
250,45,155,110,50,212
250,46,155,103,48,211
250,47,155,112,55,212
250,48,155,112,55,212
250,49,156,109,52,212
250,50,156,105,48,212
--- 250 mm Summary | Avg: L=156 FL=110 FR=51 R=212 ---

*** RAW IR SENSOR CALIBRATION COMPLETE (10-250mm) ***
========================================
state:PreCalib

FATAL: read zero bytes from port
term_exitfunc: reset failed for dev UNKNOWN: Input/output error
marco@marco-tbn03374:~$ cd
