general_params = {
fan_speed = 675.000000,
angular_kp = 0.090000,
angular_ki = 0.000500,
angular_kd = 0.050000,
angular_acc_feed_forward_k = 0.000600,
angular_brake_feed_forward_k = 0.000600,
angular_vel_feed_forward_k = 0.005600,
linear_vel_acc_feed_forward_k = 0.033000,
linear_vel_brake_feed_forward_k = 0.025000,
linear_vel_feed_forward_k = 0.141000,
wall_kp = 0.045000,
wall_ki = 0.000000,
wall_kd = 0.000000,
linear_vel_kp = 2.500000,
linear_vel_ki = 0.010000,
linear_vel_kd = 0.000000,
diagonal_walls_kp = 0.032000,
diagonal_walls_ki = 0.000000,
diagonal_walls_kd = 0.004000,
start_wall_break_mm_left = 56.000000,
start_wall_break_mm_right = 64.000000,
enable_wall_break_correction = 1.000000,
max_linear_acc_jerk = 1650.000000,
max_linear_brake_jerk = 1650.000000,
wheel_radius_mm = 13.100000,
coulomb_ff = 0.180000,
angular_coulomb_ff = 0.070000,
angular_static_ff = 0.250000,
angular_coulomb_ff_inplace = 0.000000,
angular_static_ff_inplace = 0.000000,
linear_accel_margin_mm = 5.000000,
linear_brake_margin_mm = 5.000000,
};
t;Vel;TgtVel;AngVel;TgtAngVel;PWM_L;PWM_R;ImuDiff;PosX;PosY;Angle;Dist;SensL;SensFL;SensFR;SensR
0.0;0.0000;0.0000;0.1538;0.0000;3;-5;-0.2493;0.1985;0.0000;-0.0109;-0.2439;189.2;270.0;270.0;189.0
0.5;0.0000;0.0009;0.2624;0.0000;62;50;-0.0049;0.1985;0.0000;-0.0109;-0.2439;189.2;270.0;270.0;189.2
1.0;0.0000;0.0023;0.0027;0.0000;64;64;-0.0049;0.1985;0.0000;-0.0109;-0.2439;189.2;270.0;270.0;189.2
1.5;0.0005;0.0041;-0.0659;0.0000;69;71;-0.0049;0.1985;0.0000;-0.0109;-0.2439;189.2;270.0;270.0;189.0
2.0;0.0014;0.0060;-0.1126;0.0000;75;81;-0.0049;0.1985;0.0000;-0.0109;-0.2439;189.2;270.0;270.0;189.0
2.5;0.0023;0.0082;0.1566;0.0000;89;81;-0.0049;0.1985;0.0000;-0.0109;-0.2439;189.2;270.0;270.0;189.0
3.0;0.0041;0.0114;0.0701;0.0000;95;93;-0.0049;0.1985;0.0000;-0.0109;-0.2439;189.2;270.0;270.0;189.0
3.5;0.0060;0.0147;0.0082;0.0000;103;101;-0.0049;0.1985;0.0000;-0.0109;-0.2439;188.7;270.0;270.0;189.0
4.0;0.0078;0.0183;-0.1841;0.0000;105;114;-0.0049;0.1985;0.0000;-0.0109;-0.2439;188.7;270.0;270.0;189.0
4.5;0.0105;0.0224;0.0426;0.0000;118;116;-0.0049;0.1985;0.0000;-0.0109;-0.2439;188.7;270.0;270.0;189.0
5.0;0.0133;0.0270;0.2006;0.0000;132;120;-0.0049;0.1985;0.0000;-0.0109;-0.2439;189.2;270.0;270.0;189.0
5.5;0.0160;0.0321;0.1442;0.0000;138;132;-0.0049;0.1985;0.0000;-0.0109;-0.2439;189.2;270.0;270.0;189.0
6.0;0.0197;0.0371;-0.0508;0.0000;142;144;-0.0049;0.1985;0.0000;-0.0109;-0.2439;188.7;270.0;270.0;189.0
6.5;0.0234;0.0430;-0.1882;0.0000;148;157;-0.0049;0.1985;0.0000;-0.0109;-0.2439;188.7;270.0;270.0;189.0
7.0;0.0293;0.0495;0.0838;0.0000;161;159;0.0733;0.2366;0.0000;-0.0109;-0.2439;188.7;270.0;270.0;189.0
7.5;0.0366;0.0559;0.1277;0.0000;171;163;-0.0831;0.2748;0.0000;-0.0109;-0.2439;189.2;270.0;270.0;189.0
8.0;0.0430;0.0627;0.1593;0.0000;181;171;-0.0049;0.2748;0.0000;-0.0109;-0.2439;189.2;270.0;270.0;189.0
8.5;0.0495;0.0705;-0.0701;0.0000;181;185;-0.0049;0.2748;0.0000;-0.0109;-0.2439;189.5;270.0;270.0;189.0
9.0;0.0572;0.0783;0.1566;0.0000;198;189;-0.0831;0.3206;0.0000;-0.0109;-0.2439;189.5;270.0;270.0;189.5
9.5;0.0641;0.0865;0.3146;0.0000;210;193;-0.0049;0.3206;0.0000;0.0111;-0.2439;189.5;270.0;270.0;189.5
10.0;0.0728;0.0952;0.4808;0.0000;222;196;0.0733;0.3588;0.0000;0.0111;-0.2439;190.0;270.0;270.0;189.5
10.5;0.0824;0.1039;0.0797;0.0000;222;216;-0.0831;0.3969;0.0000;0.0111;-0.2439;190.0;270.0;270.0;189.2
11.0;0.0907;0.1136;-0.2005;0.0000;222;230;-0.0049;0.3969;0.0000;0.0111;-0.2439;189.2;270.0;270.0;189.2
11.5;0.0984;0.1236;-0.2060;0.0000;232;239;-0.0049;0.3969;0.0000;0.0111;-0.2439;189.2;270.0;270.0;189.2
12.0;0.1071;0.1337;-0.0769;0.0000;239;243;0.0733;0.4351;0.0000;0.0111;-0.2439;189.2;270.0;270.0;189.2
12.5;0.1163;0.1433;-0.3310;0.0000;236;251;-0.0733;0.4809;0.0000;-0.0109;-0.2439;190.0;270.0;270.0;189.2
13.0;0.1250;0.1534;-0.1827;0.0000;241;251;0.0831;0.5191;0.0000;-0.0109;-0.2439;190.0;270.0;270.0;189.0
13.5;0.1342;0.1635;-0.4808;0.0000;236;261;0.0147;0.5954;0.0000;-0.0328;0.5557;190.3;270.0;270.0;189.2
14.0;0.1442;0.1735;-0.2541;0.0000;243;255;-0.0733;0.7176;0.0000;-0.0328;0.5557;189.8;270.0;270.0;189.0
14.5;0.1543;0.1836;-0.5137;0.0000;238;263;0.0147;0.8015;-0.0076;-0.0548;0.5557;189.8;270.0;270.0;189.0
15.0;0.1639;0.1937;-0.4588;0.0000;239;263;0.0147;0.8779;-0.0076;-0.0548;0.5557;190.0;270.0;270.0;189.0
15.5;0.1740;0.2033;-0.5618;0.0000;239;267;-0.0635;1.0000;-0.0076;-0.0768;0.5557;190.0;270.0;270.0;189.0
16.0;0.1841;0.2134;-0.4821;0.0000;243;267;0.0147;1.0840;-0.0076;-0.0988;0.5557;190.0;270.0;270.0;189.0
16.5;0.1941;0.2234;-0.3407;0.0000;247;263;-0.0733;1.1985;-0.0076;-0.0988;0.5557;190.0;270.0;270.0;189.0
17.0;0.2042;0.2335;-0.4863;0.0000;243;267;0.0929;1.3206;-0.0076;-0.1207;0.5557;190.3;270.0;270.0;189.0
17.5;0.2143;0.2436;-0.4451;0.0000;245;267;-0.0733;1.4427;-0.0076;-0.1207;1.3553;190.0;270.0;270.0;188.7
18.0;0.2248;0.2537;-0.5027;0.0000;245;269;0.0147;1.6031;-0.0076;-0.1427;1.3553;190.3;270.0;270.0;188.4
18.5;0.2363;0.2637;-0.3434;0.0000;251;267;0.0049;1.7634;-0.0076;-0.1427;1.3553;189.8;270.0;270.0;188.4
19.0;0.2473;0.2734;-0.4505;0.0000;247;271;0.0147;1.9237;-0.0076;-0.1647;1.3553;190.8;270.0;270.0;188.2
19.5;0.2578;0.2834;-0.2720;0.0000;253;265;-0.0733;2.0458;-0.0076;-0.1647;1.3553;191.1;270.0;270.0;188.4
20.0;0.2683;0.2935;-0.4478;0.0000;249;271;0.0147;2.2061;-0.0076;-0.1867;2.1549;190.8;270.0;270.0;188.4
20.5;0.2784;0.3036;-0.4382;0.0000;251;271;0.0147;2.3664;-0.0076;-0.1867;2.1549;190.8;270.0;270.0;188.4
21.0;0.2885;0.3136;-0.4876;0.0000;251;275;0.0147;2.5267;-0.0076;-0.2086;2.1549;190.6;270.0;270.0;187.9
21.5;0.2981;0.3237;-0.4945;0.0000;251;275;0.0147;2.6870;-0.0076;-0.2306;2.1549;190.8;270.0;270.0;188.2
22.0;0.3091;0.3333;-0.3805;0.0000;255;273;-0.0733;2.8931;-0.0076;-0.2306;2.1549;191.1;270.0;270.0;188.2
22.5;0.3191;0.3434;-0.4519;0.0000;255;277;0.0147;3.0534;-0.0076;-0.2526;2.9546;190.3;270.0;270.0;187.9
23.0;0.3306;0.3535;-0.4519;0.0000;255;277;0.0147;3.2901;-0.0076;-0.2526;2.9546;191.1;270.0;270.0;187.9
23.5;0.3420;0.3636;-0.4849;0.0000;255;279;-0.0635;3.4962;-0.0153;-0.2746;2.9546;190.8;270.0;270.0;187.9
24.0;0.3530;0.3736;-0.4904;0.0000;255;279;0.0929;3.6947;-0.0153;-0.2965;2.9546;190.8;270.0;270.0;187.7
24.5;0.3645;0.3837;-0.4588;0.0000;257;281;0.0147;3.9313;-0.0153;-0.2965;3.7542;191.3;270.0;270.0;187.7
25.0;0.3759;0.3933;-0.3887;0.0000;257;277;-0.0733;4.1374;-0.0153;-0.3185;3.7542;191.3;270.0;270.0;187.9
25.5;0.3878;0.4034;-0.3874;0.0000;259;277;-0.0733;4.4198;-0.0153;-0.3185;3.7542;190.8;270.0;270.0;187.7
26.0;0.4002;0.4135;-0.4396;0.0000;257;279;0.0147;4.6565;-0.0153;-0.3405;4.5538;191.3;270.0;270.0;187.7
26.5;0.4121;0.4235;-0.4354;0.0000;255;279;0.0147;4.9008;-0.0153;-0.3405;4.5538;190.8;270.0;270.0;187.1
27.0;0.4235;0.4336;-0.5810;0.0000;251;283;0.0147;5.1374;-0.0229;-0.3624;4.5538;190.6;270.0;270.0;186.9
27.5;0.4350;0.4437;-0.6113;0.0000;251;283;-0.1417;5.3817;-0.0229;-0.3844;5.3534;191.3;270.0;270.0;186.9
28.0;0.4469;0.4533;-0.4959;0.0000;253;279;0.0929;5.6641;-0.0229;-0.4064;5.3534;191.1;270.0;270.0;186.9
28.5;0.4588;0.4634;-0.4959;0.0000;253;277;-0.0635;5.9466;-0.0229;-0.4064;5.3534;191.9;270.0;270.0;187.9
29.0;0.4716;0.4734;-0.4354;0.0000;253;277;0.0147;6.2672;-0.0305;-0.4284;6.1530;190.8;270.0;270.0;187.7
29.5;0.4844;0.4835;-0.6195;0.0000;247;279;0.0147;6.5878;-0.0305;-0.4503;6.1530;191.6;270.0;270.0;187.9
30.0;0.4973;0.4936;-0.5343;0.0000;251;277;-0.0635;6.8702;-0.0305;-0.4503;6.1530;191.3;270.0;270.0;187.7
30.5;0.5101;0.5037;-0.6223;0.0000;247;281;0.0147;7.1908;-0.0382;-0.4723;6.9526;194.8;270.0;270.0;187.9
31.0;0.5229;0.5137;-0.5288;0.0000;249;277;0.0147;7.5115;-0.0382;-0.4943;6.9526;193.7;270.0;270.0;187.7
31.5;0.5362;0.5234;-0.5769;0.0000;247;277;-0.0635;7.8702;-0.0382;-0.5163;7.7522;193.7;270.0;270.0;186.9
32.0;0.5495;0.5334;-0.6484;0.0000;243;277;0.0147;8.1985;-0.0458;-0.5163;7.7522;192.4;270.0;270.0;186.6
32.5;0.5636;0.5435;-0.6648;0.0000;241;277;0.0147;8.5954;-0.0458;-0.5382;8.5518;192.4;270.0;270.0;186.6
33.0;0.5774;0.5536;-0.7734;0.0000;239;279;-0.0538;8.9618;-0.0534;-0.5602;8.5518;193.2;270.0;270.0;186.3
33.5;0.5907;0.5636;-0.6058;0.0000;241;273;0.0147;9.2824;-0.0534;-0.5822;8.5518;192.9;270.0;270.0;185.8
34.0;0.6035;0.5737;-0.6511;0.0000;239;273;-0.0635;9.6412;-0.0611;-0.6042;9.3514;192.9;270.0;270.0;185.8
34.5;0.6163;0.5833;-0.5357;0.0000;241;269;-0.0635;10.0000;-0.0611;-0.6261;9.3514;193.7;270.0;270.0;185.8
35.0;0.6296;0.5934;-0.6250;0.0000;238;269;0.0147;10.4046;-0.0687;-0.6261;10.1510;192.9;270.0;270.0;185.8
35.5;0.6429;0.6035;-0.6951;0.0000;236;271;-0.0635;10.7634;-0.0687;-0.6481;10.1510;193.7;270.0;270.0;185.8
36.0;0.6557;0.6136;-0.5769;0.0000;236;267;0.0147;11.1679;-0.0763;-0.6701;10.9506;194.0;270.0;270.0;186.6
36.5;0.6690;0.6236;-0.6662;0.0000;232;267;0.0147;11.5725;-0.0763;-0.6921;10.9506;194.0;270.0;270.0;185.8
37.0;0.6818;0.6337;-0.6387;0.0000;232;265;0.0147;11.9695;-0.0840;-0.7140;11.7503;193.7;270.0;270.0;185.5
37.5;0.6941;0.6433;-0.6552;0.0000;232;263;-0.0635;12.4122;-0.0916;-0.7360;11.7503;194.0;270.0;270.0;185.8
38.0;0.7070;0.6534;-0.6415;0.0000;230;263;0.0147;12.8168;-0.0916;-0.7360;12.5499;194.8;270.0;270.0;185.5
38.5;0.7189;0.6635;-0.7157;0.0000;228;265;0.0244;13.2214;-0.0992;-0.7580;12.5499;194.5;270.0;270.0;185.5
39.0;0.7321;0.6735;-0.6236;0.0000;228;259;-0.0635;13.6641;-0.1069;-0.7800;13.3495;195.6;270.0;270.0;185.3
39.5;0.7445;0.6836;-0.6951;0.0000;224;259;0.0147;14.0611;-0.1145;-0.8019;13.3495;194.8;270.0;270.0;185.3
40.0;0.7564;0.6937;-0.6415;0.0000;224;257;0.0147;14.4656;-0.1145;-0.8239;14.1491;195.0;270.0;270.0;185.3
40.5;0.7701;0.7033;-0.6580;0.0000;224;257;-0.0635;14.9847;-0.1221;-0.8459;14.9487;194.5;270.0;270.0;185.0
41.0;0.7825;0.7134;-0.6854;0.0000;222;257;0.0147;15.3893;-0.1298;-0.8679;14.9487;194.8;270.0;270.0;184.8
41.5;0.7944;0.7234;-0.6264;0.0000;222;253;-0.0635;15.8321;-0.1374;-0.8898;15.7483;194.3;270.0;270.0;184.5
42.0;0.8068;0.7335;-0.5591;0.0000;224;251;0.0147;16.3130;-0.1450;-0.8898;15.7483;194.8;270.0;270.0;184.5
42.5;0.8191;0.7436;-0.5563;0.0000;222;251;-0.0635;16.7557;-0.1527;-0.9118;16.5479;194.0;270.0;270.0;184.5
43.0;0.8320;0.7537;-0.6442;0.0000;220;251;-0.0635;17.2748;-0.1603;-0.9338;16.5479;194.3;270.0;270.0;184.8
43.5;0.8448;0.7637;-0.5604;0.0000;220;249;0.0929;17.7176;-0.1679;-0.9557;17.3475;196.1;270.0;270.0;185.3
44.0;0.8567;0.7734;-0.7074;0.0000;214;253;-0.1417;18.1985;-0.1756;-0.9557;18.1471;197.7;270.0;270.0;184.5
44.5;0.8681;0.7834;-0.5426;0.0000;220;247;-0.0635;18.6412;-0.1832;-0.9777;18.1471;195.8;270.0;270.0;184.0
45.0;0.8787;0.7935;-0.5948;0.0000;218;249;-0.0635;19.0840;-0.1908;-0.9997;18.9467;195.6;270.0;270.0;184.2
45.5;0.8906;0.8036;-0.5467;0.0000;218;247;-0.0635;19.6107;-0.1985;-1.0217;18.9467;195.6;270.0;270.0;183.7
46.0;0.9025;0.8136;-0.5192;0.0000;218;247;0.0147;20.0916;-0.2061;-1.0217;19.7464;195.6;270.0;270.0;183.7
46.5;0.9144;0.8237;-0.6332;0.0000;214;249;-0.0635;20.6107;-0.2137;-1.0436;20.5460;195.6;270.0;270.0;183.7
47.0;0.9263;0.8333;-0.5055;0.0000;218;245;-0.0635;21.1374;-0.2290;-1.0656;20.5460;196.6;270.0;270.0;183.7
47.5;0.9377;0.8434;-0.5055;0.0000;216;245;0.0147;21.6183;-0.2366;-1.0876;21.3456;195.8;270.0;270.0;183.4
48.0;0.9487;0.8535;-0.5714;0.0000;214;245;-0.1417;22.0992;-0.2443;-1.0876;21.3456;197.7;270.0;270.0;183.4
48.5;0.9602;0.8636;-0.5646;0.0000;214;247;0.0929;22.6183;-0.2519;-1.1096;22.1452;198.5;270.0;270.0;183.2
49.0;0.9707;0.8736;-0.5316;0.0000;214;245;0.0147;23.1069;-0.2595;-1.1315;22.9448;197.4;270.0;270.0;182.9
49.5;0.9821;0.8837;-0.6552;0.0000;212;249;0.0147;23.6641;-0.2748;-1.1535;22.9448;196.4;270.0;270.0;182.6
50.0;0.9936;0.8933;-0.4629;0.0000;216;243;-0.0733;24.1908;-0.2824;-1.1535;23.7444;196.6;270.0;270.0;183.4
50.5;1.0050;0.9034;-0.5426;0.0000;212;245;0.0929;24.7099;-0.2977;-1.1755;24.5440;197.7;270.0;270.0;182.6
51.0;1.0160;0.9135;-0.5879;0.0000;210;245;0.0929;25.2366;-0.3053;-1.1975;24.5440;197.9;270.0;270.0;183.2
51.5;1.0270;0.9235;-0.5179;0.0000;210;243;-0.0635;25.7557;-0.3130;-1.1975;25.3436;198.7;270.0;270.0;183.4
52.0;1.0389;0.9336;-0.5907;0.0000;208;245;0.0147;26.3969;-0.3282;-1.2194;26.1432;197.9;270.0;270.0;183.2
52.5;1.0495;0.9437;-0.3805;0.0000;214;239;-0.0733;26.9237;-0.3435;-1.2414;26.1432;197.7;270.0;270.0;182.6
53.0;1.0595;0.9533;-0.4148;0.0000;212;243;0.1711;27.4809;-0.3511;-1.2414;26.9428;197.9;270.0;270.0;182.6
53.5;1.0705;0.9634;-0.3736;0.0000;214;241;-0.0733;28.0840;-0.3664;-1.2634;27.7425;197.9;270.0;270.0;182.1
54.0;1.0810;0.9734;-0.3654;0.0000;214;241;0.0049;28.6489;-0.3817;-1.2634;28.5421;197.7;270.0;270.0;182.1
54.5;1.0911;0.9835;-0.4409;0.0000;212;243;0.0147;29.2137;-0.3893;-1.2854;28.5421;199.3;270.0;270.0;182.9
55.0;1.1016;0.9936;-0.5124;0.0000;212;247;0.0147;29.7710;-0.4046;-1.2854;29.3417;198.7;270.0;270.0;182.9
55.5;1.1126;1.0037;-0.4286;0.2239;138;322;0.0929;30.3740;-0.4198;-1.3073;30.1413;198.7;270.0;270.0;182.6
56.0;1.1232;1.0137;-0.4093;0.1799;226;238;0.0049;30.9389;-0.4275;-1.3073;30.9409;197.9;270.0;270.0;182.6
56.5;1.1342;1.0234;-0.4959;0.2239;193;269;0.0929;31.5420;-0.4427;-1.3293;30.9409;199.0;270.0;270.0;182.1
57.0;1.1447;1.0334;-0.4217;0.1799;222;238;0.0049;32.1069;-0.4580;-1.3513;31.7405;197.7;270.0;270.0;182.6
57.5;1.1552;1.0435;-0.4080;0.2239;195;267;0.0049;32.7481;-0.4733;-1.3513;32.5401;198.5;270.0;270.0;182.1
58.0;1.1653;1.0536;-0.1429;0.1799;232;232;0.0049;33.3130;-0.4809;-1.3513;32.5401;198.2;270.0;270.0;181.8
58.5;1.1754;1.0636;-0.0659;0.1799;220;243;0.0733;33.9160;-0.4962;-1.3513;33.3397;197.7;270.0;270.0;181.8
59.0;1.1859;1.0737;0.0673;0.1799;222;241;-0.0049;34.5573;-0.5114;-1.3513;34.1393;197.7;270.0;270.0;181.6
59.5;1.1960;1.0833;0.0673;0.1799;224;241;-0.0049;35.1145;-0.5267;-1.3513;34.9389;197.9;270.0;270.0;182.6
60.0;1.2056;1.0934;0.0082;0.2239;204;259;0.0733;35.7176;-0.5420;-1.3513;34.9389;199.0;270.0;270.0;181.8
60.5;1.2157;1.1035;0.0467;0.2239;222;243;-0.0831;36.3206;-0.5573;-1.3513;35.7386;198.7;270.0;270.0;181.8
61.0;1.2248;1.1136;-0.0412;0.2239;220;247;0.0733;36.9237;-0.5725;-1.3513;36.5382;198.7;270.0;270.0;181.8
61.5;1.2340;1.1236;0.0096;0.2692;206;263;0.0733;37.5267;-0.5802;-1.3513;37.3378;199.3;270.0;270.0;182.1
62.0;1.2427;1.1337;-0.1181;0.2239;232;236;-0.0049;38.1679;-0.5954;-1.3513;38.1374;199.0;270.0;270.0;181.8
62.5;1.2500;1.1433;0.0316;0.2239;224;247;-0.0049;38.7328;-0.6107;-1.3513;38.1374;198.7;270.0;270.0;182.4
63.0;1.2582;1.1534;-0.0646;0.2692;206;269;0.0733;39.4198;-0.6260;-1.3513;38.9370;199.5;270.0;270.0;181.8
63.5;1.2660;1.1635;0.0810;0.2239;243;238;-0.0049;39.9771;-0.6412;-1.3513;39.7366;199.0;270.0;270.0;182.1
64.0;1.2738;1.1735;0.1470;0.2239;234;251;-0.0929;40.5802;-0.6565;-1.3513;40.5362;198.7;270.0;270.0;181.8
64.5;1.2816;1.1836;0.1593;0.2239;236;251;-0.0147;41.2214;-0.6718;-1.3513;40.5362;198.7;270.0;270.0;182.1
65.0;1.2898;1.1937;0.0824;0.1799;249;241;0.0733;41.8244;-0.6870;-1.3513;41.3358;198.2;270.0;270.0;181.8
65.5;1.2972;1.2033;0.0797;0.2239;222;273;0.0733;42.4275;-0.7023;-1.3513;42.1354;198.7;270.0;270.0;181.8
66.0;1.3045;1.2134;0.0549;0.2692;222;279;0.0733;43.0305;-0.7099;-1.3513;42.9350;200.1;270.0;270.0;181.8
66.5;1.3123;1.2234;0.0082;0.2239;253;251;-0.0049;43.6794;-0.7252;-1.3513;42.9350;198.7;270.0;270.0;181.8
67.0;1.3205;1.2335;0.0316;0.2239;241;267;-0.0049;44.3206;-0.7405;-1.3513;43.7346;198.5;270.0;270.0;182.1
67.5;1.3278;1.2436;-0.1195;0.1799;255;257;0.0831;44.9237;-0.7557;-1.3513;44.5343;197.9;270.0;270.0;182.4
68.0;1.3352;1.2537;-0.0302;0.2692;214;302;-0.0049;45.5649;-0.7710;-1.3513;45.3339;199.3;270.0;270.0;181.8
68.5;1.3429;1.2637;-0.1030;0.1799;275;247;-0.0049;46.2061;-0.7863;-1.3513;46.1335;197.9;270.0;270.0;181.3
69.0;1.3507;1.2734;-0.1346;0.2692;218;310;-0.0049;46.8473;-0.8015;-1.3513;46.1335;198.7;270.0;270.0;181.1
69.5;1.3585;1.2834;-0.1470;0.2239;263;269;0.0049;47.4962;-0.8168;-1.3513;46.9331;197.9;270.0;270.0;181.1
70.0;1.3663;1.2935;-0.3228;0.1799;261;275;0.0831;48.1756;-0.8321;-1.3733;47.7327;198.2;270.0;270.0;181.6
70.5;1.3741;1.3036;-0.3187;0.2239;234;308;0.0049;48.8168;-0.8473;-1.3733;48.5323;198.5;270.0;270.0;181.6
71.0;1.3819;1.3136;-0.2775;0.1799;269;279;0.0831;49.5038;-0.8626;-1.3733;49.3319;198.2;270.0;270.0;182.1
71.5;1.3901;1.3237;-0.2527;0.2239;241;310;0.0049;50.2214;-0.8779;-1.3952;50.1315;198.5;270.0;270.0;182.4
72.0;1.3979;1.3333;-0.2266;0.2692;241;312;0.0049;50.8702;-0.9008;-1.3952;50.1315;200.1;270.0;270.0;181.8
72.5;1.4057;1.3434;-0.1085;0.2239;279;281;-0.0831;51.5496;-0.9160;-1.3952;50.9311;199.0;270.0;270.0;181.8
73.0;1.4135;1.3535;-0.1525;0.2692;247;312;-0.0831;52.2366;-0.9313;-1.3952;51.7307;199.5;270.0;270.0;181.8
73.5;1.4199;1.3636;-0.0110;0.2239;283;283;-0.0049;52.8779;-0.9466;-1.3952;52.5304;199.0;270.0;270.0;181.8
74.0;1.4281;1.3736;0.0179;0.2239;273;298;-0.0049;53.6031;-0.9618;-1.3952;53.3300;198.5;270.0;270.0;182.4
74.5;1.4364;1.3837;0.0453;0.3146;243;329;-0.0049;54.3206;-0.9847;-1.3952;54.1296;200.8;270.0;270.0;182.6
75.0;1.4451;1.3933;0.1209;0.2692;292;286;-0.0049;55.0458;-1.0000;-1.3952;54.9292;199.5;270.0;270.0;182.6
75.5;1.4542;1.4034;0.0179;0.3146;263;322;-0.0049;55.7710;-1.0153;-1.3952;55.7288;200.3;270.0;270.0;182.6
76.0;1.4629;1.4135;0.0192;0.2692;294;292;-0.0049;56.4962;-1.0305;-1.3952;55.7288;200.1;270.0;270.0;182.6
76.5;1.4716;1.4235;0.0481;0.2239;296;292;-0.0049;57.2137;-1.0534;-1.3952;56.5284;198.7;270.0;270.0;182.1
77.0;1.4803;1.4336;-0.0041;0.2239;284;310;-0.0049;57.9389;-1.0687;-1.3952;57.3280;198.5;270.0;270.0;181.8
77.5;1.4881;1.4437;0.0385;0.2239;288;312;-0.0831;58.6260;-1.0840;-1.3952;58.1276;198.7;270.0;270.0;181.8
78.0;1.4963;1.4533;0.1305;0.2239;292;312;-0.0929;59.3893;-1.1069;-1.3952;58.9272;198.7;270.0;270.0;182.1
78.5;1.5050;1.4634;0.0275;0.2692;277;333;-0.0049;60.1069;-1.1221;-1.3952;59.7268;199.3;270.0;270.0;182.1
79.0;1.5133;1.4734;-0.0165;0.2239;308;304;-0.0831;60.8702;-1.1374;-1.3952;60.5265;198.7;270.0;270.0;182.4
79.5;1.5220;1.4835;-0.0508;0.2692;279;339;-0.0049;61.5954;-1.1603;-1.3952;61.3261;199.3;270.0;270.0;182.1
80.0;1.5311;1.4936;-0.1044;0.2239;310;312;-0.0049;62.3969;-1.1756;-1.3952;62.1257;198.7;270.0;270.0;181.8
80.5;1.5394;1.5037;-0.0014;0.2239;298;326;-0.0049;63.1221;-1.1908;-1.3952;62.9253;199.0;270.0;270.0;182.1
81.0;1.5490;1.5137;0.0165;0.2239;302;327;-0.0049;63.9237;-1.2137;-1.3952;63.7249;199.0;270.0;270.0;181.6
81.5;1.5586;1.5234;0.0440;0.2692;288;343;-0.0049;64.7328;-1.2290;-1.3952;64.5245;199.3;270.0;270.0;181.8
82.0;1.5678;1.5334;0.0975;0.1799;335;296;-0.0929;65.4962;-1.2519;-1.3952;65.3241;198.2;270.0;270.0;181.8
82.5;1.5774;1.5435;0.1401;0.1799;310;326;-0.0147;66.2977;-1.2672;-1.3952;66.1237;197.7;270.0;270.0;182.1
83.0;1.5865;1.5536;0.1429;0.2692;281;359;-0.0929;67.0611;-1.2901;-1.3733;66.9233;199.8;270.0;270.0;182.1
83.5;1.5952;1.5636;0.1772;0.2239;327;316;-0.0147;67.8626;-1.3053;-1.3733;67.7229;198.7;270.0;270.0;181.8
84.0;1.6049;1.5737;0.0865;0.1346;345;302;-0.0049;68.6641;-1.3282;-1.3733;68.5226;201.4;270.0;270.0;183.4
84.5;1.6140;1.5833;0.0810;0.3146;251;394;-0.0049;69.4733;-1.3435;-1.3733;69.3222;201.6;270.0;270.0;183.4
85.0;1.6232;1.5934;0.1223;0.3146;312;335;0.0733;70.3130;-1.3664;-1.3733;70.1218;200.6;270.0;270.0;183.2
85.5;1.6323;1.6035;0.0838;0.2692;327;324;-0.0049;71.1145;-1.3817;-1.3733;70.9214;199.8;270.0;270.0;182.4
86.0;1.6419;1.6136;0.1470;0.2239;329;322;-0.0147;72.0000;-1.4046;-1.3513;71.7210;199.0;270.0;270.0;182.1
86.5;1.6516;1.6236;0.0879;0.1799;331;324;-0.0049;72.8092;-1.4275;-1.3513;72.5206;197.7;270.0;270.0;182.1
87.0;1.6612;1.6337;0.1511;0.2239;308;355;-0.0929;73.6489;-1.4427;-1.3513;73.3202;198.7;270.0;270.0;182.1
87.5;1.6703;1.6433;0.1538;0.2239;322;339;-0.0929;74.4962;-1.4656;-1.3513;74.1198;198.7;270.0;270.0;182.6
88.0;1.6795;1.6534;0.1923;0.2239;324;341;0.0733;75.3359;-1.4809;-1.3513;74.9194;198.7;270.0;270.0;182.6
88.5;1.6882;1.6635;0.1676;0.2692;310;359;-0.0147;76.1374;-1.5038;-1.3513;75.7190;199.3;270.0;270.0;182.6
89.0;1.6978;1.6735;0.0865;0.2692;324;349;-0.0049;77.0229;-1.5267;-1.3293;76.5187;199.3;270.0;270.0;182.4
89.5;1.7065;1.6836;-0.0247;0.2692;322;355;0.0733;77.8702;-1.5420;-1.3293;77.3183;199.3;270.0;270.0;182.4
90.0;1.7157;1.6937;-0.1016;0.2239;337;341;-0.0831;78.7099;-1.5649;-1.3513;78.1179;199.0;270.0;270.0;182.1
90.5;1.7248;1.7033;-0.0288;0.1799;341;337;-0.0049;79.5954;-1.5802;-1.3513;78.9175;197.7;270.0;270.0;182.1
91.0;1.7335;1.7134;-0.1429;0.2239;312;374;0.0049;80.4809;-1.6031;-1.3513;79.7171;198.7;270.0;270.0;182.6
91.5;1.7422;1.7234;-0.0920;0.2239;329;363;-0.0049;81.3664;-1.6260;-1.3513;81.3163;198.7;270.0;270.0;182.4
92.0;1.7514;1.7335;-0.2459;0.2239;326;367;0.0049;82.2443;-1.6412;-1.3513;82.1159;198.7;270.0;270.0;182.1
92.5;1.7605;1.7436;-0.2047;0.2239;331;369;0.0049;83.2137;-1.6641;-1.3513;82.9155;199.0;270.0;270.0;181.8
93.0;1.7697;1.7537;-0.2775;0.2239;331;374;0.0049;84.0992;-1.6870;-1.3733;83.7151;199.0;270.0;270.0;182.1
93.5;1.7793;1.7637;-0.1854;0.2239;333;370;0.0049;84.9771;-1.7099;-1.3733;84.5147;199.0;270.0;270.0;182.1
94.0;1.7880;1.7729;-0.1511;0.2239;329;367;-0.0831;85.9008;-1.7328;-1.3733;85.3144;199.0;270.0;270.0;182.6
94.5;1.7972;1.7825;-0.0797;0.2239;322;355;-0.0049;86.7863;-1.7557;-1.3733;86.1140;198.7;270.0;270.0;181.8
95.0;1.8063;1.7912;-0.1003;0.2692;298;365;-0.0049;87.7557;-1.7786;-1.3952;87.7132;199.0;270.0;270.0;182.1
95.5;1.8164;1.7995;-0.1538;0.2692;304;341;0.0049;88.7176;-1.8015;-1.3952;88.5128;200.1;270.0;270.0;182.1
96.0;1.8255;1.8072;-0.0659;0.2692;296;329;-0.0049;89.6794;-1.8244;-1.3952;89.3124;199.3;270.0;270.0;181.6
96.5;1.8352;1.8150;-0.2376;0.2692;284;326;0.0049;90.6489;-1.8473;-1.3952;90.1120;200.1;270.0;270.0;181.6
97.0;1.8443;1.8219;-0.0728;0.3146;265;327;-0.0049;91.6107;-1.8702;-1.3952;90.9116;200.6;270.0;270.0;181.3
97.5;1.8535;1.8288;-0.0275;0.3146;273;304;-0.0831;92.6107;-1.8931;-1.3952;92.5108;200.6;270.0;270.0;181.8
98.0;1.8613;1.8352;0.0495;0.2692;281;279;0.0733;93.5344;-1.9160;-1.3952;93.3105;199.8;270.0;270.0;181.6
98.5;1.8686;1.8407;0.1429;0.2692;261;283;-0.0147;94.5038;-1.9389;-1.3952;94.1101;199.3;270.0;270.0;181.6
99.0;1.8755;1.8462;0.2390;0.2239;271;257;-0.0147;95.4657;-1.9618;-1.3952;94.9097;198.5;270.0;270.0;181.3
99.5;1.8828;1.8512;0.1690;0.3146;214;294;-0.0147;96.5115;-1.9847;-1.3733;96.5089;200.1;270.0;270.0;181.1
100.0;1.8910;1.8558;0.0948;0.3146;232;259;-0.0929;97.5191;-2.0076;-1.3733;97.3085;199.5;270.0;270.0;181.1
100.5;1.8997;1.8603;0.0810;0.3146;224;251;-0.0049;98.5573;-2.0382;-1.3733;98.1081;201.1;270.0;270.0;181.3
101.0;1.9075;1.8640;-0.1209;0.3146;206;245;-0.0049;99.5267;-2.0611;-1.3733;98.9077;201.1;270.0;270.0;181.8
101.5;1.9130;1.8672;-0.0797;0.2692;214;222;-0.0049;100.5725;-2.0840;-1.3733;100.5069;200.1;270.0;270.0;182.1
102.0;1.9185;1.8704;-0.1497;0.2692;189;228;0.0049;101.5344;-2.1069;-1.3952;101.3066;199.3;270.0;270.0;181.6
102.5;1.9249;1.8732;-0.0357;0.2692;185;214;-0.0049;102.5802;-2.1298;-1.3952;102.1062;200.1;270.0;270.0;181.6
103.0;1.9304;1.8750;0.0701;0.2692;179;204;-0.0831;103.5802;-2.1527;-1.3952;102.9058;198.7;270.0;270.0;181.1
103.5;1.9350;1.8768;0.1250;0.2692;169;193;-0.0049;104.5496;-2.1832;-1.3733;104.5050;200.1;270.0;270.0;181.8
104.0;1.9391;1.8782;0.2225;0.2692;163;183;0.0635;105.5496;-2.2061;-1.3733;105.3046;199.5;270.0;270.0;181.8
104.5;1.9418;1.8791;0.2431;0.2692;155;173;-0.0147;106.5191;-2.2290;-1.3733;106.1042;199.3;270.0;270.0;181.6
105.0;1.9437;1.8796;0.2060;0.2239;159;150;-0.0147;107.5573;-2.2519;-1.3733;106.9038;199.0;270.0;270.0;181.6
105.5;1.9451;1.8800;0.1635;0.0000;218;89;-0.0049;0.9618;0.0000;-0.0109;0.5557;200.8;270.0;270.0;181.3
106.0;1.9464;1.8810;0.2019;0.0000;155;161;0.0635;1.9618;0.0000;-0.0109;1.3553;199.3;270.0;270.0;180.8
106.5;1.9473;1.8823;0.0838;0.0000;157;171;0.0733;2.9695;0.0000;-0.0109;2.9546;200.6;270.0;270.0;182.1
107.0;1.9492;1.8837;0.2253;0.0000;167;177;0.0635;3.9771;0.0000;0.0111;3.7542;200.3;270.0;270.0;182.4
107.5;1.9505;1.8860;0.1470;0.0000;171;185;0.0733;4.9771;0.0000;0.0111;4.5538;200.1;270.0;270.0;181.6
108.0;1.9524;1.8883;0.0893;0.0000;179;195;-0.0049;5.9466;0.0000;0.0111;5.3534;199.8;270.0;270.0;181.8
108.5;1.9542;1.8910;0.0714;0.0000;187;202;0.0733;6.9466;0.0000;0.0111;6.9526;198.2;270.0;270.0;182.1
109.0;1.9556;1.8947;0.0247;0.0000;193;212;0.0733;7.8702;0.0000;0.0111;7.7522;200.3;270.0;270.0;181.8
109.5;1.9579;1.8984;0.0701;0.0000;202;218;-0.0049;8.8397;0.0000;0.0111;8.5518;199.0;270.0;270.0;181.6
110.0;1.9583;1.9025;0.0604;0.0000;210;228;-0.0049;9.7252;0.0000;0.0111;9.3514;198.7;270.0;270.0;181.1
110.5;1.9602;1.9071;0.0192;0.0000;218;238;0.0733;10.7252;0.0000;0.0111;10.1510;199.5;270.0;270.0;181.3
111.0;1.9625;1.9116;-0.1085;0.0000;226;251;0.0831;11.7328;0.0000;0.0111;10.9506;198.7;270.0;270.0;181.6
111.5;1.9638;1.9171;-0.0316;0.0000;238;261;0.0733;12.6565;0.0000;0.0111;12.5499;200.1;270.0;270.0;181.6
112.0;1.9652;1.9231;-0.0673;0.0000;245;271;-0.0049;13.6183;0.0000;0.0111;13.3495;200.6;270.0;270.0;181.1
112.5;1.9670;1.9290;0.0563;0.0000;259;279;0.0733;14.5420;0.0000;0.0111;14.1491;198.7;270.0;270.0;181.3
113.0;1.9689;1.9359;0.0398;0.0000;269;290;0.0733;15.4656;0.0000;0.0111;14.9487;199.0;270.0;270.0;181.8
113.5;1.9716;1.9428;-0.0137;0.0000;281;302;-0.0049;16.4351;0.0000;0.0111;15.7483;198.7;270.0;270.0;181.3
114.0;1.9762;1.9501;0.0151;0.0000;290;314;-0.0049;17.4809;0.0000;0.0111;17.3475;198.2;270.0;270.0;181.6
114.5;1.9812;1.9579;0.0495;0.0000;302;324;0.0733;18.4809;0.0000;0.0111;18.1471;197.7;270.0;270.0;181.1
115.0;1.9876;1.9661;0.1635;0.0000;318;331;-0.0147;19.5267;0.0000;0.0111;18.9467;198.7;270.0;270.0;181.8
115.5;1.9950;1.9748;0.2253;0.0000;327;339;0.0635;20.5344;0.0076;0.0331;19.7464;197.4;270.0;270.0;181.6
116.0;2.0018;1.9840;0.1799;0.0000;337;351;-0.0147;21.4962;0.0076;0.0331;21.3456;197.2;270.0;270.0;181.6
116.5;2.0092;1.9936;0.1745;0.0000;349;363;-0.0929;22.5038;0.0076;0.0331;22.1452;195.6;270.0;270.0;182.6
117.0;2.0165;2.0032;0.2363;0.0000;361;370;-0.0147;23.4657;0.0076;0.0551;22.9448;195.8;270.0;270.0;182.1
117.5;2.0247;2.0137;0.1085;0.0000;369;384;-0.0049;24.5954;0.0076;0.0551;24.5440;195.3;270.0;270.0;181.6
118.0;2.0334;2.0243;0.1168;0.0000;378;394;-0.0049;25.5573;0.0076;0.0551;25.3436;194.8;270.0;270.0;181.6
118.5;2.0421;2.0357;0.1223;0.0000;388;406;0.0733;26.5649;0.0076;0.0551;26.1432;193.2;270.0;270.0;181.3
119.0;2.0522;2.0472;-0.0453;0.0000;394;419;0.0733;27.6489;0.0076;0.0551;26.9428;194.0;270.0;270.0;181.8
119.5;2.0627;2.0591;-0.0220;0.0000;408;431;-0.0049;28.6947;0.0153;0.0551;28.5421;191.6;270.0;270.0;182.4
120.0;2.0733;2.0714;-0.0096;0.0000;417;441;-0.0831;29.7786;0.0153;0.0551;29.3417;191.1;270.0;270.0;182.1
120.5;2.0847;2.0842;-0.1277;-0.1360;474;408;-0.0049;30.8244;0.0153;0.0551;30.1413;190.0;270.0;270.0;181.8
121.0;2.0966;2.0975;-0.1621;-0.1360;445;466;-0.0831;31.9084;0.0153;0.0331;31.7405;189.2;270.0;270.0;182.1
121.5;2.1094;2.1113;-0.1305;-0.0907;441;494;-0.0831;32.9924;0.0153;0.0331;32.5401;191.1;270.0;270.0;181.6
122.0;2.1227;2.1250;-0.2349;-0.1813;498;458;0.0049;34.1145;0.0153;0.0331;33.3397;189.0;270.0;270.0;181.6
122.5;2.1355;2.1397;-0.2198;-0.1813;480;501;0.0049;35.1603;0.0153;0.0331;34.9389;189.0;270.0;270.0;181.3
123.0;2.1488;2.1543;-0.3887;-0.0907;457;552;0.0049;36.2901;0.0153;0.0111;35.7386;189.0;270.0;270.0;180.0
123.5;2.1621;2.1699;-0.3255;-0.0907;501;535;-0.0733;37.3740;0.0153;0.0111;37.3378;187.9;270.0;270.0;179.2
124.0;2.1763;2.1854;-0.2266;-0.1813;552;511;0.0049;38.4962;0.0229;0.0111;38.1374;185.8;270.0;270.0;178.7
124.5;2.1914;2.2015;-0.2679;-0.0907;501;591;-0.0733;39.6641;0.0229;-0.0109;38.9370;187.1;270.0;270.0;177.6
125.0;2.2070;2.2179;-0.0865;-0.0453;533;584;-0.0831;40.7481;0.0229;-0.0109;40.5362;186.6;270.0;270.0;176.3
125.5;2.2221;2.2349;0.0852;0.0893;513;627;-0.0049;41.8779;0.0229;-0.0109;41.3358;188.7;270.0;270.0;175.2
126.0;2.2390;2.2523;0.0412;0.3146;488;681;0.0733;43.0382;0.0229;-0.0109;42.9350;190.6;270.0;270.0;172.9
126.5;2.2550;2.2697;-0.2060;0.3146;568;619;0.0831;44.2061;0.0229;-0.0109;43.7346;189.5;270.0;270.0;171.6
127.0;2.2724;2.2871;-0.3709;0.4038;531;660;0.0049;45.4122;0.0229;-0.0328;45.3339;191.1;270.0;270.0;170.5
127.5;2.2903;2.3045;-0.5316;0.5838;492;705;0.0929;46.6565;0.0229;-0.0328;46.1335;193.5;270.0;270.0;168.4
128.0;2.3082;2.3223;-0.3887;0.6745;527;674;0.0929;47.9008;0.0153;-0.0548;47.7327;192.9;270.0;270.0;166.3
128.5;2.3274;2.3397;-0.4190;0.7198;543;664;0.1711;49.1908;0.0153;-0.0548;48.5323;194.0;270.0;270.0;165.5
129.0;2.3480;2.3571;-0.3434;0.9890;455;746;0.0831;50.5191;0.0153;-0.0768;50.1315;197.9;270.0;270.0;164.2
129.5;2.3695;2.3745;-0.3503;1.0797;511;681;0.0049;51.8015;0.0153;-0.0768;51.7307;199.0;270.0;270.0;163.1
130.0;2.3901;2.3919;-0.4354;1.1690;505;687;0.0929;53.1298;0.0153;-0.0988;52.5304;201.1;270.0;270.0;162.3
130.5;2.4116;2.4098;-0.2102;1.2143;527;666;0.0831;54.4504;0.0076;-0.0988;54.1296;200.8;270.0;270.0;161.5
131.0;2.4350;2.4272;-0.1470;1.2143;546;652;0.0831;55.8626;0.0076;-0.0988;55.7288;200.1;270.0;270.0;160.2
131.5;2.4579;2.4446;0.1387;1.3049;517;679;0.2297;57.1832;0.0076;-0.0988;56.5284;200.6;270.0;270.0;160.2
132.0;2.4808;2.4620;0.1401;1.2143;584;613;0.1515;58.5573;0.0076;-0.0988;58.1276;200.1;270.0;270.0;160.7
132.5;2.5041;2.4799;0.0330;1.3049;507;677;0.1515;59.9237;0.0000;-0.0988;59.7268;202.2;270.0;270.0;161.3
133.0;2.5270;2.4973;-0.1195;1.3049;533;648;0.1613;61.2901;0.0000;-0.0988;60.5265;204.0;270.0;270.0;162.8
133.5;2.5504;2.5147;-0.1030;1.1690;584;595;0.0831;62.7710;0.0000;-0.0988;62.1257;202.4;270.0;270.0;166.5
134.0;2.5733;2.5321;-0.0275;1.0343;589;589;0.0733;64.1832;-0.0076;-0.0988;63.7249;204.3;270.0;270.0;168.1
134.5;2.5952;2.5495;0.0096;1.0797;523;650;-0.0049;65.6260;-0.0076;-0.0988;65.3241;205.3;270.0;270.0;170.0
135.0;2.6181;2.5673;0.1264;0.9437;593;580;0.0733;67.0305;-0.0076;-0.0988;66.9233;204.0;270.0;270.0;171.0
135.5;2.6397;2.5847;0.2527;0.8544;580;584;0.0635;68.4427;-0.0076;-0.0988;67.7229;203.2;270.0;270.0;172.3
136.0;2.6616;2.6021;0.3242;0.8544;550;615;-0.0147;69.8855;-0.0153;-0.0768;69.3222;205.1;270.0;270.0;173.4
136.5;2.6827;2.6195;0.3599;0.7198;603;562;-0.0147;71.3359;-0.0153;-0.0768;70.9214;203.0;270.0;270.0;174.7
137.0;2.7042;2.6374;0.3420;0.7637;535;623;-0.0147;72.8626;-0.0153;-0.0548;72.5206;205.1;270.0;270.0;175.5
137.5;2.7253;2.6548;0.1264;0.6745;580;578;-0.0929;74.2672;-0.0153;-0.0548;74.1198;204.0;270.0;270.0;176.6
138.0;2.7459;2.6722;0.3956;0.7198;537;619;-0.0147;75.7176;-0.0153;-0.0548;74.9194;205.6;270.0;270.0;177.4
138.5;2.7665;2.6896;0.0124;0.6745;556;593;0.0733;77.1221;-0.0153;-0.0548;76.5187;205.1;270.0;270.0;177.6
139.0;2.7862;2.7070;0.1882;0.5838;582;572;0.0733;78.6107;-0.0229;-0.0328;78.1179;204.0;270.0;270.0;178.4
139.5;2.8059;2.7248;-0.1113;0.6745;503;642;0.0831;80.0992;-0.0229;-0.0328;79.7171;204.8;270.0;270.0;177.6
140.0;2.8255;2.7422;-0.1992;0.6745;533;613;0.0049;81.6260;-0.0229;-0.0548;81.3163;204.8;270.0;270.0;177.4
140.5;2.8452;2.7596;-0.4272;0.6291;541;599;0.0147;83.0687;-0.0229;-0.0548;82.9155;204.3;270.0;270.0;177.9
141.0;2.8636;2.7770;-0.1181;0.6745;513;623;0.0831;84.5573;-0.0229;-0.0548;84.5147;204.3;270.0;270.0;177.1
141.5;2.8823;2.7949;-0.0192;0.6745;533;603;-0.0049;86.0840;-0.0229;-0.0548;85.3144;204.3;270.0;270.0;177.1
142.0;2.9011;2.8123;-0.3516;0.5838;556;578;0.0831;87.5725;-0.0229;-0.0768;86.9136;202.2;270.0;270.0;177.1
142.5;2.9190;2.8297;-0.3393;0.6745;492;644;0.0831;89.0611;-0.0305;-0.0768;88.5128;203.2;270.0;270.0;177.1
143.0;2.9359;2.8471;-0.6332;0.6291;535;607;0.0929;90.4657;-0.0305;-0.0988;90.1120;203.5;270.0;270.0;177.9
143.5;2.9524;2.8645;-0.2404;0.6745;513;630;0.0831;91.9542;-0.0305;-0.0988;91.7112;204.8;270.0;270.0;177.4
144.0;2.9689;2.8823;-0.4396;0.6745;527;623;0.0929;93.4351;-0.0382;-0.1207;93.3105;204.8;270.0;270.0;178.2
144.5;2.9863;2.8997;-0.2527;0.6291;552;603;0.0831;95.0076;-0.0382;-0.1207;94.9097;205.1;270.0;270.0;178.4
145.0;3.0037;2.9171;-0.5797;0.6745;509;646;0.0929;96.5725;-0.0382;-0.1427;96.5089;204.3;270.0;270.0;176.8
145.5;3.0211;2.9345;-0.5330;0.7637;494;666;0.0929;98.0611;-0.0458;-0.1647;97.3085;205.3;270.0;270.0;176.6
146.0;3.0375;2.9524;-0.7734;0.7198;537;627;0.1026;99.6260;-0.0534;-0.1867;98.9077;205.6;270.0;270.0;177.4
146.5;3.0545;2.9698;-0.4505;0.7637;515;654;0.1711;101.1527;-0.0534;-0.1867;100.5069;206.4;270.0;270.0;177.4
147.0;3.0728;2.9872;-0.2239;0.7637;539;632;0.0049;102.7634;-0.0611;-0.2086;102.1062;206.7;270.0;270.0;177.6
147.5;3.0911;3.0046;-0.0069;0.7637;546;629;0.0733;104.3282;-0.0687;-0.2086;103.7054;205.9;270.0;270.0;177.1
148.0;3.1076;3.0220;0.2143;0.6291;605;572;0.0635;105.9008;-0.0687;-0.1867;105.3046;204.0;270.0;270.0;177.4
148.5;3.1250;3.0398;0.2843;0.7198;527;652;0.0635;107.4657;-0.0763;-0.1867;106.9038;205.3;270.0;270.0;177.4
149.0;3.1433;3.0572;0.5096;0.6291;601;584;-0.0244;109.1527;-0.0840;-0.1647;108.5030;204.3;270.0;270.0;177.6
149.5;3.1612;3.0742;0.2266;0.6745;537;632;0.0635;110.7176;-0.0840;-0.1647;110.1023;203.2;270.0;270.0;177.1
150.0;3.1795;3.0911;0.3956;0.6745;546;603;0.0635;112.3664;-0.0916;-0.1647;111.7015;203.5;270.0;270.0;176.8
150.5;3.1964;3.1071;0.2376;0.7198;517;617;-0.0929;114.0153;-0.0916;-0.1427;113.3007;204.5;270.0;270.0;176.8
151.0;3.2125;3.1232;0.4712;0.5838;584;535;0.0635;115.5802;-0.0992;-0.1427;114.8999;203.0;270.0;270.0;177.4
151.5;3.2266;3.1383;0.8640;0.6291;519;576;-0.1124;117.2290;-0.0992;-0.0988;116.4991;203.5;270.0;270.0;177.9
152.0;3.2404;3.1534;1.2088;0.5838;552;525;-0.0440;118.7557;-0.0992;-0.0768;118.0984;202.4;270.0;270.0;178.2
152.5;3.2541;3.1680;1.4615;0.5838;537;525;-0.0538;120.3664;-0.1069;-0.0328;119.6976;203.5;270.0;270.0;178.4
153.0;3.2656;3.1822;1.2266;0.5838;521;523;-0.1320;121.9313;-0.1069;0.0111;121.2968;203.5;270.0;270.0;178.4
153.5;3.2766;3.1960;1.3063;0.5398;533;498;-0.0538;123.5420;-0.0992;0.0331;122.8960;203.0;270.0;270.0;178.7
154.0;3.2871;3.2092;1.0179;0.4945;521;500;0.1222;125.1450;-0.0992;0.0770;124.4952;203.0;270.0;270.0;180.0
154.5;3.2967;3.2225;1.0302;0.4945;498;505;-0.0440;126.7557;-0.0992;0.0990;126.0945;202.4;270.0;270.0;179.7
155.0;3.3059;3.2349;0.7830;0.4945;486;505;-0.0342;128.4427;-0.0916;0.1210;127.6937;201.6;270.0;270.0;178.7
155.5;3.3155;3.2473;0.8750;0.4945;484;498;-0.0342;130.0534;-0.0916;0.1430;129.2929;201.4;270.0;270.0;178.4
156.0;3.3251;3.2587;0.6442;0.5398;453;513;-0.0244;131.7405;-0.0840;0.1649;131.6917;201.4;270.0;270.0;178.4
156.5;3.3352;3.2701;0.8118;0.4945;486;472;-0.1124;133.3893;-0.0840;0.1869;133.2909;201.6;270.0;270.0;178.7
157.0;3.3457;3.2811;0.9574;0.4492;484;460;-0.0342;135.1527;-0.0763;0.2089;134.8902;201.9;270.0;270.0;179.5
157.5;3.3558;3.2917;1.0330;0.4038;480;449;-0.0440;136.8473;-0.0687;0.2528;136.4894;201.6;270.0;270.0;180.8
158.0;3.3663;3.3017;0.9245;0.4492;437;476;0.0440;138.5725;-0.0611;0.2748;138.0886;201.9;270.0;270.0;179.5
158.5;3.3773;3.3114;0.3365;0.5398;396;501;0.0635;140.2977;-0.0534;0.2748;139.6878;202.4;270.0;270.0;178.7
159.0;3.3892;3.3205;0.3640;0.5398;417;464;0.0635;142.0305;-0.0382;0.2968;141.2870;202.7;270.0;270.0;178.7
159.5;3.4002;3.3292;0.1195;0.5398;402;460;-0.0049;143.7939;-0.0305;0.2968;143.6859;202.2;270.0;270.0;178.2
160.0;3.4103;3.3379;0.2637;0.5838;380;462;-0.0147;145.4886;-0.0229;0.2968;145.2851;203.5;270.0;270.0;178.4
160.5;3.4199;3.3457;0.1813;0.5838;386;441;-0.0147;147.3359;-0.0153;0.2968;146.8843;203.5;270.0;270.0;178.4
161.0;3.4304;3.3535;0.1635;0.5838;378;431;-0.0929;149.0611;0.0000;0.3187;148.4835;204.0;270.0;270.0;178.4
161.5;3.4418;3.3608;0.0220;0.5838;365;423;-0.0831;150.8702;0.0076;0.3187;150.0827;203.0;270.0;270.0;177.9
162.0;3.4354;3.3672;0.1868;0.5398;384;386;-0.0147;152.6412;0.0153;0.3187;152.4816;201.6;270.0;270.0;177.9
162.5;3.4341;3.3736;0.2995;0.5398;369;398;0.0635;154.4504;0.0305;0.3187;154.0808;204.5;270.0;270.0;177.4
163.0;3.4354;3.3796;0.0810;0.6291;326;429;0.0733;156.1756;0.0382;0.3187;155.6800;203.5;270.0;270.0;177.6
163.5;3.4382;3.3851;0.3077;0.6291;357;392;-0.0147;157.8626;0.0458;0.3407;157.2792;204.0;270.0;270.0;177.4
164.0;3.4418;3.3906;0.1621;0.6291;343;388;-0.0147;159.6336;0.0611;0.3407;158.8785;204.0;270.0;270.0;177.9
164.5;3.4460;3.3951;0.4190;0.6291;343;378;0.1417;161.3206;0.0687;0.3627;161.2773;204.5;270.0;270.0;178.9
165.0;3.4510;3.3993;0.2321;0.5838;345;359;0.1515;163.1679;0.0840;0.3627;162.8765;203.8;270.0;270.0;178.4
165.5;3.4570;3.4034;0.4190;0.6745;296;394;0.0635;164.8931;0.0916;0.3627;164.4757;205.6;270.0;270.0;178.4
166.0;3.4625;3.4066;0.3901;0.6745;316;359;0.0635;166.6260;0.1069;0.3847;166.0750;206.1;270.0;270.0;178.9
166.5;3.4657;3.4098;0.5014;0.5838;341;316;-0.0244;168.3130;0.1145;0.4066;167.6742;204.3;270.0;270.0;178.4
167.0;3.4679;3.4125;0.4396;0.6291;286;355;-0.0244;170.0000;0.1298;0.4066;169.2734;203.8;270.0;270.0;178.2
167.5;3.4684;3.4148;0.5014;0.5838;312;316;0.0538;171.6488;0.1374;0.4286;170.8726;203.0;270.0;270.0;177.4
168.0;3.4693;3.4167;0.7212;0.4945;326;286;0.1320;173.3359;0.1527;0.4506;173.2714;200.3;270.0;270.0;177.6
168.5;3.4698;3.4180;0.4038;0.4945;283;318;0.0635;175.0611;0.1679;0.4506;174.8707;201.6;270.0;270.0;178.7
169.0;3.4698;3.4190;0.5975;0.5398;263;322;0.0538;176.7939;0.1832;0.4726;176.4699;202.2;270.0;270.0;178.2
169.5;3.4689;3.4194;0.4286;0.5398;267;306;0.0635;178.5191;0.1985;0.4945;178.0691;201.9;270.0;270.0;177.9
170.0;3.4684;3.4199;0.7253;0.5398;265;288;-0.0342;180.2061;0.2137;0.5165;179.6683;202.4;270.0;270.0;178.4
170.5;3.4675;3.4194;0.7074;0.4945;275;269;0.0538;181.9389;0.2290;0.5165;181.2675;201.9;270.0;270.0;178.9
171.0;3.4643;3.4190;0.9725;0.4492;277;257;0.0440;183.5878;0.2443;0.5605;182.8667;200.6;270.0;270.0;179.2
171.5;3.4615;3.4176;0.7720;0.4492;251;271;0.0440;185.3130;0.2595;0.5824;185.2656;202.2;270.0;270.0;179.5
172.0;3.4579;3.4162;0.7679;0.4492;247;267;-0.0342;187.0000;0.2824;0.6044;186.8648;202.2;270.0;270.0;180.0
172.5;3.4538;3.4144;0.9986;0.4492;249;255;-0.0342;188.6107;0.2977;0.6264;188.4640;202.2;270.0;270.0;179.7
173.0;3.4483;3.4121;0.9245;0.4492;243;251;-0.0342;190.2977;0.3130;0.6484;190.0632;201.6;270.0;270.0;179.7
173.5;3.4423;3.4093;1.1690;0.4492;245;243;0.0342;191.9466;0.3359;0.6923;191.6625;201.4;270.0;270.0;179.5
174.0;3.4364;3.4061;0.8832;0.3599;265;214;-0.0342;193.6336;0.3588;0.7143;193.2617;199.3;270.0;270.0;180.0
174.5;3.4299;3.4025;1.0646;0.3599;234;232;0.0342;195.3588;0.3817;0.7363;194.8609;200.6;270.0;270.0;180.5
175.0;3.4231;3.3988;0.9203;0.3599;228;232;-0.0342;197.0458;0.4046;0.7802;196.4601;201.6;270.0;270.0;181.6
175.5;3.4153;3.3942;1.0879;0.3599;228;224;-0.1222;198.6947;0.4275;0.8022;198.0593;201.4;270.0;270.0;181.3
176.0;3.4071;3.3897;1.2582;0.2692;257;187;-0.0538;200.3817;0.4504;0.8461;199.6586;199.5;270.0;270.0;181.8
176.5;3.3984;3.3846;1.5412;0.1799;263;171;-0.1417;202.0305;0.4733;0.8901;201.2578;197.4;270.0;270.0;181.6
177.0;3.3897;3.3787;1.5014;0.1346;245;183;-0.0538;203.6412;0.4962;0.9340;202.8570;197.2;270.0;270.0;181.6
177.5;3.3814;3.3727;1.3942;0.1799;210;208;-0.0538;205.3282;0.5267;0.9560;205.2558;198.5;270.0;270.0;183.4
178.0;3.3723;3.3663;1.6360;0.0893;255;153;-0.0635;206.9313;0.5573;1.0219;206.8550;195.6;270.0;270.0;182.1
178.5;3.3640;3.3594;1.4368;0.0000;249;153;-0.0538;208.6183;0.5878;1.0439;208.4543;193.2;270.0;270.0;181.6
179.0;3.3549;3.3521;1.5865;0.0000;222;171;-0.0635;210.2290;0.6183;1.0878;210.0535;192.7;270.0;270.0;182.1
179.5;3.3448;3.3448;1.1442;-0.1360;249;134;0.0342;211.7939;0.6489;1.1318;211.6527;190.0;270.0;270.0;181.6
180.0;3.3342;3.3365;0.9904;-0.2253;230;144;-0.0440;213.4809;0.6794;1.1538;213.2519;188.2;270.0;270.0;182.9
180.5;3.3237;3.3278;0.5879;-0.2706;202;161;0.0538;215.1298;0.7176;1.1757;214.8512;186.6;270.0;270.0;182.9
181.0;3.3150;3.3191;0.5288;-0.3159;196;157;0.0538;216.8550;0.7481;1.1977;216.4504;185.5;270.0;270.0;182.1
181.5;3.3063;3.3100;0.6140;-0.4052;208;134;0.0538;218.5038;0.7863;1.2197;218.0496;183.7;270.0;270.0;181.8
182.0;3.2985;3.2999;0.6236;-0.4505;191;140;-0.0244;220.1908;0.8244;1.2197;219.6488;182.1;270.0;270.0;180.3
182.5;3.2903;3.2898;0.5920;-0.4505;169;146;-0.0244;221.8015;0.8550;1.2417;221.2480;180.0;270.0;270.0;178.9
183.0;3.2825;3.2793;0.1429;-0.4505;152;150;-0.0929;223.5267;0.8931;1.2417;222.8472;178.9;270.0;270.0;177.4
183.5;3.2752;3.2683;0.3997;-0.4052;136;150;-0.0147;225.2137;0.9313;1.2636;224.4465;177.9;270.0;270.0;175.2
184.0;3.2683;3.2569;0.0577;-0.1813;60;208;-0.0049;226.9008;0.9695;1.2636;226.8453;180.0;270.0;270.0;173.1
184.5;3.2592;3.2454;0.3146;-0.0453;81;171;-0.0147;228.5878;1.0076;1.2636;228.4445;181.1;270.0;270.0;170.8
185.0;3.2495;3.2331;-0.0673;0.0893;62;177;0.0733;230.2366;1.0458;1.2636;230.0437;182.6;270.0;270.0;169.4
185.5;3.2390;3.2207;-0.1126;0.2692;34;189;0.1613;231.9237;1.0840;1.2636;231.6429;194.5;270.0;270.0;168.4
186.0;3.2289;3.2074;-0.3915;0.6690;-54;263;0.0049;233.5343;1.1145;1.2636;233.2422;198.7;270.0;270.0;168.4
186.5;3.2184;3.1941;0.0137;1.0687;-64;257;0.0733;235.2595;1.1527;1.2636;234.8414;206.4;270.0;270.0;167.1
187.0;3.2070;3.1804;0.5014;1.3489;-30;210;0.0538;236.8244;1.1908;1.2636;235.6410;215.9;270.0;270.0;166.8
187.5;3.1941;3.1658;0.5659;1.2596;75;87;0.0538;238.4733;1.2290;1.2856;237.2402;225.9;270.0;270.0;167.6
188.0;3.1809;3.1511;1.0783;1.0797;112;34;0.0342;240.0382;1.2672;1.3076;238.8394;237.8;270.0;270.0;169.2
188.5;3.1658;3.1360;1.0893;0.8997;109;24;0.2004;241.5267;1.2977;1.3515;240.4387;253.4;270.0;270.0;171.3
189.0;3.1479;3.1209;1.8448;0.6291;153;-32;0.0929;242.9771;1.3359;1.3955;242.0379;265.5;270.0;270.0;174.7
189.5;3.1282;3.1049;1.8791;0.2294;198;-89;0.0147;244.3817;1.3664;1.4614;242.8375;270.0;270.0;270.0;180.0
190.0;3.1062;3.0884;2.2734;0.0000;161;-58;0.0733;245.8244;1.4046;1.5273;244.4367;270.0;270.0;270.0;185.0
190.5;3.0833;3.0719;1.8173;-0.4011;206;-110;0.0147;247.1527;1.4427;1.5713;246.0359;270.0;270.0;270.0;189.0
191.0;3.0604;3.0545;1.4327;-0.8008;206;-116;-0.0538;248.6031;1.4809;1.6152;247.6351;270.0;270.0;270.0;192.1
191.5;3.0357;3.0371;0.9162;-0.9904;136;-50;-0.2786;249.9237;1.5191;1.6372;248.4348;270.0;270.0;270.0;193.5
192.0;3.0110;3.0197;0.9423;-0.9904;81;7;-0.3568;250.2672;1.5573;1.6592;250.0340;270.0;270.0;270.0;193.5
192.5;2.9849;3.0018;1.1277;-0.9011;60;34;-0.2884;250.2672;1.6031;1.7031;251.6332;270.0;270.0;270.0;192.9
193.0;2.9592;2.9844;0.5673;-0.9011;77;22;-0.2688;250.2672;1.6412;1.7251;252.4328;270.0;270.0;270.0;192.4
193.5;2.9327;2.9670;0.7624;-0.8104;56;50;-0.1906;250.2672;1.6794;1.7471;254.0320;270.0;270.0;270.0;191.6
194.0;2.9075;2.9496;0.1484;-0.7212;44;69;-0.2493;250.2672;1.7176;1.7471;255.6312;270.0;270.0;270.0;190.8
194.5;2.8823;2.9322;0.2418;-0.6305;48;71;-0.1711;250.2672;1.7634;1.7471;256.4308;270.0;270.0;270.0;189.5
195.0;2.8576;2.9144;-0.0907;-0.5412;38;85;-0.0049;250.2672;1.8015;1.7471;258.0301;270.0;270.0;270.0;188.4
195.5;2.8315;2.8970;-0.0742;-0.5412;67;62;0.1613;250.2672;1.8397;1.7471;259.6293;270.0;270.0;270.0;188.4
196.0;2.8054;2.8796;-0.6401;-0.6305;87;50;0.1026;250.2672;1.8779;1.7251;260.4289;270.0;270.0;270.0;189.5
196.5;2.7811;2.8622;-1.2321;0.0000;-152;296;0.0342;250.2672;1.9160;1.6811;262.0281;270.0;270.0;270.0;189.2
197.0;2.7587;2.8443;-1.1016;0.0000;40;112;-0.0440;250.2672;1.9542;1.6592;262.8277;270.0;270.0;270.0;188.4
197.5;2.7358;2.8269;-1.5220;0.0000;32;122;0.1320;250.2672;1.9924;1.6152;264.4269;270.0;270.0;270.0;188.2
198.0;2.7138;2.8095;-1.1538;0.0000;42;114;0.2004;250.2672;2.0305;1.5713;266.0262;270.0;270.0;270.0;189.5
198.5;2.6937;2.7921;-1.2912;0.0000;40;118;-0.0440;250.2672;2.0687;1.5493;266.8258;270.0;270.0;270.0;189.0
199.0;2.6745;2.7747;-0.6937;0.0000;56;105;0.0244;250.2672;2.1069;1.5273;268.4250;270.0;270.0;270.0;188.4
199.5;2.6557;2.7569;-0.6332;0.0000;58;105;0.0147;250.2672;2.1374;1.5053;270.0242;270.0;270.0;270.0;187.9
200.0;2.6374;2.7399;0.2033;0.0000;83;89;-0.0929;250.2672;2.1756;1.5053;270.8238;270.0;270.0;270.0;188.4
200.5;2.6186;2.7234;0.8475;0.0000;103;79;-0.0342;250.2672;2.2061;1.5273;272.4230;270.0;270.0;270.0;188.2
201.0;2.6007;2.7070;1.3558;0.0000;120;73;-0.0538;250.2672;2.2443;1.5713;274.0223;270.0;270.0;270.0;188.4
201.5;2.5838;2.6909;1.3736;0.0000;126;77;-0.0538;250.2672;2.2824;1.6152;274.8219;270.0;270.0;270.0;190.0
202.0;2.5664;2.6758;1.2665;0.0000;128;87;-0.1320;250.2672;2.3206;1.6592;276.4211;270.0;270.0;270.0;190.3
202.5;2.5490;2.6607;1.5234;0.0000;140;85;-0.1417;250.2672;2.3588;1.7031;278.0203;270.0;270.0;270.0;190.8
203.0;2.5330;2.6461;1.2720;0.0000;140;99;0.0342;250.2672;2.3969;1.7251;278.8199;270.0;270.0;270.0;190.8
203.5;2.5179;2.6319;1.5618;0.0000;152;97;-0.0635;250.2672;2.4351;1.7690;280.4192;270.0;270.0;270.0;190.0
204.0;2.5032;2.6181;1.1470;0.0000;146;112;0.0342;250.2672;2.4733;1.8130;281.2188;270.0;270.0;270.0;189.8
204.5;2.4881;2.6049;1.1868;0.0000;152;114;-0.0440;250.2672;2.5115;1.8350;282.8180;270.0;270.0;270.0;190.3
205.0;2.4730;2.5916;0.8173;0.0000;150;130;0.0440;250.2672;2.5573;1.8569;283.6176;270.0;270.0;270.0;191.3
205.5;2.4592;2.5792;0.9341;0.0000;157;134;-0.0342;250.2672;2.5954;1.9009;285.2168;270.0;270.0;270.0;191.1
206.0;2.4464;2.5668;1.0549;0.0000;165;136;0.0342;250.2672;2.6412;1.9228;286.8160;270.0;270.0;270.0;191.6
206.5;2.4345;2.5554;0.6071;0.0000;159;152;0.0538;250.2672;2.6794;1.9448;287.6156;270.0;270.0;270.0;190.8
207.0;2.4231;2.5440;0.6415;0.0000;165;155;-0.0244;250.2672;2.7252;1.9668;289.2148;270.0;270.0;270.0;192.1
207.5;2.4135;2.5330;0.4258;0.0000;163;165;0.0635;250.2672;2.7710;1.9668;290.0145;270.0;270.0;270.0;191.6
208.0;2.4052;2.5224;0.7830;0.0000;179;161;-0.0342;250.2672;2.8168;1.9888;291.6137;270.0;270.0;270.0;191.9
208.5;2.3974;2.5124;0.5522;0.0000;177;169;-0.0244;250.2672;2.8626;2.0107;293.2129;270.0;270.0;270.0;192.9
209.0;2.3901;2.5027;0.9973;0.0000;191;161;-0.1222;250.2672;2.9084;2.0327;294.0125;270.0;270.0;270.0;192.1
209.5;2.3842;2.4936;0.6662;0.0000;187;175;0.0538;250.2672;2.9542;2.0547;295.6117;270.0;270.0;270.0;193.5
210.0;2.3800;2.4849;0.6607;0.0000;189;177;-0.0244;250.2672;3.0000;2.0767;297.2109;270.0;270.0;270.0;192.4
210.5;2.3764;2.4762;0.4657;0.0000;187;185;-0.0244;250.2672;3.0534;2.0986;298.0106;270.0;270.0;270.0;192.4
211.0;2.3723;2.4684;0.5577;0.0000;193;183;-0.0244;250.2672;3.0992;2.0986;299.6098;270.0;270.0;270.0;192.4
211.5;2.3690;2.4606;0.7692;0.0000;200;183;-0.0342;250.2672;3.1450;2.1206;300.4094;270.0;270.0;270.0;192.4
212.0;2.3668;2.4538;0.4038;0.0000;193;193;-0.0147;250.2672;3.1985;2.1426;302.0086;270.0;270.0;270.0;192.7
212.5;2.3649;2.4469;0.5110;0.0000;200;193;-0.1026;250.2672;3.2443;2.1646;303.6078;270.0;270.0;270.0;192.9
213.0;2.3645;2.4405;0.2266;0.0000;195;202;-0.0929;250.2672;3.2977;2.1646;304.4074;270.0;270.0;270.0;192.9
213.5;2.3640;2.4345;0.5604;0.0000;204;195;-0.0244;250.2672;3.3511;2.1865;306.0067;270.0;270.0;270.0;193.2
214.0;2.3631;2.4290;0.4670;0.0000;204;198;-0.1026;250.2672;3.3969;2.1865;307.6059;270.0;270.0;270.0;194.0
214.5;2.3636;2.4240;0.7418;0.0000;212;195;-0.0342;250.2672;3.4504;2.2085;308.4055;270.0;270.0;270.0;194.8
215.0;2.3640;2.4190;0.4959;0.0000;210;202;-0.0244;250.2672;3.5038;2.2305;310.0047;270.0;270.0;270.0;195.6
215.5;2.3645;2.4148;0.3104;0.0000;206;208;0.0635;250.2672;3.5496;2.2305;311.6039;270.0;270.0;270.0;195.3
216.0;2.3654;2.4107;0.1099;0.0000;204;216;-0.0049;250.2672;3.6031;2.2305;312.4035;270.0;270.0;270.0;195.3
216.5;2.3668;2.4075;0.0783;0.0000;206;220;-0.0049;250.2672;3.6565;2.2305;314.0027;270.0;270.0;270.0;195.3
217.0;2.3690;2.4043;0.2747;0.0000;214;218;-0.0147;250.2672;3.7099;2.2525;315.6020;270.0;270.0;270.0;195.6
217.5;2.3718;2.4016;-0.0343;0.0000;208;226;0.0733;250.2672;3.7557;2.2525;316.4016;270.0;270.0;270.0;195.8
218.0;2.3745;2.3997;0.1813;0.0000;218;226;0.0733;250.2672;3.8092;2.2525;318.0008;270.0;270.0;270.0;195.0
218.5;2.3768;2.3997;-0.1250;0.0000;236;257;0.0831;250.2672;3.8626;2.2525;319.6000;270.0;270.0;270.0;195.3
219.0;2.3796;2.3997;0.3063;0.0000;245;245;-0.0147;250.2672;3.9160;2.2525;320.3996;270.0;270.0;270.0;194.5
219.5;2.3819;2.3997;0.4712;0.0000;247;239;-0.0244;250.2672;3.9618;2.2744;321.9988;270.0;270.0;270.0;196.1
220.0;2.3855;2.3997;0.7665;0.0000;253;232;-0.0342;250.2672;4.0153;2.2964;322.7985;270.0;270.0;270.0;195.8
220.5;2.3887;2.3997;0.7060;0.0000;247;230;0.0538;250.2672;4.0611;2.3184;324.3977;270.0;270.0;270.0;195.8
221.0;2.3924;2.3997;0.3393;0.0000;238;238;0.0635;250.2672;4.1145;2.3184;325.1973;270.0;270.0;270.0;195.8
221.5;2.3951;2.3997;0.4849;0.0000;238;232;0.0538;250.2672;4.1679;2.3404;326.7965;270.0;270.0;270.0;196.9
222.0;2.3979;2.3997;0.2500;0.0000;230;236;-0.0147;250.2672;4.2137;2.3404;327.5961;270.0;270.0;270.0;197.9
222.5;2.4011;2.3997;0.3448;0.0000;230;230;-0.0147;250.2672;4.2672;2.3623;329.1953;270.0;270.0;270.0;197.4
223.0;2.4038;2.3997;0.1772;0.0000;224;232;-0.0147;250.2672;4.3206;2.3623;330.7946;270.0;270.0;270.0;196.4
223.5;2.4066;2.3997;0.3173;0.0000;226;228;0.0635;250.2672;4.3740;2.3623;331.5942;270.0;270.0;270.0;196.1
224.0;2.4093;2.3997;0.1099;0.0247;146;302;0.0733;1.2443;0.0000;-0.0109;0.5557;270.0;270.0;270.0;197.7
224.5;2.4121;2.3997;0.3544;0.0742;142;302;0.0635;2.4886;0.0000;-0.0109;2.1549;270.0;270.0;270.0;197.2
225.0;2.4135;2.3997;0.2995;0.1497;128;314;-0.0147;3.7710;0.0000;0.0111;3.7542;270.0;270.0;270.0;197.4
225.5;2.4148;2.3997;0.3613;0.2500;118;320;0.0635;5.0229;0.0000;0.0111;4.5538;270.0;270.0;270.0;197.2
226.0;2.4162;2.3997;0.2734;0.3750;103;333;0.0635;6.2672;0.0000;0.0331;6.1530;270.0;270.0;270.0;197.7
226.5;2.4185;2.3997;-0.0261;0.5247;83;353;0.1613;7.5496;0.0000;0.0331;6.9526;270.0;270.0;270.0;197.4
227.0;2.4190;2.3997;0.5055;0.6992;128;304;0.2199;8.7176;0.0000;0.0331;8.5518;270.0;270.0;270.0;199.0
227.5;2.4180;2.3997;0.3723;0.8997;65;367;0.1417;9.9237;0.0000;0.0551;9.3514;270.0;270.0;270.0;199.0
228.0;2.4176;2.3997;0.9423;1.1250;112;320;0.0440;11.1679;0.0000;0.0770;10.9506;270.0;270.0;270.0;199.3
228.5;2.4180;2.3997;1.1415;1.3750;103;327;0.0342;12.4122;0.0076;0.1210;11.7503;270.0;270.0;270.0;200.1
229.0;2.4185;2.3997;1.5783;1.6497;99;333;0.1026;13.6183;0.0076;0.1649;13.3495;270.0;270.0;270.0;199.8
229.5;2.4199;2.3997;1.7294;1.9492;85;343;0.0929;14.9084;0.0153;0.2089;14.1491;270.0;270.0;270.0;200.1
230.0;2.4208;2.3997;2.3613;2.2747;83;343;-0.0049;16.0687;0.0153;0.2748;15.7483;270.0;270.0;270.0;200.1
230.5;2.4212;2.3997;3.1827;2.6250;87;341;0.1222;17.3206;0.0229;0.3627;16.5479;270.0;270.0;270.0;201.9
231.0;2.4217;2.3997;3.3764;3.0000;71;353;0.0342;18.5267;0.0305;0.4506;18.1471;270.0;270.0;270.0;203.2
231.5;2.4208;2.3997;4.1319;3.3997;71;353;0.0147;19.6489;0.0458;0.5824;18.9467;270.0;270.0;270.0;204.0
232.0;2.4194;2.3997;4.2637;3.8242;58;370;0.0049;20.8550;0.0534;0.6923;20.5460;270.0;270.0;270.0;204.8
232.5;2.4171;2.3997;5.0124;4.2747;56;370;-0.0147;21.9771;0.0763;0.8461;21.3456;270.0;270.0;270.0;206.4
233.0;2.4144;2.3997;5.4327;4.7500;48;382;0.0440;23.1450;0.0916;0.9999;22.9448;270.0;270.0;270.0;207.2
233.5;2.4121;2.3997;5.9753;5.2500;40;396;0.0342;24.3130;0.1145;1.1757;23.7444;270.0;270.0;270.0;208.5
234.0;2.4103;2.3997;6.2294;5.7747;24;412;0.1026;25.5191;0.1374;1.3515;25.3436;270.0;270.0;270.0;209.6
234.5;2.4093;2.3997;6.6126;6.3242;13;427;0.0831;26.7252;0.1679;1.5273;26.1432;270.0;270.0;270.0;210.9
235.0;2.4093;2.3997;6.9684;6.8997;-1;445;-0.0147;27.9695;0.2061;1.7471;27.7425;270.0;270.0;270.0;211.4
235.5;2.4080;2.3997;7.4766;7.5000;-13;457;0.0538;29.0916;0.2443;1.9448;28.5421;270.0;270.0;270.0;215.4
236.0;2.4057;2.3997;8.3132;8.1250;-17;462;0.1906;30.2137;0.2824;2.1865;30.1413;270.0;270.0;270.0;218.0
236.5;2.4034;2.3997;8.6209;8.7747;-32;486;0.0929;31.3817;0.3282;2.4502;30.9409;270.0;270.0;270.0;219.9
237.0;2.4016;2.3997;9.4657;9.4245;-28;486;0.1417;32.5878;0.3893;2.7139;32.5401;270.0;270.0;270.0;223.0
237.5;2.4002;2.3997;9.8819;10.0742;-36;494;0.1417;33.7863;0.4427;2.9996;33.3397;270.0;270.0;270.0;224.6
238.0;2.3988;2.3997;10.7006;10.7239;-32;494;0.2590;34.9924;0.5115;3.3072;34.9389;270.0;270.0;270.0;225.1
238.5;2.3979;2.3997;11.6758;11.3750;-26;490;0.2297;36.1985;0.5878;3.6368;35.7386;270.0;270.0;270.0;226.2
239.0;2.3965;2.3997;12.4698;12.0247;-24;490;0.2004;37.3969;0.6641;3.9884;37.3378;270.0;270.0;270.0;224.9
239.5;2.3965;2.3997;13.1484;12.6745;-26;492;0.1711;38.6794;0.7634;4.3839;38.1374;270.0;270.0;270.0;222.0
240.0;2.3974;2.3997;13.6923;13.3242;-30;498;0.1613;39.8855;0.8550;4.7575;39.7366;270.0;270.0;270.0;221.2
240.5;2.3979;2.3997;14.6717;13.9739;-24;490;0.2102;41.1221;0.9618;5.1750;40.5362;270.0;270.0;270.0;219.3
241.0;2.3988;2.3997;15.0810;14.6236;-34;498;0.1808;42.3664;1.0840;5.6145;42.1354;270.0;270.0;270.0;218.8
241.5;2.4011;2.3997;15.9478;15.2747;-30;494;0.1711;43.6031;1.2061;6.0540;42.9350;270.0;270.0;270.0;219.9
242.0;2.4029;2.3997;16.4121;15.9121;-34;498;0.2004;44.8855;1.3511;6.5594;44.5343;270.0;260.8;270.0;224.3
242.5;2.4043;2.3997;17.2404;16.5371;-28;488;0.1320;46.0382;1.4886;7.0208;45.3339;270.0;247.6;270.0;231.5
243.0;2.4057;2.3997;17.6690;17.1497;-32;490;0.2688;47.2748;1.6489;7.5262;46.9331;270.0;236.5;270.0;242.0
243.5;2.4075;2.3997;18.1745;17.7486;-34;488;0.2395;48.5115;1.8168;8.0536;48.5323;270.0;224.6;270.0;253.6
244.0;2.4098;2.3997;19.0096;18.3365;-26;480;0.1906;49.8244;2.0076;8.6249;49.3319;270.0;214.0;270.0;266.3
244.5;2.4125;2.3997;19.5426;18.9121;-26;476;0.2786;51.0916;2.2061;9.1743;50.9311;270.0;208.0;270.0;270.0
245.0;2.4158;2.3997;20.1717;19.4739;-24;470;0.2688;52.3588;2.4198;9.7456;51.7307;270.0;202.2;270.0;270.0
245.5;2.4180;2.3997;20.4849;20.0247;-30;472;0.1515;53.5878;2.6336;10.3389;53.3300;270.0;200.1;270.0;270.0
246.0;2.4208;2.3997;21.1772;20.5618;-26;464;0.1417;54.8168;2.8702;10.9322;54.9292;270.0;200.3;270.0;270.0
246.5;2.4222;2.3997;21.3269;21.0865;-34;470;0.2004;56.0763;3.1145;11.5475;55.7288;270.0;204.3;270.0;270.0
247.0;2.4235;2.3997;22.0632;21.5989;-28;462;0.2102;57.2519;3.3664;12.1627;57.3280;270.0;210.4;270.0;270.0
247.5;2.4249;2.3997;22.5179;22.0989;-26;458;0.1711;58.5115;3.6412;12.8220;58.1276;270.0;219.9;270.0;270.0
248.0;2.4258;2.3997;23.0646;22.5865;-24;455;0.1515;59.6870;3.9160;13.4812;59.7268;270.0;234.4;270.0;270.0
248.5;2.4272;2.3997;23.5865;23.0618;-21;449;0.1124;60.9313;4.2290;14.1624;60.5265;270.0;252.8;270.0;270.0
249.0;2.4290;2.3997;24.0632;23.5247;-19;445;0.0538;62.1374;4.5420;14.8436;62.1257;270.0;270.0;270.0;270.0
249.5;2.4304;2.3997;24.8159;23.9739;-11;431;0.0929;63.3053;4.8550;15.5467;62.9253;270.0;270.0;270.0;270.0
250.0;2.4309;2.3997;25.1415;24.4121;-11;429;0.0635;64.5420;5.2061;16.2939;64.5245;270.0;270.0;270.0;270.0
250.5;2.4309;2.3997;25.7088;24.8365;-5;425;0.1613;65.6565;5.5420;17.0190;66.1237;270.0;270.0;270.0;270.0
251.0;2.4304;2.3997;25.8668;25.2500;-9;427;0.1026;66.8473;5.9160;17.7661;66.9233;270.0;270.0;270.0;270.0
251.5;2.4295;2.3997;26.3626;25.6497;-5;421;0.0635;67.9160;6.2672;18.5132;68.5226;270.0;270.0;270.0;270.0
252.0;2.4281;2.3997;26.4615;26.0371;-9;427;0.1124;69.0916;6.6718;19.2603;69.3222;270.0;270.0;270.0;270.0
252.5;2.4267;2.3997;26.8434;26.4121;-5;423;0.0929;70.2672;7.0916;20.0294;70.9214;270.0;270.0;270.0;270.0
253.0;2.4258;2.3997;27.4162;26.7747;3;415;0.2199;71.4351;7.5267;20.8425;71.7210;270.0;270.0;270.0;270.0
253.5;2.4254;2.3997;27.6277;27.1250;3;415;0.0831;72.5954;7.9771;21.6335;73.3202;270.0;270.0;270.0;270.0
254.0;2.4249;2.3997;28.1552;27.4615;11;408;-0.0147;73.7099;8.4275;22.4246;74.1198;270.0;270.0;270.0;270.0
254.5;2.4231;2.3997;28.4506;27.7871;15;406;0.0538;74.7863;8.8779;23.2376;75.7190;270.0;270.0;270.0;270.0
255.0;2.4217;2.3997;29.2541;28.0989;30;392;0.0929;75.8931;9.3664;24.0727;76.5187;270.0;270.0;270.0;270.0
255.5;2.4203;2.3997;29.7857;28.3997;40;382;-0.0440;77.0229;9.8779;24.9516;78.1179;270.0;270.0;270.0;270.0
256.0;2.4180;2.3997;30.4725;28.6868;54;369;0.0049;78.0076;10.3435;25.8086;78.9175;270.0;270.0;270.0;270.0
256.5;2.4158;2.3997;30.5824;28.9615;54;370;-0.0244;79.0534;10.8626;26.6656;80.5167;270.0;270.0;270.0;270.0
257.0;2.4125;2.3997;30.8544;29.2239;58;369;-0.0440;80.0840;11.3893;27.5665;81.3163;270.0;270.0;270.0;270.0
257.5;2.4093;2.3997;31.4176;29.4739;71;359;-0.0831;81.1145;11.9389;28.4675;82.1159;270.0;270.0;270.0;270.0
258.0;2.4066;2.3997;31.5604;29.7115;73;359;-0.0635;82.1374;12.5038;29.3684;83.7151;270.0;270.0;270.0;270.0
258.5;2.4034;2.3997;32.0096;29.9368;83;353;0.0244;83.1145;13.0611;30.2693;84.5147;270.0;270.0;270.0;270.0
259.0;2.4006;2.3997;31.6690;30.1497;75;365;0.0929;84.1145;13.6565;31.1922;86.1140;270.0;270.0;270.0;270.0
259.5;2.3984;2.3997;31.9629;30.3489;81;361;0.0733;85.1069;14.2748;32.0932;86.9136;270.0;270.0;270.0;270.0
260.0;2.3965;2.3997;31.7967;30.5371;77;369;-0.0049;86.1221;14.9237;33.0161;88.5128;270.0;270.0;270.0;270.0
260.5;2.3951;2.3997;32.0989;30.7115;83;363;0.0929;87.0916;15.5649;33.9170;89.3124;270.0;270.0;270.0;270.0
261.0;2.3942;2.3997;32.3338;30.8750;91;357;-0.0147;88.0916;16.2443;34.8619;90.9116;270.0;270.0;270.0;270.0
261.5;2.3929;2.3997;32.8077;31.0247;103;349;0.0440;89.0382;16.9160;35.8068;91.7112;270.0;270.0;255.2;270.0
262.0;2.3919;2.3997;32.7528;31.1621;101;351;0.1906;90.0458;17.6565;36.7736;93.3105;270.0;270.0;242.6;270.0
262.5;2.3929;2.3997;32.7074;31.2871;101;353;0.0733;91.0382;18.4122;37.6965;94.1101;270.0;270.0;224.1;270.0
263.0;2.3942;2.3997;33.0673;31.3997;110;343;0.1515;91.9847;19.1527;38.6194;95.7093;270.0;270.0;213.3;270.0
263.5;2.3951;2.3997;32.9602;31.5000;107;343;0.0440;92.9542;19.9389;39.5643;96.5089;270.0;270.0;202.2;270.0
264.0;2.3965;2.3997;33.2280;31.5865;114;335;0.1222;93.8702;20.7176;40.5092;98.1081;270.0;270.0;187.9;270.0
264.5;2.3979;2.3997;32.8585;31.6621;107;341;0.0147;94.8168;21.5344;41.4980;98.9077;270.0;270.0;173.4;270.0
265.0;2.3984;2.3997;32.8778;31.7239;109;337;0.0831;95.6794;22.3130;42.3990;100.5069;270.0;270.0;159.7;270.0
265.5;2.3993;2.3997;32.5989;31.7747;103;343;0.1515;96.5649;23.1374;43.3439;101.3066;270.0;270.0;151.0;270.0
266.0;2.3988;2.3997;32.7074;31.8118;109;337;0.1320;97.4351;23.9695;44.2887;102.9058;270.0;270.0;143.0;270.0
266.5;2.3988;2.3997;32.7170;31.8365;112;333;0.1906;98.3206;24.8473;45.2336;103.7054;270.0;270.0;137.8;270.0
267.0;2.3988;2.3997;32.4025;31.8489;109;339;0.0831;99.1298;25.6794;46.1565;105.3046;270.0;270.0;134.1;270.0
267.5;2.3984;2.3997;32.3434;31.8489;110;335;0.0929;99.9313;26.5267;47.0575;106.1042;270.0;270.0;131.7;270.0
268.0;2.3979;2.3997;32.0618;31.8365;107;337;0.1613;100.7481;27.4198;47.9804;107.7034;270.0;270.0;132.2;270.0
268.5;2.3974;2.3997;32.3778;31.8118;120;327;0.0635;101.5191;28.2901;48.9033;108.5030;270.0;270.0;140.7;270.0
269.0;2.3970;2.3997;32.1690;31.7747;120;326;0.0440;102.3282;29.2366;49.8482;110.1023;270.0;270.0;160.5;270.0
269.5;2.3961;2.3997;32.4162;31.7239;134;316;0.0147;103.0534;30.0992;50.7711;110.9019;270.0;270.0;196.4;232.8
270.0;2.3951;2.3997;32.1291;31.6621;132;318;0.1613;103.8015;31.0382;51.6720;112.5011;270.0;270.0;252.3;180.3
270.5;2.3933;2.3997;32.0426;31.5865;136;314;0.0635;104.5191;31.9618;52.6169;113.3007;270.0;270.0;270.0;150.4
271.0;2.3910;2.3997;31.7527;31.5000;136;316;0.0049;105.1985;32.8626;53.5178;114.8999;270.0;270.0;270.0;132.5
271.5;2.3878;2.3997;31.8571;31.3997;148;308;0.0831;105.8779;33.8015;54.4407;115.6995;270.0;270.0;270.0;124.0
272.0;2.3851;2.3997;31.9093;31.2871;157;300;0.1026;106.5496;34.7557;55.3417;117.2988;270.0;270.0;270.0;123.5
272.5;2.3814;2.3997;31.7651;31.1621;163;298;0.0049;107.1832;35.6870;56.2426;118.0984;270.0;270.0;270.0;131.2
273.0;2.3777;2.3997;31.7706;31.0247;175;292;0.0049;107.8015;36.6260;57.1435;118.8980;270.0;270.0;270.0;149.4
273.5;2.3741;2.3997;31.5549;30.8750;179;292;0.0733;108.4275;37.6107;58.0664;120.4972;270.0;270.0;270.0;183.4
274.0;2.3709;2.3997;31.7871;30.7115;195;281;-0.0635;109.0305;38.6107;58.9674;121.2968;270.0;270.0;270.0;237.8
274.5;2.3672;2.3997;31.3338;30.5371;195;284;0.1124;109.6260;39.6107;59.8683;122.8960;270.0;270.0;270.0;270.0
275.0;2.3640;2.3997;31.3187;30.3489;204;279;0.0147;110.2214;40.6565;60.7693;123.6956;270.0;270.0;270.0;270.0
275.5;2.3599;2.3997;30.9203;30.1497;206;281;-0.0440;110.7481;41.6107;61.6702;125.2948;270.0;270.0;270.0;270.0
276.0;2.3558;2.3997;30.6868;29.9368;214;279;-0.0342;111.2901;42.6412;62.5491;126.0945;270.0;270.0;270.0;270.0
276.5;2.3516;2.3997;30.5865;29.7115;226;275;-0.0049;111.7863;43.6107;63.4061;126.8941;270.0;270.0;270.0;270.0
277.0;2.3484;2.3997;30.4780;29.4739;236;269;0.0440;112.3130;44.6870;64.2851;128.4933;270.0;270.0;270.0;270.0
277.5;2.3457;2.3997;30.2775;29.2239;243;265;-0.1026;112.7939;45.7099;65.1421;129.2929;270.0;270.0;270.0;270.0
278.0;2.3429;2.3997;30.0371;28.9615;251;261;-0.1906;113.2748;46.7710;66.0210;130.8921;270.0;270.0;270.0;270.0
278.5;2.3407;2.3997;29.9821;28.6868;265;251;-0.0831;113.7252;47.8015;66.8780;131.6917;270.0;270.0;270.0;270.0
279.0;2.3375;2.3997;29.4945;28.3997;267;253;-0.0538;114.1603;48.8397;67.7130;133.2909;270.0;270.0;270.0;270.0
279.5;2.3338;2.3997;29.3365;28.0989;277;247;-0.1613;114.5649;49.8473;68.5480;134.0906;270.0;270.0;270.0;270.0
280.0;2.3297;2.3997;28.6909;27.7871;277;253;-0.1320;114.9542;50.8550;69.3831;134.8902;270.0;270.0;270.0;270.0
280.5;2.3265;2.3997;28.3970;27.4615;286;249;-0.1026;115.3588;51.9542;70.1961;136.4894;270.0;270.0;270.0;270.0
281.0;2.3237;2.3997;27.7308;27.1250;286;255;-0.0929;115.7405;53.0534;70.9872;137.2890;270.0;270.0;270.0;270.0
281.5;2.3219;2.3997;27.3805;26.7747;292;251;-0.0831;116.1145;54.1527;71.7563;138.8882;270.0;270.0;270.0;270.0
282.0;2.3210;2.3997;27.2006;26.4121;306;243;-0.2395;116.4733;55.2672;72.5473;139.6878;270.0;270.0;270.0;270.0
282.5;2.3214;2.3997;27.0412;26.0371;316;234;-0.0831;116.8397;56.4580;73.3384;141.2870;270.0;270.0;270.0;270.0
283.0;2.3228;2.3997;26.8104;25.6497;326;224;-0.1222;117.1756;57.6107;74.0855;142.0867;270.0;270.0;270.0;270.0
283.5;2.3251;2.3997;26.3503;25.2500;329;220;-0.2004;117.5115;58.8168;74.8326;143.6859;270.0;270.0;270.0;270.0
284.0;2.3274;2.3997;26.3159;24.8365;345;204;-0.2199;117.8244;60.0229;75.6017;144.4855;270.0;270.0;270.0;270.0
284.5;2.3310;2.3997;25.7761;24.4121;345;202;-0.0831;118.1374;61.2672;76.3269;146.0847;270.0;270.0;270.0;270.0
285.0;2.3347;2.3997;25.5220;23.9739;355;191;-0.0440;118.4275;62.4809;77.0959;147.6839;270.0;270.0;270.0;270.0
285.5;2.3384;2.3997;24.6181;23.5247;345;196;-0.0342;118.6870;63.6565;77.7771;148.4835;270.0;270.0;270.0;270.0
286.0;2.3416;2.3997;23.6580;23.0618;335;202;0.0538;118.9466;64.8779;78.4583;150.0827;270.0;270.0;270.0;270.0
286.5;2.3429;2.3997;22.6635;22.5865;327;208;0.0049;119.1603;65.9771;79.0956;150.8824;270.0;270.0;270.0;270.0
287.0;2.3439;2.3997;22.0014;22.0989;327;208;0.0147;119.3817;67.1679;79.7328;152.4816;270.0;270.0;270.0;270.0
287.5;2.3434;2.3997;21.6676;21.5989;335;196;-0.0342;119.5878;68.3130;80.3701;153.2812;270.0;270.0;270.0;270.0
288.0;2.3434;2.3997;21.2431;21.0865;343;189;-0.0929;119.7786;69.5038;80.9634;154.8804;270.0;270.0;270.0;270.0
288.5;2.3439;2.3997;21.0302;20.5618;359;175;-0.1124;119.9618;70.6947;81.5786;155.6800;270.0;270.0;270.0;270.0
289.0;2.3448;2.3997;20.4231;20.0247;363;171;-0.1417;120.1374;71.9313;82.1500;157.2792;270.0;270.0;270.0;270.0
289.5;2.3480;2.3997;20.2527;19.4739;378;155;-0.0147;120.3130;73.2443;82.7433;158.0788;270.0;270.0;270.0;270.0
290.0;2.3512;2.3997;19.6374;18.9121;380;150;-0.1906;120.4580;74.4427;83.2926;159.6781;270.0;270.0;270.0;270.0
290.5;2.3539;2.3997;19.3585;18.3365;392;134;-0.1222;120.5954;75.6794;83.8420;160.4777;270.0;270.0;270.0;270.0
291.0;2.3562;2.3997;18.8984;17.7486;402;124;-0.1808;120.7252;76.8779;84.3913;162.0769;270.0;270.0;270.0;270.0
291.5;2.3576;2.3997;17.9519;17.1497;398;126;-0.0831;120.8397;78.1145;84.9187;162.8765;270.0;270.0;270.0;270.0
292.0;2.3585;2.3997;17.3379;16.5371;402;120;-0.1222;120.9389;79.3206;85.4021;164.4757;270.0;270.0;270.0;270.0
292.5;2.3581;2.3997;16.4464;15.9121;402;120;-0.0929;121.0229;80.4427;85.8636;165.2753;270.0;270.0;270.0;270.0
293.0;2.3576;2.3997;15.7431;15.2747;406;116;-0.0049;121.1069;81.6031;86.3250;166.8746;270.0;270.0;270.0;270.0
293.5;2.3562;2.3997;14.7527;14.6236;402;120;-0.0244;121.1756;82.7252;86.7425;167.6742;270.0;270.0;270.0;270.0
294.0;2.3553;2.3997;14.3077;13.9739;412;112;-0.1026;121.2366;83.8931;87.1600;169.2734;270.0;270.0;270.0;270.0
294.5;2.3549;2.3997;13.4217;13.3242;410;118;-0.1515;121.2901;85.0992;87.5336;170.0730;270.0;270.0;270.0;270.0
295.0;2.3553;2.3997;12.9313;12.6745;413;110;-0.0538;121.3359;86.3435;87.9072;171.6722;270.0;270.0;270.0;270.0
295.5;2.3549;2.3997;12.4107;12.0247;421;105;-0.1222;121.3740;87.4657;88.2587;172.4718;270.0;270.0;270.0;270.0
296.0;2.3539;2.3997;11.7102;11.3750;421;105;-0.1026;121.4122;88.6718;88.6103;174.0710;270.0;270.0;270.0;270.0
296.5;2.3535;2.3997;11.0275;10.7239;423;105;-0.0635;121.4351;89.8779;88.9180;174.8707;270.0;270.0;270.0;270.0
297.0;2.3535;2.3997;9.8516;10.0742;413;116;-0.0244;121.4580;91.0840;89.2036;176.4699;270.0;270.0;270.0;270.0
297.5;2.3526;2.3997;9.2239;9.4245;413;114;-0.0929;121.4657;92.2443;89.4673;177.2695;270.0;270.0;270.0;270.0
298.0;2.3530;2.3997;8.3613;8.7747;412;118;0.0342;121.4733;93.4504;89.7090;178.8687;270.0;270.0;270.0;270.0
298.5;2.3549;2.3997;7.9423;8.1250;419;110;-0.1320;121.4809;94.7405;89.9288;179.6683;270.0;270.0;270.0;270.0
299.0;2.3562;2.3997;7.2610;7.5000;412;116;-0.0929;121.4809;95.9466;90.1485;181.2675;270.0;270.0;270.0;270.0
299.5;2.3576;2.3997;7.0769;6.8997;415;109;-0.1711;121.4733;97.1908;90.3463;182.0671;270.0;270.0;270.0;270.0
300.0;2.3599;2.3997;6.2679;6.3242;406;120;-0.1417;121.4657;98.4351;90.5221;183.6664;270.0;270.0;270.0;270.0
300.5;2.3626;2.3997;5.4341;5.7747;390;132;-0.2004;121.4504;99.7252;90.6759;184.4660;270.0;270.0;270.0;270.0
301.0;2.3654;2.3997;4.9231;5.2500;384;136;-0.1711;121.4351;100.9313;90.8297;186.0652;270.0;270.0;270.0;270.0
301.5;2.3686;2.3997;4.1827;4.7500;370;146;-0.2297;121.4122;102.1756;90.9396;186.8648;270.0;270.0;270.0;270.0
302.0;2.3709;2.3997;3.6772;4.2747;361;150;-0.1320;121.3969;103.3817;91.0494;188.4640;270.0;270.0;270.0;270.0
302.5;2.3736;2.3997;2.7761;3.8242;341;165;-0.1808;121.3664;104.6260;91.1154;190.0632;270.0;270.0;270.0;270.0
303.0;2.3764;2.3997;2.3681;3.3997;333;169;-0.1711;121.3435;105.8702;91.2033;190.8629;270.0;270.0;270.0;270.0
303.5;2.3796;2.3997;1.7102;3.0000;320;181;-0.1417;121.3206;107.1145;91.2472;192.4621;270.0;270.0;270.0;270.0
304.0;2.3828;2.3997;1.6099;2.6250;318;177;-0.1417;121.2901;108.3588;91.2912;193.2617;270.0;270.0;270.0;270.0
304.5;2.3846;2.3997;1.2981;2.2747;310;181;-0.1320;121.2595;109.5267;91.3351;194.8609;270.0;270.0;270.0;270.0
305.0;2.3851;2.3997;0.7541;1.9492;296;193;-0.1906;121.2366;110.7328;91.3571;195.6605;270.0;270.0;270.0;270.0
305.5;2.3864;2.3997;0.4739;1.6497;290;196;-0.1026;121.2061;111.9771;91.3571;197.2597;270.0;270.0;270.0;270.0
306.0;2.3869;2.3997;-0.0247;1.3750;277;208;-0.0831;121.1756;113.2214;91.3571;198.0593;270.0;270.0;270.0;270.0
306.5;2.3878;2.3997;0.1360;1.1250;281;204;-0.0929;121.1450;114.4657;91.3571;199.6586;270.0;270.0;270.0;270.0
307.0;2.3883;2.3997;-0.1951;0.8997;271;212;-0.0831;121.1145;115.6336;91.3571;200.4582;270.0;270.0;270.0;270.0
307.5;2.3887;2.3997;-0.0797;0.6992;271;212;-0.0831;121.0840;116.8779;91.3571;202.0574;270.0;270.0;270.0;270.0
308.0;2.3897;2.3997;-0.3407;0.5247;261;220;-0.0733;121.0611;118.0458;91.3571;202.8570;270.0;270.0;270.0;270.0
308.5;2.3910;2.3997;-0.4849;0.3750;251;228;-0.0635;121.0305;119.2901;91.3351;204.4562;270.0;270.0;270.0;270.0
309.0;2.3919;2.3997;-0.7898;0.2500;239;239;0.0244;121.0000;120.4962;91.3131;205.2558;270.0;270.0;270.0;262.1
309.5;2.3929;2.3997;-0.7555;0.1497;234;241;-0.0538;120.9771;121.7405;91.2912;206.8550;270.0;270.0;270.0;251.0
310.0;2.3933;2.3997;-0.8420;0.0742;226;247;-0.0538;120.9466;122.9084;91.2692;207.6547;270.0;270.0;270.0;243.1
310.5;2.3933;2.3997;-1.1346;0.0247;212;261;-0.0440;120.9237;124.0687;91.2252;209.2539;270.0;270.0;270.0;234.6
311.0;2.3919;2.3997;-1.0069;0.0000;226;247;0.0342;120.9008;125.1985;91.2033;210.0535;270.0;270.0;270.0;228.6
311.5;2.3901;2.3997;-1.2294;0.0000;212;263;0.0342;120.8702;126.4046;91.1593;211.6527;270.0;270.0;270.0;224.1
312.0;2.3883;2.3997;-0.8750;0.0000;222;253;-0.0049;1.1985;0.0000;-0.0109;0.5557;270.0;270.0;270.0;220.4
312.5;2.3878;2.3997;-0.9629;0.0000;220;257;0.0244;2.4046;-0.0076;-0.0328;2.1549;270.0;270.0;270.0;216.2
313.0;2.3887;2.3997;-0.7074;0.0000;226;251;0.1026;3.6565;-0.0076;-0.0548;2.9546;270.0;270.0;270.0;214.8
313.5;2.3887;2.3997;-0.7912;0.0000;224;253;0.1026;4.8168;-0.0076;-0.0768;4.5538;270.0;270.0;270.0;212.7
314.0;2.3883;2.4002;-0.7500;0.0000;232;261;0.1026;6.0687;-0.0076;-0.0988;5.3534;270.0;270.0;270.0;210.9
314.5;2.3878;2.4011;-0.4904;0.0000;245;263;0.0929;7.2290;-0.0076;-0.1207;6.9526;256.3;270.0;270.0;209.8
315.0;2.3878;2.4025;-0.3640;0.0000;257;269;0.0831;8.3969;-0.0153;-0.1207;7.7522;243.3;270.0;270.0;209.8
315.5;2.3878;2.4038;-0.2514;0.0000;269;275;0.0049;9.6031;-0.0153;-0.1427;9.3514;230.1;270.0;270.0;209.8
316.0;2.3887;2.4061;-0.4835;0.0000;271;288;0.0147;10.8092;-0.0153;-0.1427;10.1510;219.3;270.0;270.0;209.3
316.5;2.3910;2.4084;-0.2761;0.0000;284;290;0.0049;12.0916;-0.0229;-0.1647;11.7503;211.4;270.0;270.0;210.1
317.0;2.3951;2.4112;-0.5440;0.0000;284;308;0.0929;13.3359;-0.0229;-0.1647;12.5499;206.7;270.0;270.0;210.6
317.5;2.4002;2.4148;-0.2761;0.0000;300;308;0.0049;14.6260;-0.0305;-0.1867;14.1491;201.4;270.0;270.0;211.7
318.0;2.4052;2.4185;-0.5014;0.0000;302;320;0.0147;15.9084;-0.0305;-0.1867;15.7483;196.1;270.0;270.0;210.1
318.5;2.4107;2.4226;-0.1978;0.0000;318;320;0.0049;17.1985;-0.0382;-0.2086;16.5479;189.2;270.0;270.0;209.3
319.0;2.4171;2.4272;-0.3997;0.0000;320;333;0.0929;18.4427;-0.0382;-0.2086;18.1471;185.0;270.0;270.0;210.1
319.5;2.4235;2.4318;-0.4643;0.0000;326;343;0.0929;19.6870;-0.0458;-0.2306;18.9467;182.9;270.0;270.0;210.6
320.0;2.4304;2.4373;-0.1099;0.0000;341;341;-0.0049;20.9771;-0.0458;-0.2306;20.5460;182.9;270.0;270.0;211.7
320.5;2.4377;2.4432;-0.1538;0.0000;347;351;0.0831;22.2214;-0.0534;-0.2306;22.1452;180.0;270.0;270.0;213.3
321.0;2.4451;2.4492;0.0041;0.0000;359;355;0.0733;23.5496;-0.0611;-0.2306;22.9448;180.0;270.0;270.0;214.6
321.5;2.4533;2.4560;-0.3956;0.0000;353;370;0.1711;24.8321;-0.0611;-0.2526;24.5440;179.7;270.0;270.0;213.3
322.0;2.4620;2.4629;-0.2624;0.0000;367;376;0.0049;26.1985;-0.0687;-0.2526;26.1432;180.0;270.0;270.0;213.8
322.5;2.4707;2.4702;-0.5948;0.0000;363;392;0.0929;27.5267;-0.0763;-0.2746;26.9428;179.2;270.0;270.0;213.3
323.0;2.4799;2.4780;-0.3352;0.0000;376;394;0.0049;28.8092;-0.0840;-0.2746;28.5421;177.9;270.0;270.0;213.3
323.5;2.4890;2.4863;-0.4313;-0.4011;527;267;0.0147;30.0992;-0.0840;-0.2965;29.3417;179.2;270.0;270.0;213.3
324.0;2.4973;2.4950;-0.1717;-0.8008;556;257;-0.0831;31.3435;-0.0916;-0.2965;30.9409;179.5;270.0;270.0;213.8
324.5;2.5060;2.5032;-0.3448;-1.2005;558;245;0.0049;32.6336;-0.0992;-0.2965;32.5401;180.5;270.0;270.0;214.3
325.0;2.5147;2.5110;-0.5742;-1.6003;556;232;0.0147;33.9160;-0.1069;-0.3185;33.3397;180.3;270.0;270.0;213.8
325.5;2.5238;2.5188;-0.4464;-2.0000;564;208;-0.1515;35.2824;-0.1145;-0.3405;34.9389;179.7;270.0;270.0;212.2
326.0;2.5334;2.5256;-0.7239;-2.4011;560;196;-0.1417;36.5725;-0.1221;-0.3624;36.5382;177.6;270.0;270.0;211.7
326.5;2.5426;2.5321;-0.8846;-2.6113;494;247;-0.0538;37.8931;-0.1298;-0.3844;37.3378;178.4;270.0;270.0;211.7
327.0;2.5504;2.5385;-1.9547;-2.6113;386;335;-0.0929;39.1832;-0.1374;-0.4284;38.9370;178.2;270.0;270.0;212.2
327.5;2.5582;2.5440;-2.2390;-2.6113;369;331;-0.0831;40.4656;-0.1450;-0.4943;39.7366;178.4;270.0;270.0;211.4
328.0;2.5655;2.5495;-3.1085;-2.5206;306;376;0.0244;41.7939;-0.1603;-0.5822;41.3358;178.4;270.0;270.0;210.9
328.5;2.5728;2.5545;-3.2445;-2.5206;320;339;0.0244;43.1221;-0.1756;-0.6701;42.9350;178.7;270.0;270.0;210.6
329.0;2.5797;2.5591;-3.7198;-2.1209;161;484;0.0440;44.4427;-0.1908;-0.7800;43.7346;178.7;270.0;270.0;209.6
329.5;2.5852;2.5632;-4.2349;-1.8008;157;474;-0.0147;45.7328;-0.2137;-0.9118;45.3339;179.2;270.0;270.0;208.8
330.0;2.5911;2.5668;-4.4478;-1.7102;214;398;-0.0049;47.0992;-0.2366;-1.0436;46.9331;180.8;270.0;270.0;209.0
330.5;2.5975;2.5701;-4.2418;-1.6662;224;367;-0.0147;48.4656;-0.2595;-1.1535;47.7327;181.1;270.0;270.0;207.4
331.0;2.6044;2.5728;-3.5714;-1.6209;232;341;0.0342;49.8702;-0.2901;-1.2634;49.3319;181.1;270.0;270.0;206.9
331.5;2.6094;2.5755;-3.5014;-1.5302;206;343;-0.1222;51.1985;-0.3206;-1.3513;50.9311;182.4;270.0;270.0;206.4
332.0;2.6131;2.5774;-2.7816;-1.6209;275;257;-0.1515;52.5191;-0.3511;-1.4392;51.7307;181.6;270.0;270.0;207.4
332.5;2.6163;2.5792;-2.6662;-1.5302;210;302;-0.1515;53.8473;-0.3817;-1.5271;53.3300;181.3;270.0;270.0;207.2
333.0;2.6195;2.5806;-1.9629;-1.5302;245;245;-0.2590;55.2137;-0.4198;-1.5710;54.9292;182.6;270.0;270.0;207.2
333.5;2.6236;2.5810;-1.9505;-1.5755;251;222;-0.0929;56.6641;-0.4656;-1.6369;56.5284;182.1;270.0;270.0;206.4
334.0;2.6273;2.5815;-1.5302;-1.5755;239;216;-0.1124;58.0305;-0.5038;-1.6809;57.3280;182.1;270.0;270.0;206.7
334.5;2.6300;2.5815;-1.3063;-1.5755;236;200;-0.1222;59.3893;-0.5420;-1.7029;58.9272;181.6;270.0;270.0;206.4
335.0;2.6337;2.5810;-1.4272;-1.5302;208;210;-0.1124;60.7557;-0.5802;-1.7468;60.5265;181.1;270.0;270.0;204.8
335.5;2.6355;2.5806;-1.4190;-1.5302;214;189;-0.2004;62.0840;-0.6260;-1.7908;61.3261;180.5;270.0;270.0;205.3
336.0;2.6355;2.5792;-1.4739;-1.5302;206;183;-0.1124;63.3664;-0.6641;-1.8347;62.9253;181.1;270.0;270.0;205.1
336.5;2.6355;2.5774;-1.1566;-1.5302;208;169;-0.1222;64.6565;-0.7023;-1.8567;64.5245;181.1;270.0;270.0;204.5
337.0;2.6337;2.5755;-1.4698;0.0000;-152;515;-0.0342;65.9771;-0.7481;-1.9006;65.3241;181.1;270.0;270.0;203.8
337.5;2.6310;2.5728;-1.1044;0.0000;163;204;-0.0440;67.2290;-0.7863;-1.9446;66.9233;180.5;270.0;270.0;204.8
338.0;2.6282;2.5701;-1.4025;0.0000;146;198;-0.0342;68.5496;-0.8321;-1.9885;68.5226;181.6;270.0;270.0;204.3
338.5;2.6236;2.5668;-1.2418;0.0000;140;189;0.2004;69.7557;-0.8779;-2.0105;69.3222;180.8;270.0;270.0;203.5
339.0;2.6190;2.5632;-0.8365;0.0000;146;175;-0.0538;71.0840;-0.9237;-2.0325;70.9214;181.6;270.0;270.0;204.5
339.5;2.6149;2.5591;-0.3997;0.0000;152;157;-0.1515;72.3664;-0.9695;-2.0544;71.7210;182.4;270.0;270.0;204.3
340.0;2.6090;2.5545;0.0797;0.0000;155;140;-0.0049;73.5725;-1.0153;-2.0544;73.3202;183.2;270.0;270.0;204.8
340.5;2.6021;2.5495;0.1841;0.0000;153;132;0.0733;74.8168;-1.0534;-2.0544;74.1198;182.4;270.0;270.0;205.3
341.0;2.5952;2.5440;0.6470;0.0000;157;116;-0.1026;76.0611;-1.0992;-2.0325;75.7190;182.9;270.0;270.0;205.1
341.5;2.5888;2.5385;0.6236;0.0000;152;110;-0.1124;77.3893;-1.1450;-2.0105;77.3183;182.1;270.0;270.0;205.3
342.0;2.5820;2.5321;1.0247;0.0000;155;97;-0.0440;78.5954;-1.1908;-1.9885;78.1179;183.7;270.0;270.0;206.1
342.5;2.5746;2.5256;0.8530;0.0000;146;97;-0.0342;79.8779;-1.2290;-1.9446;79.7171;184.5;270.0;270.0;205.6
343.0;2.5664;2.5188;1.0563;0.0000;144;87;-0.0440;81.0840;-1.2748;-1.9226;80.5167;182.9;270.0;270.0;205.1
343.5;2.5582;2.5110;0.5481;0.0000;126;95;-0.0244;82.3664;-1.3130;-1.9006;82.1159;180.5;270.0;270.0;205.6
344.0;2.5508;2.5032;0.2500;0.0000;112;95;-0.0147;83.6565;-1.3588;-1.9006;82.9155;180.0;270.0;270.0;205.1
344.5;2.5421;2.4950;0.2816;0.0000;107;89;0.0635;84.8168;-1.3969;-1.9006;84.5147;179.7;270.0;270.0;204.8
345.0;2.5325;2.4863;0.0495;0.0000;95;89;0.0733;86.0611;-1.4351;-1.9006;85.3144;180.8;270.0;270.0;204.8
345.5;2.5229;2.4771;-0.0646;0.0000;87;87;-0.0049;87.2672;-1.4733;-1.9006;86.9136;181.6;270.0;270.0;205.3
346.0;2.5133;2.4679;-0.2994;0.0000;73;87;0.0831;88.5954;-1.5191;-1.9006;88.5128;180.5;270.0;270.0;206.1
346.5;2.5032;2.4579;-0.0440;0.0000;75;75;-0.0049;89.8015;-1.5573;-1.9006;89.3124;181.6;270.0;270.0;205.1
347.0;2.4927;2.4478;-0.2157;0.0000;64;73;0.0049;91.0076;-1.6031;-1.9006;90.9116;180.0;270.0;270.0;205.1
347.5;2.4821;2.4368;0.1662;0.0000;67;58;-0.0147;92.2061;-1.6412;-1.9006;91.7112;179.7;270.0;270.0;204.5
348.0;2.4707;2.4258;0.2266;0.0000;64;50;-0.0929;93.4580;-1.6794;-1.9006;93.3105;180.8;270.0;270.0;204.8
348.5;2.4588;2.4144;0.1566;0.0000;56;46;0.0733;94.7023;-1.7252;-1.9006;94.1101;181.1;270.0;270.0;205.3
349.0;2.4464;2.4025;0.2006;0.0000;50;40;0.0733;95.8626;-1.7634;-1.8787;95.7093;179.2;270.0;270.0;205.1
349.5;2.4327;2.3897;0.0604;0.0000;40;38;0.0733;97.0305;-1.8015;-1.8787;96.5089;179.2;270.0;270.0;205.3
350.0;2.4190;2.3773;0.3997;0.0000;44;24;-0.0147;98.1527;-1.8321;-1.8787;98.1081;179.2;270.0;270.0;205.6
350.5;2.4043;2.3649;0.3256;0.0000;46;30;0.0635;99.3206;-1.8702;-1.8567;98.9077;179.5;270.0;270.0;205.3
351.0;2.3901;2.3526;0.5385;0.0000;56;32;0.1417;100.4427;-1.9084;-1.8567;99.7073;179.2;270.0;270.0;206.4
351.5;2.3764;2.3411;0.2940;0.0000;56;44;0.0635;101.6107;-1.9466;-1.8347;101.3066;179.7;270.0;270.0;205.6
352.0;2.3617;2.3301;0.3448;0.0000;64;50;0.1417;102.7328;-1.9847;-1.8347;102.1062;178.7;270.0;270.0;205.6
352.5;2.3480;2.3191;0.1319;0.0000;64;60;0.0733;103.9008;-2.0229;-1.8347;103.7054;178.4;270.0;270.0;205.3
353.0;2.3338;2.3091;0.4821;0.0000;77;58;0.1417;105.0229;-2.0534;-1.8127;104.5050;176.8;270.0;270.0;205.3
353.5;2.3201;2.2990;0.5055;0.0000;85;64;-0.0244;106.1450;-2.0916;-1.7908;106.1042;177.1;270.0;270.0;205.3
354.0;2.3063;2.2898;0.1703;0.0000;83;79;0.1515;107.2748;-2.1221;-1.7908;106.9038;176.8;270.0;270.0;205.9
354.5;2.2926;2.2807;0.0179;0.0000;87;89;-0.0049;108.3206;-2.1603;-1.7908;107.7034;177.6;270.0;270.0;206.4
355.0;2.2798;2.2720;-0.1538;0.0000;91;99;0.0049;109.4427;-2.1908;-1.7908;109.3027;178.2;270.0;270.0;205.9
355.5;2.2665;2.2637;0.2266;0.0000;105;97;0.0635;110.4504;-2.2214;-1.7908;110.1023;177.1;270.0;270.0;205.6
356.0;2.2532;2.2560;0.0165;0.0000;109;109;0.0733;111.5344;-2.2595;-1.7908;110.9019;178.2;270.0;270.0;206.7
356.5;2.2404;2.2482;0.3118;0.0000;122;109;-0.0147;112.5725;-2.2901;-1.7908;112.5011;177.9;270.0;270.0;206.1
357.0;2.2280;2.2413;0.1951;0.0000;126;118;-0.0147;113.6183;-2.3206;-1.7688;113.3007;177.6;270.0;270.0;206.9
357.5;2.2147;2.2349;0.3723;0.0000;140;122;-0.1026;114.6260;-2.3511;-1.7688;114.1003;176.8;270.0;270.0;205.9
358.0;2.2019;2.2285;0.6030;0.0000;153;124;-0.0244;115.5878;-2.3817;-1.7468;114.8999;177.9;270.0;270.0;207.4
358.5;2.1891;2.2230;0.7885;0.0000;167;128;-0.1124;116.5954;-2.4122;-1.7248;116.4991;176.0;270.0;270.0;206.7
359.0;2.1772;2.2175;0.8269;0.0000;179;138;-0.1124;117.5954;-2.4427;-1.7029;117.2988;177.1;270.0;270.0;206.4
359.5;2.1680;2.2125;0.4217;0.0000;177;153;-0.1026;118.7634;-2.4809;-1.6809;118.0984;176.3;270.0;270.0;206.9
360.0;2.1607;2.2079;0.3201;0.0000;183;163;-0.0147;119.8855;-2.5114;-1.6809;119.6976;176.8;270.0;270.0;208.0
360.5;2.1543;2.2038;-0.1937;0.0000;177;185;0.0049;121.0153;-2.5420;-1.6809;120.4972;176.8;270.0;270.0;206.9
361.0;2.1493;2.2001;-0.0865;0.0000;187;189;-0.0049;122.1374;-2.5725;-1.6809;122.0964;176.0;270.0;270.0;206.4
361.5;2.1456;2.1996;-0.3585;0.0000;226;241;0.0049;123.2595;-2.6107;-1.7029;122.8960;175.2;270.0;270.0;206.9
362.0;2.1442;2.1996;-0.2390;0.0000;236;245;0.0831;124.4275;-2.6412;-1.7029;123.6956;176.6;270.0;270.0;207.2
362.5;2.1433;2.1996;-0.4959;0.0000;232;253;-0.0635;125.5115;-2.6794;-1.7248;125.2948;176.3;270.0;270.0;207.4
363.0;2.1433;2.1996;-0.4396;0.0000;234;251;-0.0733;126.6794;-2.7099;-1.7248;126.0945;176.8;270.0;270.0;207.4
363.5;2.1447;2.1996;0.0041;0.0000;247;241;-0.1613;127.8015;-2.7481;-1.7248;127.6937;176.3;270.0;270.0;207.7
364.0;2.1465;2.1996;0.1140;0.0000;249;236;-0.1711;129.0076;-2.7786;-1.7248;128.4933;176.3;270.0;270.0;207.2
364.5;2.1493;2.1996;0.2926;0.0000;253;230;-0.1711;130.1298;-2.8168;-1.7248;130.0925;175.5;270.0;270.0;207.4
365.0;2.1520;2.1996;-0.1731;0.0000;241;241;0.0049;131.2595;-2.8473;-1.7248;130.8921;176.3;270.0;270.0;208.0
365.5;2.1534;2.1996;-0.0316;0.0000;241;236;-0.0049;132.2977;-2.8779;-1.7248;131.6917;175.5;270.0;270.0;207.4
366.0;2.1548;2.1996;-0.4657;0.0000;232;247;0.0147;133.4275;-2.9160;-1.7468;133.2909;176.3;270.0;270.0;207.2
366.5;2.1571;2.1996;-0.2157;0.0000;236;239;-0.0733;134.5878;-2.9466;-1.7468;134.0906;177.1;270.0;270.0;206.9
367.0;2.1603;2.1996;-0.2212;0.0000;234;236;-0.1613;135.7176;-2.9847;-1.7468;135.6898;178.4;270.0;270.0;207.7
367.5;2.1635;2.1996;-0.4313;0.0000;228;239;-0.0831;1.1603;0.0000;-0.0109;0.5557;178.7;270.0;270.0;207.4
368.0;2.1667;2.1996;-0.5027;0.0000;224;239;-0.1515;2.2901;-0.0076;-0.0328;2.1549;176.3;270.0;270.0;207.4
368.5;2.1699;2.1996;-0.4849;0.0000;224;238;0.0147;3.4962;-0.0076;-0.0328;2.9546;176.6;270.0;270.0;207.2
369.0;2.1726;2.1996;-0.1374;0.0000;232;228;-0.0831;4.5802;-0.0076;-0.0328;4.5538;177.1;270.0;270.0;207.4
369.5;2.1758;2.1996;-0.1964;0.0000;228;228;-0.0831;5.7405;-0.0076;-0.0548;5.3534;177.9;270.0;270.0;208.8
370.0;2.1777;2.1996;0.0783;0.0000;234;218;-0.0929;6.8321;-0.0076;-0.0548;6.1530;177.4;270.0;270.0;208.2
370.5;2.1799;2.1996;-0.2500;0.0000;224;226;-0.0733;7.9924;-0.0076;-0.0548;7.7522;178.7;270.0;270.0;208.2
371.0;2.1818;2.1996;0.0495;0.0000;230;216;-0.0831;9.0763;-0.0076;-0.0548;8.5518;177.9;270.0;270.0;208.2
371.5;2.1818;2.1996;-0.2500;0.0000;222;224;0.0049;10.1221;-0.0076;-0.0548;9.3514;177.4;270.0;270.0;208.5
372.0;2.1813;2.1996;-0.1181;0.0000;226;222;-0.0831;11.2061;-0.0076;-0.0548;10.9506;177.9;270.0;270.0;209.0
372.5;2.1813;2.1996;-0.2445;0.0000;222;224;-0.0733;12.2977;-0.0076;-0.0768;11.7503;177.6;270.0;270.0;208.8
373.0;2.1809;2.1996;-0.6868;0.0000;210;236;-0.0635;13.3817;-0.0153;-0.0988;13.3495;177.6;270.0;270.0;209.0
373.5;2.1804;2.1996;-0.8929;0.0000;206;241;-0.0538;14.4656;-0.0153;-0.1207;14.1491;178.7;270.0;270.0;208.0
374.0;2.1799;2.1996;-1.0934;0.0000;200;245;0.1124;15.5496;-0.0153;-0.1427;14.9487;177.4;270.0;270.0;207.4
374.5;2.1790;2.1987;-0.8709;0.0000;196;230;-0.0538;16.6336;-0.0153;-0.1647;16.5479;177.6;270.0;270.0;207.4
375.0;2.1772;2.1973;-0.9766;0.0000;183;220;0.0342;17.6794;-0.0229;-0.2086;17.3475;177.1;270.0;270.0;208.5
375.5;2.1749;2.1946;-0.6209;0.0000;179;200;0.0147;18.7252;-0.0229;-0.2086;18.1471;177.6;270.0;270.0;207.4
376.0;2.1717;2.1914;-0.7637;0.0000;163;195;0.0244;19.7710;-0.0305;-0.2306;19.7464;176.8;270.0;270.0;207.4
376.5;2.1680;2.1873;-0.5865;0.0000;155;177;0.0147;20.8168;-0.0305;-0.2526;20.5460;177.9;270.0;270.0;207.4
377.0;2.1630;2.1822;-0.6291;0.0000;144;167;-0.0635;21.8168;-0.0382;-0.2746;21.3456;176.3;270.0;270.0;207.2
377.5;2.1575;2.1767;-0.4574;0.0000;136;152;-0.0733;22.9084;-0.0458;-0.2965;22.1452;177.9;270.0;270.0;207.4
378.0;2.1506;2.1699;-0.2527;0.0000;128;134;0.0049;23.8702;-0.0458;-0.2965;23.7444;177.6;270.0;270.0;207.4
378.5;2.1429;2.1625;-0.5714;0.0000;110;132;0.1711;24.9160;-0.0534;-0.3185;24.5440;177.1;270.0;270.0;207.2
379.0;2.1346;2.1543;-0.5577;0.0000;99;120;0.0147;25.9618;-0.0611;-0.3185;25.3436;179.7;270.0;270.0;207.4
379.5;2.1255;2.1451;-0.7404;0.0000;83;114;0.0244;27.0076;-0.0687;-0.3405;26.9428;177.6;270.0;270.0;206.7
380.0;2.1168;2.1355;-0.4368;0.0000;77;95;0.0147;28.0458;-0.0687;-0.3624;27.7425;177.6;270.0;270.0;206.7
380.5;2.1076;2.1245;-0.4766;0.0000;65;85;0.0929;29.0534;-0.0763;-0.3844;28.5421;177.1;270.0;270.0;205.6
381.0;2.0980;2.1131;-0.1511;0.0000;62;65;0.0831;30.1374;-0.0840;-0.3844;30.1413;176.8;270.0;270.0;204.8
381.5;2.0888;2.1007;-0.1731;0.0000;48;54;0.0049;31.1832;-0.0916;-0.3844;30.9409;176.6;270.0;270.0;203.2
382.0;2.0783;2.0875;0.0385;0.0000;40;36;-0.0049;32.2290;-0.0992;-0.3844;31.7405;176.3;270.0;270.0;202.4
382.5;2.0664;2.0737;0.4602;0.0000;36;15;-0.0244;33.1908;-0.1069;-0.3624;32.5401;176.0;270.0;270.0;200.1
383.0;2.0527;2.0586;0.6154;0.0000;28;-1;-0.0244;34.1603;-0.1069;-0.3624;34.1393;176.0;270.0;270.0;197.9
383.5;2.0380;2.0430;0.7610;0.0000;21;-17;-0.0342;35.1221;-0.1145;-0.3405;34.9389;175.2;270.0;270.0;196.6
384.0;2.0229;2.0266;0.4533;0.0000;1;-21;-0.0244;36.0840;-0.1221;-0.3185;35.7386;175.5;270.0;270.0;195.3
384.5;2.0069;2.0092;0.3887;0.0000;-13;-30;-0.0147;37.1298;-0.1298;-0.2965;36.5382;175.8;270.0;270.0;194.0
385.0;1.9895;1.9908;0.1305;0.0000;-32;-36;0.0733;38.0534;-0.1298;-0.2965;37.3378;175.0;270.0;270.0;192.1
385.5;1.9702;1.9721;0.2280;0.0000;-40;-50;-0.0147;39.0229;-0.1374;-0.2965;38.9370;174.5;270.0;270.0;190.8
386.0;1.9505;1.9524;0.1745;0.0000;-54;-62;-0.0147;39.9084;-0.1374;-0.2965;39.7366;175.0;270.0;270.0;189.5
386.5;1.9295;1.9322;0.4382;0.0000;-52;-71;-0.0244;40.7863;-0.1450;-0.2746;40.5362;173.4;270.0;270.0;187.9
387.0;1.9071;1.9121;0.5247;0.0000;-50;-73;-0.0244;41.6718;-0.1450;-0.2526;41.3358;172.6;270.0;270.0;187.9
387.5;1.8851;1.8924;0.3970;0.0000;-54;-69;0.0635;42.5954;-0.1527;-0.2526;42.1354;171.0;270.0;270.0;187.1
388.0;1.8626;1.8723;0.4945;0.0000;-52;-71;-0.0244;43.4809;-0.1527;-0.2306;42.9350;170.2;270.0;270.0;187.4
388.5;1.8397;1.8521;0.3805;0.0000;-54;-69;-0.0147;44.2824;-0.1603;-0.2306;43.7346;169.4;270.0;270.0;188.4
389.0;1.8155;1.8324;0.3764;0.0000;-54;-69;-0.1808;45.0916;-0.1603;-0.2086;44.5343;168.7;270.0;270.0;188.4
389.5;1.7908;1.8123;0.1992;0.0000;-56;-65;-0.0147;45.8092;-0.1679;-0.2086;45.3339;168.4;270.0;270.0;188.4
390.0;1.7651;1.7921;0.3242;0.0000;-52;-67;-0.0929;46.5802;-0.1679;-0.2086;46.1335;168.4;270.0;270.0;189.5
390.5;1.7376;1.7724;0.2857;0.0000;-50;-65;-0.1711;47.2214;-0.1679;-0.1867;46.9331;166.5;270.0;270.0;190.8
391.0;1.7097;1.7523;0.6291;0.0000;-38;-71;-0.1906;47.9466;-0.1679;-0.1647;47.7327;164.7;270.0;270.0;192.9
391.5;1.6809;1.7321;0.8709;0.0000;-30;-73;-0.0342;48.5878;-0.1756;-0.1427;48.5323;163.6;270.0;270.0;195.6
392.0;1.6506;1.7125;0.9904;0.0000;-22;-73;-0.2004;49.1450;-0.1756;-0.1207;48.5323;162.3;270.0;270.0;199.3
392.5;1.6186;1.6923;1.2266;0.0000;-13;-77;-0.2884;49.6718;-0.1756;-0.0768;49.3319;162.3;270.0;270.0;202.7
393.0;1.5856;1.6722;1.2500;0.0000;-7;-73;-0.2884;50.1908;-0.1756;-0.0548;50.1315;160.7;270.0;270.0;208.2
393.5;1.5531;1.6525;1.7308;0.0000;11;-79;-0.3861;50.7557;-0.1756;0.0111;50.1315;159.4;270.0;270.0;222.8
394.0;1.5215;1.6323;1.7788;0.0000;19;-77;-0.2297;51.3206;-0.1756;0.0551;50.9311;158.6;270.0;270.0;230.4
394.5;1.4927;1.6122;1.9313;0.0000;26;-75;-0.3177;52.0000;-0.1756;0.0990;51.7307;158.6;270.0;270.0;238.1
395.0;1.4652;1.5925;1.6387;0.0000;24;-65;-0.1417;52.6870;-0.1756;0.1430;52.5304;157.8;270.0;270.0;245.2
395.5;1.4405;1.5723;1.1648;0.0000;15;-52;-0.2102;53.4122;-0.1679;0.1869;53.3300;158.1;270.0;270.0;252.1
396.0;1.4194;1.5522;0.5082;0.0000;1;-34;-0.0244;54.2901;-0.1679;0.2089;54.1296;158.1;270.0;270.0;260.2
396.5;1.4002;1.5321;-0.0069;0.0000;-13;-21;0.0733;55.0534;-0.1679;0.2089;54.9292;158.6;270.0;270.0;265.5
397.0;1.3819;1.5124;-0.5426;0.0000;-26;-9;0.0147;55.8626;-0.1603;0.1869;55.7288;157.6;270.0;270.0;270.0
397.5;1.3649;1.4922;-1.1113;0.0000;-42;3;0.1124;56.6260;-0.1603;0.1430;56.5284;158.6;270.0;270.0;270.0
398.0;1.3489;1.4721;-1.2926;0.0000;-50;5;-0.0342;57.3893;-0.1603;0.1210;57.3280;158.4;270.0;270.0;270.0
398.5;1.3329;1.4524;-1.5728;0.0000;-58;7;0.0440;58.1145;-0.1527;0.0770;57.3280;159.1;270.0;270.0;270.0
399.0;1.3168;1.4322;-1.2033;0.0000;-54;-3;0.0342;58.8321;-0.1527;0.0331;58.1276;159.4;270.0;270.0;270.0
399.5;1.2995;1.4121;-1.1113;0.0000;-54;-9;0.0342;59.4809;-0.1527;0.0111;58.9272;160.2;270.0;270.0;270.0
400.0;1.2830;1.3924;-0.8049;0.0000;-50;-19;0.1026;60.2443;-0.1527;-0.0109;59.7268;160.7;270.0;270.0;270.0
400.5;1.2660;1.3723;-0.5934;0.0000;-48;-26;-0.0635;60.8473;-0.1527;-0.0328;60.5265;162.8;270.0;270.0;270.0
401.0;1.2477;1.3521;-0.3159;0.0000;-42;-34;-0.0733;61.4504;-0.1527;-0.0328;61.3261;163.6;270.0;270.0;270.0
401.5;1.2294;1.3324;-0.2266;0.0000;-42;-38;0.0049;62.0916;-0.1527;-0.0548;61.3261;163.4;270.0;270.0;270.0
402.0;1.2129;1.3123;-0.0371;0.0000;-40;-46;0.0733;62.7710;-0.1527;-0.0548;62.1257;163.4;270.0;270.0;270.0
402.5;1.1960;1.2921;0.0893;0.0000;-40;-52;-0.0049;63.4198;-0.1603;-0.0548;62.9253;164.4;270.0;270.0;270.0
403.0;1.1804;1.2724;-0.1360;0.0000;-50;-50;-0.0831;64.0992;-0.1603;-0.0548;63.7249;165.0;270.0;270.0;270.0
403.5;1.1644;1.2523;-0.0398;0.0000;-52;-56;-0.0049;64.7405;-0.1603;-0.0548;64.5245;165.5;270.0;270.0;270.0
404.0;1.1484;1.2321;-0.2802;0.0000;-60;-54;-0.0733;65.3435;-0.1603;-0.0548;65.3241;167.6;270.0;270.0;270.0
404.5;1.1328;1.2125;-0.1181;0.0000;-60;-62;-0.0049;65.9847;-0.1603;-0.0548;65.3241;166.5;270.0;270.0;270.0
405.0;1.1168;1.1923;-0.1429;0.0000;-64;-64;-0.0831;66.5878;-0.1603;-0.0768;66.1237;167.1;270.0;270.0;270.0
405.5;1.1012;1.1722;0.0343;0.0000;-64;-73;-0.0831;67.1908;-0.1603;-0.0768;66.9233;167.3;270.0;270.0;270.0
406.0;1.0852;1.1525;0.0151;0.0000;-67;-75;-0.0831;67.7939;-0.1603;-0.0768;67.7229;167.9;270.0;270.0;270.0
406.5;1.0701;1.1323;0.0426;0.0000;-71;-79;0.0733;68.3969;-0.1603;-0.0768;67.7229;168.1;270.0;270.0;270.0
407.0;1.0549;1.1122;0.2692;0.0000;-69;-91;-0.0929;69.0000;-0.1603;-0.0548;68.5226;168.7;270.0;268.9;270.0
407.5;1.0403;1.0925;0.2637;0.0000;-75;-95;-0.0929;69.6031;-0.1603;-0.0548;69.3222;168.4;270.0;267.6;270.0
408.0;1.0252;1.0723;0.3750;0.0000;-77;-103;-0.0147;70.1679;-0.1603;-0.0328;70.1218;169.2;270.0;267.1;270.0
408.5;1.0096;1.0522;0.1731;0.0000;-85;-101;-0.0147;70.7328;-0.1603;-0.0328;70.1218;170.0;270.0;267.9;270.0
409.0;0.9950;1.0321;0.2363;0.0000;-89;-107;-0.0929;71.3359;-0.1603;-0.0328;70.9214;171.3;270.0;268.4;270.0
409.5;0.9789;1.0124;0.0179;0.0000;-99;-107;-0.0831;71.8550;-0.1603;-0.0328;71.7210;170.2;270.0;265.5;270.0
410.0;0.9625;0.9922;0.1813;0.0000;-99;-112;-0.0147;72.3359;-0.1603;-0.0328;71.7210;171.6;270.0;265.0;270.0
410.5;0.9441;0.9721;0.1799;0.0000;-103;-118;-0.0929;72.7786;-0.1603;-0.0109;72.5206;170.8;270.0;265.0;270.0
411.0;0.9267;0.9524;0.2555;0.0000;-105;-122;-0.0147;73.2595;-0.1603;-0.0109;72.5206;171.0;270.0;266.0;270.0
411.5;0.9089;0.9322;0.1497;0.0000;-109;-122;-0.1711;73.7481;-0.1603;-0.0109;73.3202;171.3;270.0;265.0;270.0
412.0;0.8915;0.9121;0.0440;0.0000;-116;-124;-0.0049;74.2290;-0.1603;-0.0109;74.1198;171.0;270.0;265.0;270.0
412.5;0.8741;0.8924;0.0247;0.0000;-118;-126;-0.0831;74.6718;-0.1603;-0.0109;74.1198;170.8;270.0;263.7;270.0
413.0;0.8571;0.8723;-0.0055;0.0000;-122;-128;-0.0049;75.1527;-0.1603;-0.0109;74.9194;170.5;270.0;264.7;270.0
413.5;0.8397;0.8521;0.1113;0.0000;-122;-136;-0.0929;75.5954;-0.1603;-0.0109;74.9194;171.0;270.0;265.0;270.0
414.0;0.8228;0.8324;-0.1250;0.0000;-130;-134;-0.0831;76.0382;-0.1603;-0.0109;75.7190;170.8;270.0;264.7;270.0
414.5;0.8049;0.8123;-0.0069;0.0000;-132;-140;-0.0049;76.4351;-0.1603;-0.0109;75.7190;170.8;270.0;263.1;270.0
415.0;0.7880;0.7921;-0.1085;0.0000;-140;-142;-0.0831;76.8779;-0.1603;-0.0109;76.5187;171.0;270.0;261.3;270.0
415.5;0.7711;0.7724;-0.0701;0.0000;-142;-146;-0.0049;77.2824;-0.1603;-0.0109;76.5187;172.3;270.0;263.1;270.0
416.0;0.7537;0.7523;-0.0041;0.0000;-144;-150;-0.0049;77.6870;-0.1603;-0.0109;77.3183;170.8;270.0;263.1;270.0
416.5;0.7349;0.7321;-0.1744;0.0000;-152;-150;0.0049;78.0076;-0.1603;-0.0109;77.3183;172.3;270.0;261.0;270.0
417.0;0.7166;0.7125;-0.1731;0.0000;-155;-153;-0.0831;78.3664;-0.1603;-0.0109;78.1179;172.6;270.0;259.2;270.0
417.5;0.6973;0.6923;-0.1758;0.0000;-157;-155;0.0049;78.6870;-0.1603;-0.0328;78.1179;172.6;270.0;257.3;270.0
418.0;0.6790;0.6722;-0.0618;0.0000;-157;-161;-0.0831;79.0534;-0.1603;-0.0328;78.9175;171.3;270.0;258.7;270.0
418.5;0.6593;0.6525;-0.1154;0.0000;-161;-163;-0.0831;79.3282;-0.1603;-0.0328;78.9175;171.0;270.0;259.7;270.0
419.0;0.6397;0.6323;0.0563;0.0000;-159;-169;-0.0831;79.6107;-0.1603;-0.0328;78.9175;170.5;270.0;259.7;270.0
419.5;0.6200;0.6122;-0.1291;0.0000;-167;-167;-0.0049;79.9313;-0.1603;-0.0328;79.7171;170.8;269.5;257.1;270.0
420.0;0.6007;0.5925;-0.0728;0.0000;-167;-171;-0.0831;80.2137;-0.1603;-0.0328;79.7171;170.8;269.5;255.7;270.0
420.5;0.5820;0.5723;-0.1827;0.0000;-173;-171;0.0049;80.5344;-0.1603;-0.0328;80.5167;170.8;268.4;256.5;270.0
421.0;0.5627;0.5522;-0.1744;0.0000;-177;-173;0.0049;80.7786;-0.1603;-0.0328;80.5167;170.5;269.5;256.5;270.0
421.5;0.5430;0.5321;-0.0440;0.0000;-173;-179;-0.0049;81.0229;-0.1603;-0.0548;80.5167;170.8;269.2;256.0;270.0
422.0;0.5234;0.5124;-0.1580;0.0000;-181;-179;0.0049;81.2595;-0.1603;-0.0548;80.5167;170.0;270.0;255.7;270.0
422.5;0.5037;0.4922;-0.1511;0.0000;-183;-183;-0.1613;81.5038;-0.1679;-0.0548;81.3163;171.6;270.0;257.3;270.0
423.0;0.4826;0.4721;-0.1291;0.0000;-183;-185;-0.0049;81.6641;-0.1679;-0.0548;81.3163;171.3;270.0;257.9;270.0
423.5;0.4629;0.4524;-0.0096;0.0000;-181;-187;-0.0049;81.9008;-0.1679;-0.0548;81.3163;171.0;270.0;257.3;270.0
424.0;0.4423;0.4322;-0.0797;0.0000;-185;-189;-0.0049;82.0611;-0.1679;-0.0548;81.3163;170.8;270.0;254.4;270.0
424.5;0.4222;0.4121;0.0495;0.0000;-183;-193;-0.0831;82.2672;-0.1679;-0.0548;82.1159;170.2;270.0;254.4;270.0
425.0;0.4016;0.3924;-0.0701;0.0000;-189;-193;-0.0049;82.4275;-0.1679;-0.0548;82.1159;170.8;270.0;254.4;270.0
425.5;0.3814;0.3723;-0.0920;0.0000;-191;-191;-0.0049;82.5878;-0.1679;-0.0548;82.1159;170.8;269.7;255.2;270.0
426.0;0.3603;0.3521;-0.1154;0.0000;-193;-193;-0.0831;82.7099;-0.1679;-0.0768;82.1159;170.8;267.6;254.7;270.0
426.5;0.3393;0.3324;-0.1305;0.0000;-196;-195;0.0831;82.8244;-0.1679;-0.0768;82.1159;170.2;266.0;253.1;270.0
427.0;0.3173;0.3123;-0.0975;0.0000;-196;-196;-0.0049;82.9084;-0.1679;-0.0768;82.1159;170.2;266.6;253.1;270.0
427.5;0.2953;0.2921;-0.3063;0.0000;-202;-193;0.0049;82.9924;-0.1679;-0.0768;82.9155;169.7;265.8;253.9;270.0
428.0;0.2743;0.2724;-0.2967;0.0000;-202;-195;0.0049;83.1527;-0.1679;-0.0988;82.9155;170.8;267.1;255.2;270.0
428.5;0.2523;0.2523;-0.4135;0.0000;-206;-191;-0.0733;83.1908;-0.1679;-0.0988;82.9155;170.2;266.6;256.0;270.0
429.0;0.2308;0.2321;-0.3379;0.0000;-206;-195;0.0049;83.2672;-0.1679;-0.1207;82.9155;171.0;266.0;255.2;270.0
429.5;0.2097;0.2129;-0.3159;0.0000;-196;-187;0.0049;83.3511;-0.1679;-0.1207;82.9155;170.8;265.8;255.2;270.0
430.0;0.1877;0.1946;-0.1854;0.0000;-181;-177;0.0049;83.3511;-0.1679;-0.1207;82.9155;170.5;264.2;255.7;270.0
430.5;0.1671;0.1772;-0.2514;0.0000;-171;-163;0.0049;83.4275;-0.1679;-0.1427;82.9155;170.2;263.1;256.5;270.0
431.0;0.1474;0.1607;-0.2308;0.0000;-159;-153;-0.0733;83.4733;-0.1679;-0.1427;82.9155;170.8;264.7;255.7;270.0
431.5;0.1277;0.1447;-0.1030;0.0000;-144;-144;-0.0049;83.4733;-0.1679;-0.1427;82.9155;170.2;265.0;254.7;270.0
432.0;0.1094;0.1296;-0.1442;0.0000;-134;-130;0.0831;83.5115;-0.1679;-0.1427;82.9155;170.5;267.6;253.9;270.0
432.5;0.0916;0.1154;-0.0055;0.0000;-118;-122;-0.0049;83.5115;-0.1679;-0.1427;82.9155;170.8;267.9;254.4;270.0
433.0;0.0746;0.1021;-0.0989;0.0000;-109;-107;-0.0049;83.5115;-0.1679;-0.1427;82.9155;170.2;268.4;254.4;270.0
433.5;0.0582;0.0893;-0.0069;0.0000;-95;-99;-0.0049;83.5115;-0.1679;-0.1427;82.9155;170.8;269.2;253.6;270.0
434.0;0.0430;0.0778;-0.0742;0.0000;-83;-83;-0.0049;83.5115;-0.1679;-0.1427;82.9155;170.8;270.0;252.8;270.0
434.5;0.0288;0.0668;0.0206;0.0000;-71;-75;-0.0049;83.5115;-0.1679;-0.1427;82.9155;171.3;270.0;252.8;270.0
435.0;0.0160;0.0568;-0.0055;0.0000;-60;-62;-0.0049;83.5115;-0.1679;-0.1427;82.9155;170.8;270.0;253.9;270.0
435.5;0.0037;0.0472;0.0783;0.0000;-46;-52;-0.0049;83.5115;-0.1679;-0.1427;82.9155;171.0;270.0;253.9;270.0
436.0;-0.0069;0.0389;0.0151;0.0000;-36;-40;-0.0049;83.5115;-0.1679;-0.1427;82.9155;171.0;270.0;253.6;270.0
436.5;-0.0169;0.0311;-0.1071;0.0000;-28;-26;-0.0049;83.5115;-0.1679;-0.1427;82.9155;171.0;270.0;253.1;270.0
437.0;-0.0256;0.0243;-0.0096;0.0000;-15;-17;-0.0049;83.5115;-0.1679;-0.1427;82.9155;170.5;270.0;253.9;270.0
437.5;-0.0339;0.0183;-0.1332;0.0000;-9;-3;0.0831;83.4733;-0.1679;-0.1647;82.9155;171.3;270.0;255.2;270.0
438.0;-0.0412;0.0133;-0.0879;0.0000;5;7;-0.0049;83.4733;-0.1679;-0.1647;82.9155;171.0;270.0;256.5;270.0
438.5;-0.0472;0.0092;-0.2060;0.0000;13;21;0.0049;83.4733;-0.1679;-0.1647;82.9155;171.3;270.0;256.0;270.0
439.0;-0.0522;0.0055;-0.2349;0.0000;22;30;0.0049;83.4733;-0.1679;-0.1647;82.9155;171.3;270.0;256.0;270.0
439.5;-0.0559;0.0027;-0.3173;0.0000;30;44;0.0049;83.4733;-0.1679;-0.1867;82.9155;171.6;270.0;256.5;270.0
440.0;-0.0604;0.0009;-0.2321;0.0000;44;54;0.0049;83.3893;-0.1679;-0.1867;82.9155;171.0;270.0;258.4;270.0
440.5;-0.0632;0.0000;-0.2679;0.0000;22;32;0.0049;83.3893;-0.1679;-0.1867;82.9155;171.6;270.0;258.4;270.0