general_params = {
fan_speed = 600.000000,
angular_kp = 0.090000,
angular_ki = 0.000500,
angular_kd = 0.050000,
angular_acc_feed_forward_k = 0.000600,
angular_brake_feed_forward_k = 0.000600,
angular_vel_feed_forward_k = 0.005600,
linear_vel_acc_feed_forward_k = 0.033000,
linear_vel_brake_feed_forward_k = 0.025000,
linear_vel_feed_forward_k = 0.141000,
wall_kp = 0.025000,
wall_ki = 0.000000,
wall_kd = 0.000000,
linear_vel_kp = 2.500000,
linear_vel_ki = 0.010000,
linear_vel_kd = 0.000000,
diagonal_walls_kp = 0.015000,
diagonal_walls_ki = 0.000000,
diagonal_walls_kd = 0.000000,
start_wall_break_mm_left = 56.000000,
start_wall_break_mm_right = 64.000000,
enable_wall_break_correction = 1.000000,
max_linear_acc_jerk = 625.000000,
max_linear_brake_jerk = 625.000000,
wheel_radius_mm = 13.100000,
coulomb_ff = 0.180000,
angular_coulomb_ff = 0.070000,
angular_static_ff = 0.250000,
angular_coulomb_ff_inplace = 0.000000,
angular_static_ff_inplace = 0.000000,
};
t;Vel;TgtVel;AngVel;TgtAngVel;PWM_L;PWM_R;ImuDiff;PosX;PosY;Angle;Dist;SensL;SensFL;SensFR;SensR
0.0;1.6941;1.6996;0.1195;-0.0206;228;97;0.0733;0.8397;0.0000;-0.0109;0.5557;192.1;212.7;222.0;270.0
0.5;1.6955;1.6996;0.1168;-0.0604;234;89;-0.0049;1.7252;0.0000;-0.0109;1.3553;193.2;215.6;226.7;270.0
1.0;1.6978;1.6996;0.1250;-0.1209;241;79;-0.0049;2.6107;0.0000;-0.0109;2.1549;192.9;213.8;224.9;270.0
1.5;1.6996;1.6996;0.0343;-0.2005;245;73;0.0733;3.5344;0.0000;-0.0109;2.9546;192.9;213.5;224.3;270.0
2.0;1.7024;1.6996;-0.1044;-0.3008;249;67;-0.0049;4.4198;0.0000;-0.0109;3.7542;192.9;214.8;224.3;270.0
2.5;1.7047;1.6996;-0.2788;-0.4203;253;62;0.0049;5.2977;0.0000;-0.0109;4.5538;192.1;215.1;224.3;270.0
3.0;1.7051;1.6996;-0.4423;-0.5604;214;99;0.0147;6.1832;0.0000;-0.0328;6.1530;192.7;216.4;224.1;270.0
3.5;1.7060;1.6996;-0.6456;-0.7212;220;93;0.0147;7.0687;-0.0076;-0.0548;6.9526;192.1;216.7;222.8;270.0
4.0;1.7065;1.6996;-0.9890;-0.9011;222;91;-0.0538;7.9924;-0.0076;-0.0768;7.7522;192.1;216.2;221.7;270.0
4.5;1.7060;1.6996;-1.0508;-1.1003;232;79;-0.0538;8.8397;-0.0076;-0.0988;8.5518;192.1;214.8;221.2;270.0
5.0;1.7056;1.6996;-1.3434;-1.3201;238;75;-0.0342;9.6794;-0.0076;-0.1427;9.3514;193.2;213.5;220.9;270.0
5.5;1.7042;1.6996;-1.5371;-1.5604;243;67;0.0538;10.4886;-0.0076;-0.1867;10.1510;193.5;211.4;219.6;270.0
6.0;1.7047;1.6996;-1.8310;-1.8201;249;64;-0.0244;11.4122;-0.0153;-0.2306;10.9506;193.5;209.8;218.5;270.0
6.5;1.7047;1.6996;-2.0385;-2.1003;259;54;-0.0147;12.2519;-0.0153;-0.2965;11.7503;193.7;208.0;217.7;270.0
7.0;1.7056;1.6996;-2.3997;-2.4011;265;50;-0.0831;13.1374;-0.0229;-0.3624;12.5499;194.8;206.1;216.9;270.0
7.5;1.7056;1.6996;-2.6827;-2.7212;273;40;0.0147;13.9847;-0.0305;-0.4503;13.3495;194.5;204.5;216.7;270.0
8.0;1.7060;1.6996;-3.0481;-3.0604;277;34;0.1026;14.8702;-0.0382;-0.5382;14.1491;195.6;203.5;216.7;270.0
8.5;1.7070;1.6996;-3.4464;-3.4203;283;28;-0.0440;15.7481;-0.0458;-0.6261;15.7483;198.2;202.2;215.4;270.0
9.0;1.7074;1.6996;-3.7431;-3.8008;290;21;-0.0342;16.5573;-0.0534;-0.7360;16.5479;200.1;199.5;214.8;270.0
9.5;1.7074;1.6996;-4.2940;-4.2005;294;17;0.0635;17.4809;-0.0687;-0.8679;17.3475;202.2;197.4;214.3;270.0
10.0;1.7079;1.6996;-4.5920;-4.6209;304;7;-0.0831;18.3206;-0.0763;-0.9997;18.1471;200.8;195.3;214.0;270.0
10.5;1.7083;1.6996;-5.0165;-5.0604;312;-1;0.0147;19.2061;-0.0916;-1.1315;18.9467;203.2;194.0;213.5;270.0
11.0;1.7092;1.6996;-5.3324;-5.5206;322;-11;0.0147;20.0916;-0.1145;-1.2854;19.7464;204.0;192.7;213.3;270.0
11.5;1.7097;1.6996;-5.7926;-6.0000;329;-19;-0.0440;20.9313;-0.1374;-1.4612;20.5460;204.8;192.7;213.5;270.0
12.0;1.7102;1.6996;-6.2788;-6.5000;339;-26;-0.0244;21.7786;-0.1527;-1.6369;21.3456;204.8;192.4;213.3;270.0
12.5;1.7102;1.6996;-6.7802;-7.0206;347;-34;-0.0147;22.6183;-0.1832;-1.8347;22.1452;207.2;192.7;212.5;270.0
13.0;1.7102;1.6996;-7.1992;-7.5604;359;-46;-0.0733;23.5038;-0.2137;-2.0325;22.9448;208.5;192.9;211.9;270.0
13.5;1.7111;1.6996;-7.5206;-8.1085;369;-56;-0.0635;24.3893;-0.2443;-2.2522;23.7444;210.1;192.1;211.7;270.0
14.0;1.7120;1.6996;-8.2335;-8.6429;363;-50;-0.0342;25.2748;-0.2824;-2.4720;24.5440;211.1;191.6;212.2;270.0
14.5;1.7120;1.6996;-8.5948;-9.1662;365;-52;-0.1906;26.0763;-0.3206;-2.7356;25.3436;212.7;191.1;211.4;270.0
15.0;1.7115;1.6996;-9.2734;-9.6758;359;-46;-0.0831;26.9160;-0.3588;-2.9993;26.1432;213.8;189.8;212.7;270.0
15.5;1.7120;1.6996;-9.8365;-10.1731;355;-42;-0.1417;27.8015;-0.4046;-3.2850;27.7425;216.4;186.1;212.5;270.0
16.0;1.7120;1.6996;-10.4231;-10.6580;349;-38;-0.0440;28.6412;-0.4580;-3.5707;28.5421;216.7;185.3;211.7;270.0
16.5;1.7115;1.6996;-10.9176;-11.1305;347;-34;-0.0147;29.4886;-0.5114;-3.9003;29.3417;219.6;182.4;211.4;270.0
17.0;1.7115;1.6996;-11.4931;-11.5907;341;-28;-0.0929;30.3664;-0.5725;-4.2079;30.1413;222.8;180.3;210.9;270.0
17.5;1.7106;1.6996;-12.0934;-12.0385;335;-24;-0.2102;31.2519;-0.6412;-4.5815;30.9409;225.4;177.9;211.1;270.0
18.0;1.7111;1.6996;-12.6099;-12.4725;331;-19;-0.0538;32.1298;-0.7176;-4.9330;31.7405;226.7;176.3;211.4;270.0
18.5;1.7115;1.6996;-13.1429;-12.8956;326;-15;-0.1906;33.0076;-0.7939;-5.3066;32.5401;230.1;174.5;212.5;270.0
19.0;1.7111;1.6996;-13.3970;-13.3063;327;-17;-0.0929;33.8550;-0.8779;-5.6802;33.3397;230.7;174.2;214.3;270.0
19.5;1.7111;1.6996;-14.0124;-13.7033;320;-11;-0.1417;34.7328;-0.9618;-6.0977;34.1393;232.8;171.6;215.6;270.0
20.0;1.7111;1.6996;-14.1827;-14.0879;324;-13;-0.0733;35.5725;-1.0534;-6.4932;34.9389;234.6;169.2;216.9;270.0
20.5;1.7111;1.6996;-14.6635;-14.4602;316;-7;-0.0635;36.4046;-1.1527;-6.9107;35.7386;233.8;167.6;219.1;270.0
21.0;1.7102;1.6996;-15.0385;-14.8201;314;-5;-0.1906;37.2443;-1.2595;-7.3502;36.5382;234.4;167.1;222.0;270.0
21.5;1.7102;1.6996;-15.3379;-15.1676;314;-5;-0.2004;38.0840;-1.3740;-7.7897;38.1374;230.7;165.7;226.2;270.0
22.0;1.7102;1.6996;-15.5508;-15.5027;314;-5;-0.2493;38.9542;-1.4962;-8.2291;38.9370;227.2;165.5;232.3;270.0
22.5;1.7115;1.6996;-15.9780;-15.8255;308;-1;-0.1808;39.8702;-1.6336;-8.6906;39.7366;223.0;164.4;241.2;270.0
23.0;1.7129;1.6996;-16.4629;-16.1360;302;5;-0.2297;40.7481;-1.7634;-9.1521;40.5362;219.9;164.7;251.5;270.0
23.5;1.7138;1.6996;-16.7074;-16.4327;298;5;-0.1417;41.5802;-1.9008;-9.6355;41.3358;216.2;166.3;263.1;270.0
24.0;1.7157;1.6996;-17.1951;-16.7184;290;11;-0.1222;42.4886;-2.0611;-10.1409;42.1354;214.8;167.1;270.0;270.0
24.5;1.7170;1.6996;-17.3022;-16.9904;290;9;-0.2004;43.3588;-2.2214;-10.6243;42.9350;211.4;167.3;270.0;270.0
25.0;1.7184;1.6996;-17.7651;-17.2500;283;17;-0.1222;44.1908;-2.3817;-11.1297;43.7346;211.4;168.9;270.0;270.0
25.5;1.7184;1.6996;-17.9313;-17.4986;281;17;-0.1711;45.0534;-2.5573;-11.6571;44.5343;211.1;169.7;270.0;270.0
26.0;1.7193;1.6996;-18.2665;-17.7335;275;21;-0.1808;45.9160;-2.7405;-12.1625;45.3339;211.4;170.0;270.0;270.0
26.5;1.7202;1.6996;-18.6126;-17.9560;271;24;-0.2297;46.8244;-2.9389;-12.7118;46.9331;210.6;170.2;270.0;270.0
27.0;1.7216;1.6996;-18.7775;-18.1662;267;26;-0.1515;47.6870;-3.1374;-13.2392;47.7327;212.5;169.4;270.0;270.0
27.5;1.7216;1.6996;-19.0124;-18.3626;263;30;-0.0635;48.5038;-3.3359;-13.7886;48.5323;210.6;169.2;270.0;270.0
28.0;1.7212;1.6996;-19.1978;-18.5481;257;32;-0.0538;49.3206;-3.5344;-14.3379;49.3319;211.4;168.9;270.0;270.0
28.5;1.7216;1.6996;-19.5989;-18.7212;249;42;-0.0244;50.2214;-3.7710;-14.9092;50.1315;210.1;168.7;270.0;270.0
29.0;1.7207;1.6996;-19.6731;-18.8805;247;44;-0.1222;50.9924;-3.9847;-15.4586;50.9311;208.8;168.7;270.0;270.0
29.5;1.7198;1.6996;-19.9327;-19.0288;243;50;-0.1222;51.7710;-4.1985;-16.0299;51.7307;206.9;169.2;270.0;270.0
30.0;1.7175;1.6996;-20.0426;-19.1635;239;52;-0.1906;52.5802;-4.4351;-16.6012;52.5304;207.2;168.7;270.0;270.0
30.5;1.7152;1.6996;-20.1648;-19.2857;238;58;0.0635;53.3435;-4.6718;-17.1726;53.3300;203.8;168.1;270.0;270.0
31.0;1.7138;1.6996;-20.5151;-19.3956;230;65;-0.0635;54.1908;-4.9313;-17.7878;54.1296;200.3;167.3;270.0;270.0
31.5;1.7125;1.6996;-20.7212;-19.4931;224;73;0.0538;54.9542;-5.1832;-18.3592;54.9292;199.5;167.1;270.0;270.0
32.0;1.7111;1.6996;-20.8489;-19.5783;218;77;0.0049;55.7557;-5.4504;-18.9525;55.7288;196.6;166.5;270.0;270.0
32.5;1.7092;1.6996;-20.9574;-19.6511;214;83;-0.1515;56.5496;-5.7328;-19.5677;56.5284;194.8;166.5;270.0;270.0
33.0;1.7079;1.6996;-20.9918;-19.7102;212;87;0.0244;57.3435;-6.0153;-20.1830;57.3280;192.7;166.3;270.0;270.0
33.5;1.7065;1.6996;-21.0055;-19.7582;210;91;-0.0049;58.1374;-6.3130;-20.7763;58.1276;190.8;167.1;270.0;270.0
34.0;1.7042;1.6996;-21.1360;-19.7926;206;97;-0.0049;58.8473;-6.5878;-21.3696;58.9272;189.2;167.3;270.0;270.0
34.5;1.7015;1.6996;-20.9766;-19.8159;206;99;0.1026;59.5954;-6.8855;-21.9849;59.7268;188.4;169.2;270.0;270.0
35.0;1.6992;1.6996;-21.1003;-19.8255;202;107;0.0831;60.3359;-7.1908;-22.5782;60.5265;185.8;170.5;270.0;270.0
35.5;1.6969;1.6996;-21.0357;-19.8255;202;109;0.0342;61.1145;-7.5191;-23.1934;61.3261;184.8;171.3;270.0;270.0
36.0;1.6941;1.6996;-20.9657;-19.8255;204;109;-0.0147;61.8931;-7.8550;-23.7867;62.1257;182.1;172.1;270.0;270.0
36.5;1.6918;1.6996;-20.9451;-19.8255;208;110;-0.0733;62.6260;-8.1832;-24.3800;62.9253;180.5;172.9;270.0;270.0
37.0;1.6900;1.6996;-20.9052;-19.8132;206;114;0.0049;63.3893;-8.5344;-24.9733;64.5245;179.2;173.1;270.0;270.0
37.5;1.6873;1.6996;-20.7047;-19.7885;208;114;-0.0635;64.1221;-8.8779;-25.5886;65.3241;177.6;173.4;270.0;270.0
38.0;1.6859;1.6996;-20.5192;-19.7500;208;116;-0.0244;64.8779;-9.2443;-26.1599;66.1237;176.0;172.9;270.0;270.0
38.5;1.6854;1.6996;-20.4409;-19.7005;206;120;-0.0244;65.6336;-9.6183;-26.7313;66.9233;176.3;171.8;270.0;270.0
39.0;1.6836;1.6996;-20.2308;-19.6387;206;122;-0.0147;66.3817;-10.0076;-27.3246;67.7229;173.9;171.3;270.0;270.0
39.5;1.6822;1.6996;-20.2761;-19.5632;200;130;-0.0244;67.1298;-10.3969;-27.8959;68.5226;171.8;170.0;270.0;270.0
40.0;1.6809;1.6996;-20.1717;-19.4753;198;134;0.0049;67.8779;-10.7939;-28.4892;69.3222;170.0;169.7;270.0;270.0
40.5;1.6795;1.6996;-20.1085;-19.3750;193;140;0.0342;68.5802;-11.1832;-29.0605;70.1218;169.7;170.5;270.0;270.0
41.0;1.6781;1.6996;-19.9670;-19.2637;191;144;-0.0342;69.3206;-11.5954;-29.6318;70.9214;166.8;169.4;270.0;270.0
41.5;1.6763;1.6996;-19.7404;-19.1387;191;148;0.0440;70.0153;-11.9924;-30.2032;71.7210;165.0;169.4;270.0;270.0
42.0;1.6735;1.6996;-19.5852;-19.0000;187;152;-0.0244;70.6718;-12.3817;-30.7745;72.5206;163.6;168.7;270.0;270.0
42.5;1.6712;1.6996;-19.3338;-18.8503;187;155;0.0244;71.3588;-12.7939;-31.3238;73.3202;161.8;168.1;270.0;270.0
43.0;1.6694;1.6996;-19.2157;-18.6882;183;161;0.0147;72.0458;-13.2214;-31.8512;74.1198;160.2;167.9;270.0;270.0
43.5;1.6676;1.6996;-18.9670;-18.5137;181;163;0.0929;72.7634;-13.6641;-32.4006;74.9194;157.0;167.9;270.0;270.0
44.0;1.6658;1.6996;-18.8736;-18.3255;175;171;0.0929;73.4046;-14.0763;-32.9499;75.7190;157.6;168.1;270.0;270.0
44.5;1.6630;1.6996;-18.7033;-18.1250;171;179;0.0342;74.0763;-14.5191;-33.4993;76.5187;156.5;168.4;270.0;270.0
45.0;1.6607;1.6996;-18.5714;-17.9135;165;187;0.0538;74.7099;-14.9466;-34.0047;77.3183;153.3;168.9;270.0;270.0
45.5;1.6593;1.6996;-18.5082;-17.6882;159;196;0.0831;75.4122;-15.4198;-34.5540;78.1179;150.7;169.4;270.0;270.0
46.0;1.6571;1.6996;-18.1799;-17.4505;159;200;0.0733;76.0992;-15.9008;-35.0594;78.9175;149.1;169.7;270.0;270.0
46.5;1.6557;1.6996;-18.0893;-17.2005;152;208;0.0831;76.7939;-16.3893;-35.5868;79.7171;147.3;171.3;270.0;270.0
47.0;1.6548;1.6996;-17.8393;-16.9382;150;216;0.0538;77.4733;-16.8855;-36.0922;80.5167;145.7;171.3;270.0;270.0
47.5;1.6538;1.6996;-17.6071;-16.6635;144;224;0.0342;78.1527;-17.3817;-36.5976;81.3163;144.6;172.3;270.0;270.0
48.0;1.6534;1.6996;-17.3503;-16.3750;140;228;0.0440;78.8321;-17.8855;-37.1030;82.1159;143.8;173.7;270.0;270.0
48.5;1.6538;1.6996;-17.1868;-16.0755;134;238;0.0342;79.5038;-18.3969;-37.5864;82.9155;141.2;173.4;270.0;270.0
49.0;1.6538;1.6996;-16.8049;-15.7637;130;239;0.1124;80.1985;-18.9389;-38.0699;83.7151;139.6;174.5;270.0;270.0
49.5;1.6548;1.6996;-16.3036;-15.4382;130;239;-0.0049;80.8626;-19.4656;-38.5313;84.5147;137.8;176.3;270.0;270.0
50.0;1.6548;1.6996;-15.8310;-15.1003;128;241;-0.0147;81.5191;-19.9924;-38.9928;85.3144;138.3;177.9;270.0;270.0
50.5;1.6548;1.6996;-15.2665;-14.7500;128;241;0.0538;82.2061;-20.5496;-39.4322;86.9136;135.9;178.9;270.0;270.0
51.0;1.6552;1.6996;-14.8503;-14.3887;126;245;0.0440;82.8855;-21.1145;-39.8717;87.7132;135.1;181.3;270.0;270.0
51.5;1.6571;1.6996;-14.2610;-14.0137;126;245;-0.1613;83.5649;-21.6870;-40.2673;88.5128;135.1;184.0;270.0;270.0
52.0;1.6584;1.6996;-13.8846;-13.6250;122;249;-0.0929;84.2061;-22.2366;-40.6628;89.3124;133.5;187.9;270.0;270.0
52.5;1.6589;1.6996;-13.5316;-13.2253;114;253;-0.0929;84.8473;-22.7863;-41.0363;90.1120;131.7;192.1;270.0;270.0
53.0;1.6598;1.6996;-13.1140;-12.8132;110;257;-0.0244;85.5115;-23.3664;-41.4319;90.9116;130.4;197.7;270.0;270.0
53.5;1.6612;1.6996;-12.7473;-12.3887;105;265;-0.1026;86.1985;-23.9847;-41.8054;91.7112;128.8;204.8;270.0;270.0
54.0;1.6630;1.6996;-12.5302;-11.9505;95;273;-0.1417;86.8244;-24.5496;-42.1570;92.5108;127.2;211.4;270.0;270.0
54.5;1.6653;1.6996;-12.0577;-11.5000;89;275;0.0147;87.5115;-25.1679;-42.4866;93.3105;126.7;219.9;270.0;270.0
55.0;1.6667;1.6996;-11.5810;-11.0385;83;279;0.0049;88.1298;-25.7405;-42.8382;94.1101;126.4;228.0;270.0;270.0
55.5;1.6685;1.6996;-11.1580;-10.5632;75;284;0.0733;88.7786;-26.3435;-43.1459;94.9097;125.6;237.5;270.0;270.0
56.0;1.6699;1.6996;-10.5989;-10.0755;71;286;-0.0440;89.3969;-26.9237;-43.4535;96.5089;125.1;246.5;270.0;270.0
56.5;1.6722;1.6996;-10.1264;-9.5755;65;292;0.0244;90.0305;-27.5344;-43.7392;97.3085;124.6;257.3;270.0;270.0
57.0;1.6740;1.6996;-9.5701;-9.0632;60;296;0.0049;90.6718;-28.1450;-44.0028;98.1081;123.8;267.6;270.0;270.0
57.5;1.6767;1.6996;-9.0522;-8.5385;54;298;-0.0147;91.3053;-28.7557;-44.2665;98.9077;124.0;270.0;270.0;270.0
58.0;1.6790;1.6996;-8.5302;-8.0000;48;304;-0.0244;91.9389;-29.3817;-44.5082;99.7073;123.0;270.0;270.0;270.0
58.5;1.6813;1.6996;-7.9766;-7.4533;42;306;-0.0440;92.5649;-30.0000;-44.7500;100.5069;123.0;270.0;270.0;270.0
59.0;1.6841;1.6996;-7.3997;-6.9052;38;308;0.0147;93.2214;-30.6489;-44.9477;101.3066;122.2;270.0;270.0;270.0
59.5;1.6864;1.6996;-6.9368;-6.3777;40;306;0.0831;93.8473;-31.2748;-45.1675;102.1062;123.0;270.0;270.0;270.0
60.0;1.6891;1.6996;-6.3255;-5.8709;46;296;-0.0244;94.4962;-31.9313;-45.3433;102.9058;121.9;270.0;270.0;270.0
60.5;1.6918;1.6996;-5.5206;-5.3832;56;283;0.0244;95.1221;-32.5649;-45.4971;104.5050;121.9;270.0;270.0;270.0
61.0;1.6937;1.6996;-4.8530;-4.9162;64;273;0.0831;95.7099;-33.1679;-45.6289;105.3046;121.4;270.0;270.0;270.0
61.5;1.6955;1.6996;-4.1882;-4.4684;71;263;0.1417;96.3282;-33.7939;-45.7608;106.1042;120.4;270.0;270.0;270.0
62.0;1.6964;1.6996;-3.5934;-4.0412;77;253;0.0440;96.9160;-34.4046;-45.8487;106.9038;119.8;270.0;270.0;270.0
62.5;1.6978;1.6996;-3.0110;-3.6332;85;245;0.1026;97.5878;-35.0916;-45.9366;107.7034;119.3;270.0;270.0;270.0
63.0;1.6992;1.6996;-2.4299;-3.2459;93;236;0.0831;98.1985;-35.7328;-46.0244;108.5030;119.0;270.0;270.0;270.0
63.5;1.7001;1.6996;-1.9794;-2.8777;99;228;0.0635;98.8168;-36.3664;-46.0684;109.3027;119.3;270.0;270.0;270.0
64.0;1.7010;1.6996;-1.6662;-2.5302;101;224;0.0538;99.4275;-37.0076;-46.1123;110.1023;118.5;270.0;270.0;270.0
64.5;1.7015;1.6996;-1.3874;-2.2033;105;220;-0.0342;100.0153;-37.6107;-46.1563;110.9019;117.7;270.0;270.0;270.0
65.0;1.7024;1.6996;-1.0137;-1.8956;110;212;0.0342;100.6260;-38.2519;-46.1783;111.7015;115.3;270.0;270.0;270.0
65.5;1.7028;1.6996;-0.8448;-1.6085;110;206;0.1026;101.2137;-38.8626;-46.2222;113.3007;114.5;270.0;270.0;270.0
66.0;1.7033;1.6996;-0.5234;-1.3407;114;200;0.0929;101.7939;-39.4656;-46.2222;114.1003;114.0;270.0;270.0;270.0
66.5;1.7042;1.6996;-0.2802;-1.0934;118;195;0.0049;102.4046;-40.1069;-46.2442;114.8999;115.1;270.0;270.0;270.0
67.0;1.7051;1.6996;-0.0234;-0.8654;124;191;0.1613;103.0153;-40.7481;-46.2442;115.6995;114.8;270.0;270.0;270.0
67.5;1.7060;1.6996;0.0618;-0.6580;124;187;0.0733;103.6565;-41.4122;-46.2442;116.4991;113.0;270.0;270.0;270.0
68.0;1.7065;1.6996;0.1346;-0.4712;126;185;0.0733;104.2443;-42.0229;-46.2222;117.2988;113.8;270.0;270.0;270.0
68.5;1.7070;1.6996;0.3036;-0.3036;134;181;-0.0147;104.8550;-42.6641;-46.2222;118.0984;113.0;270.0;270.0;270.0
69.0;1.7083;1.6996;0.4492;-0.1552;138;173;-0.0244;105.4657;-43.2977;-46.2002;118.8980;112.7;270.0;270.0;270.0
69.5;1.7088;1.6996;0.6346;-0.0288;144;165;0.0538;106.0534;-43.9084;-46.2002;119.6976;113.5;270.0;270.0;270.0
70.0;1.7097;1.6996;0.6319;0.0000;155;155;-0.0244;106.6641;-44.5420;-46.1783;120.4972;114.3;270.0;270.0;270.0
70.5;1.7115;1.6996;0.7019;0.0000;163;146;0.0538;107.3053;-45.2137;-46.1563;122.0964;113.0;270.0;270.0;270.0
71.0;1.7129;1.6996;0.6717;0.0000;161;146;0.0538;107.8855;-45.8244;-46.1343;122.8960;114.8;270.0;270.0;270.0
71.5;1.7134;1.6996;0.6992;0.0000;161;144;-0.0342;108.5038;-46.4580;-46.1123;123.6956;115.9;270.0;270.0;270.0
72.0;1.7143;1.6996;0.7335;0.0000;161;144;0.1320;109.1145;-47.0916;-46.0904;124.4952;116.9;270.0;270.0;270.0
72.5;1.7152;1.6996;0.5934;0.0000;157;146;-0.0244;109.7252;-47.7328;-46.0684;125.2948;117.7;270.0;270.0;270.0
73.0;1.7157;1.7074;0.5783;0.0000;281;271;-0.0049;0.8779;0.0000;-0.0109;0.5557;117.7;270.0;270.0;270.0
73.5;1.7184;1.7147;0.5275;0.0000;290;283;0.0538;1.7252;0.0000;0.0111;1.3553;117.4;270.0;270.0;270.0
74.0;1.7230;1.7221;0.4684;0.0000;292;288;-0.0244;2.6870;0.0000;0.0111;2.1549;119.8;270.0;270.0;270.0
74.5;1.7285;1.7299;0.3365;0.0000;292;294;-0.0147;3.5725;0.0000;0.0331;2.9546;119.0;270.0;270.0;270.0
75.0;1.7349;1.7372;0.3544;0.0000;296;298;0.0635;4.4962;0.0000;0.0331;3.7542;119.0;270.0;270.0;270.0
75.5;1.7413;1.7450;0.2363;0.0000;294;302;-0.0147;5.3817;0.0000;0.0331;5.3534;120.6;270.0;270.0;270.0
76.0;1.7482;1.7523;0.2363;0.0000;296;302;-0.0147;6.2672;0.0000;0.0551;6.1530;119.6;270.0;270.0;270.0
76.5;1.7550;1.7596;0.1841;0.0000;296;306;-0.0147;7.1527;0.0000;0.0551;6.9526;118.8;270.0;270.0;270.0
77.0;1.7624;1.7674;0.1291;0.0000;292;302;-0.0049;8.0305;0.0000;0.0551;7.7522;117.4;270.0;270.0;270.0
77.5;1.7697;1.7747;0.1717;0.0000;294;302;-0.0147;8.9160;0.0000;0.0551;8.5518;115.1;270.0;270.0;270.0
78.0;1.7775;1.7821;0.0879;0.0000;292;306;0.0733;9.8397;0.0076;0.0770;9.3514;115.3;270.0;270.0;270.0
78.5;1.7857;1.7898;-0.0069;0.0000;288;306;-0.0049;10.8092;0.0076;0.0770;10.1510;114.3;270.0;270.0;270.0
79.0;1.7949;1.7972;-0.0659;0.0000;288;310;0.0733;11.7328;0.0076;0.0551;10.9506;112.7;270.0;270.0;270.0
79.5;1.8036;1.8049;-0.0371;0.0000;292;310;0.0733;12.6565;0.0076;0.0551;12.5499;114.3;270.0;270.0;270.0
80.0;1.8132;1.8123;-0.0962;0.0000;290;312;-0.0049;13.6183;0.0076;0.0551;13.3495;117.7;270.0;270.0;270.0
80.5;1.8223;1.8196;0.1387;0.0000;296;306;-0.0147;14.5878;0.0076;0.0551;14.1491;120.6;270.0;270.0;270.0
81.0;1.8320;1.8274;0.1799;0.0000;296;304;-0.0147;15.5496;0.0153;0.0770;14.9487;126.7;270.0;270.0;270.0
81.5;1.8407;1.8347;0.2129;0.0000;298;304;-0.0147;16.5115;0.0153;0.0770;15.7483;132.5;270.0;270.0;270.0
82.0;1.8484;1.8425;0.3201;0.0000;302;302;-0.0147;17.3969;0.0153;0.0770;17.3475;138.3;270.0;270.0;270.0
82.5;1.8558;1.8498;0.4052;0.0000;306;300;0.0635;18.3206;0.0153;0.0990;18.1471;145.7;270.0;270.0;270.0
83.0;1.8636;1.8571;0.4162;0.0000;306;300;-0.0244;19.2901;0.0153;0.0990;18.9467;154.9;270.0;270.0;270.0
83.5;1.8718;1.8649;0.3558;0.0000;304;302;-0.0147;20.2519;0.0229;0.1210;19.7464;161.8;270.0;270.0;270.0
84.0;1.8796;1.8723;0.3791;0.0000;304;300;-0.0147;21.2137;0.0229;0.1210;20.5460;173.7;270.0;270.0;270.0
84.5;1.8874;1.8796;0.2198;0.0000;300;306;-0.0147;22.1832;0.0229;0.1430;22.1452;184.8;270.0;270.0;270.0
85.0;1.8956;1.8874;0.3393;0.0000;306;306;0.0635;23.1832;0.0305;0.1430;22.9448;193.2;270.0;269.5;270.0
85.5;1.9029;1.8947;0.3310;0.0000;306;306;-0.0147;24.1527;0.0305;0.1649;23.7444;207.7;270.0;266.0;270.0
86.0;1.9112;1.9025;0.3887;0.0000;308;304;0.0635;25.1527;0.0305;0.1649;24.5440;219.6;270.0;263.7;270.0
86.5;1.9185;1.9098;0.4409;0.0000;310;302;-0.0244;26.1221;0.0382;0.1869;25.3436;230.4;270.0;263.7;270.0
87.0;1.9254;1.9171;0.3434;0.0000;308;306;-0.0929;27.0458;0.0382;0.1869;26.9428;244.1;270.0;262.9;270.0
87.5;1.9318;1.9249;0.4313;0.0000;314;306;-0.0244;28.0076;0.0458;0.2089;27.7425;265.2;270.0;261.0;270.0
88.0;1.9386;1.9322;0.4327;0.0000;314;306;0.0635;29.0153;0.0458;0.2089;28.5421;270.0;270.0;259.2;270.0
88.5;1.9455;1.9396;0.4423;0.0000;314;304;-0.0244;29.9771;0.0534;0.2308;29.3417;270.0;270.0;258.4;270.0
89.0;1.9515;1.9473;0.3462;0.0000;312;310;0.0635;30.9008;0.0534;0.2308;30.1413;270.0;270.0;256.5;270.0
89.5;1.9579;1.9547;0.3791;0.0000;314;310;0.0635;31.9084;0.0611;0.2528;31.7405;270.0;270.0;254.7;270.0
90.0;1.9643;1.9625;0.2500;0.0000;312;314;-0.0147;32.8702;0.0611;0.2528;32.5401;270.0;270.0;253.9;270.0
90.5;1.9716;1.9698;0.3777;0.0000;318;312;-0.1026;33.8779;0.0687;0.2748;33.3397;270.0;270.0;252.3;270.0
91.0;1.9789;1.9771;0.4725;0.0000;322;310;-0.1026;34.8779;0.0763;0.2748;34.1393;270.0;270.0;251.8;270.0
91.5;1.9858;1.9849;0.3874;0.0000;320;314;-0.1026;35.8855;0.0763;0.2968;35.7386;270.0;270.0;252.3;270.0
92.0;1.9931;1.9922;0.4272;0.0000;324;314;-0.0244;36.9313;0.0840;0.2968;36.5382;270.0;270.0;251.0;270.0
92.5;1.9922;2.0000;0.3324;0.0000;327;312;-0.0147;37.9771;0.0916;0.3187;37.3378;270.0;270.0;250.2;270.0
93.0;1.9954;2.0000;0.3310;0.0000;200;185;-0.0929;39.0611;0.0992;0.3187;38.9370;270.0;270.0;249.4;270.0
93.5;1.9986;2.0000;0.2514;0.0000;193;181;-0.0929;40.1450;0.0992;0.3187;39.7366;270.0;270.0;249.9;270.0
94.0;2.0023;2.0000;0.2816;0.0000;191;179;-0.0929;41.2290;0.1069;0.3407;40.5362;270.0;270.0;248.4;270.0
94.5;2.0050;2.0000;0.1593;0.0000;185;179;-0.0147;42.2748;0.1145;0.3407;42.1354;270.0;270.0;247.0;270.0
95.0;2.0064;2.0000;0.1745;0.0000;185;179;-0.0929;43.2824;0.1221;0.3407;42.9350;270.0;270.0;245.5;270.0
95.5;2.0078;2.0000;0.1058;0.0000;181;179;-0.0049;44.3282;0.1298;0.3407;43.7346;270.0;270.0;244.1;270.0
96.0;2.0092;2.0000;0.1415;0.0000;181;177;-0.0929;45.3282;0.1374;0.3627;45.3339;270.0;270.0;242.6;270.0
96.5;2.0105;2.0000;0.1566;0.0000;183;177;-0.0929;46.4122;0.1450;0.3627;46.1335;270.0;270.0;241.2;270.0
97.0;2.0124;2.0000;0.0151;0.0000;177;179;-0.0831;47.4198;0.1450;0.3627;46.9331;270.0;270.0;241.5;270.0
97.5;2.0137;2.0000;0.0110;0.0000;177;179;-0.1613;48.4656;0.1527;0.3627;47.7327;270.0;270.0;239.6;270.0
98.0;2.0151;2.0000;0.0000;0.0000;177;179;-0.0049;49.5115;0.1603;0.3627;49.3319;268.2;270.0;238.6;270.0
98.5;2.0160;2.0000;0.0247;0.0000;175;177;-0.0049;50.5573;0.1679;0.3627;50.1315;269.7;270.0;236.7;270.0
99.0;2.0169;2.0000;-0.0014;0.0000;175;177;-0.0049;51.6031;0.1756;0.3627;50.9311;266.6;270.0;234.9;270.0
99.5;2.0183;2.0000;0.0920;0.0000;177;175;-0.0929;52.6031;0.1832;0.3627;52.5304;264.2;270.0;233.0;270.0
100.0;2.0206;2.0000;0.0549;0.0000;175;175;-0.0049;53.7328;0.1908;0.3627;53.3300;263.1;270.0;231.5;270.0
100.5;2.0229;2.0000;0.0659;0.0000;171;173;-0.0049;54.7786;0.1985;0.3627;54.1296;260.5;270.0;230.1;270.0
101.0;2.0256;2.0000;0.1868;0.0000;175;169;-0.0929;55.8626;0.2061;0.3627;55.7288;258.7;270.0;229.4;270.0
101.5;2.0279;2.0000;0.1813;0.0000;171;167;-0.0929;56.8626;0.2137;0.3847;56.5284;259.4;270.0;227.8;270.0
102.0;2.0298;2.0000;0.2266;0.0000;171;165;-0.0929;57.9466;0.2137;0.3847;57.3280;254.7;270.0;226.5;270.0
102.5;2.0311;2.0000;0.2102;0.0000;169;165;0.0635;58.9542;0.2214;0.3847;58.9272;255.0;270.0;224.6;270.0
103.0;2.0330;2.0000;0.1813;0.0000;167;165;0.0733;60.0382;0.2290;0.3847;59.7268;254.7;270.0;224.6;270.0
103.5;2.0343;2.0000;0.1607;0.0000;167;165;-0.0147;61.0840;0.2366;0.4066;60.5265;252.8;270.0;223.3;270.0
104.0;2.0362;2.0000;0.2033;0.0000;165;165;0.0733;62.0916;0.2443;0.4066;61.3261;252.6;270.0;222.0;270.0
104.5;2.0380;2.0000;0.2115;0.0000;163;163;0.0635;63.1756;0.2519;0.4066;62.9253;250.7;270.0;221.4;270.0
105.0;2.0394;2.0000;0.2527;0.0000;163;161;0.0635;64.1756;0.2595;0.4286;63.7249;247.6;270.0;220.4;270.0
105.5;2.0398;2.0000;0.2102;0.0000;161;161;0.1515;65.2214;0.2672;0.4286;64.5245;247.6;270.0;219.6;270.0
106.0;2.0408;2.0000;0.1305;0.0000;159;163;-0.0049;66.2672;0.2748;0.4286;66.1237;247.6;270.0;219.6;270.0
106.5;2.0412;2.0000;0.2569;0.0000;161;159;0.1515;67.3130;0.2824;0.4286;66.9233;245.7;270.0;218.3;270.0
107.0;2.0412;2.0000;0.2445;0.0000;161;159;0.0635;68.3206;0.2977;0.4506;67.7229;245.2;270.0;218.0;270.0
107.5;2.0412;2.0000;0.3077;0.0000;161;159;0.1417;69.3664;0.3053;0.4506;69.3222;243.6;270.0;215.9;270.0
108.0;2.0412;2.0000;0.3242;0.0000;161;159;0.0635;70.3664;0.3130;0.4506;-0.2439;240.7;270.0;213.3;270.0
108.5;2.0412;2.0000;0.2720;0.0137;95;226;-0.0147;71.4122;0.3206;0.4726;0.5557;241.2;270.0;212.2;270.0
109.0;2.0408;2.0000;0.1140;0.0440;85;236;0.1515;72.4580;0.3282;0.4726;1.3553;239.4;270.0;211.4;270.0
109.5;2.0403;2.0000;0.1236;0.0893;79;241;0.0733;73.4657;0.3359;0.4726;2.9546;238.3;270.0;212.2;270.0
110.0;2.0412;2.0000;0.0659;0.1497;73;247;0.0733;74.5496;0.3435;0.4726;3.7542;238.9;270.0;210.1;270.0
110.5;2.0421;2.0000;0.0783;0.2239;65;253;0.1515;75.5954;0.3511;0.4726;4.5538;236.5;270.0;209.0;270.0
111.0;2.0430;2.0000;0.0852;0.3146;58;259;0.2297;76.5954;0.3664;0.4726;6.1530;237.3;270.0;209.0;270.0
111.5;2.0435;2.0000;0.1456;0.4190;52;265;0.2297;77.6794;0.3740;0.4945;6.9526;233.8;270.0;208.2;270.0
112.0;2.0435;2.0000;0.6016;0.5398;99;218;0.0538;78.6870;0.3817;0.4945;7.7522;233.8;270.0;206.4;270.0
112.5;2.0426;2.0000;1.1511;0.6745;103;212;0.1124;79.6489;0.3893;0.5385;8.5518;232.0;270.0;206.1;270.0
113.0;2.0408;2.0000;1.6538;0.8242;107;208;0.0147;80.5802;0.3969;0.5824;10.1510;233.3;270.0;204.5;270.0
113.5;2.0389;2.0000;2.1580;0.9890;110;206;-0.0049;81.5802;0.4122;0.6484;10.9506;230.4;268.4;203.2;270.0
114.0;2.0362;2.0000;2.5756;1.1690;112;206;0.0635;82.5420;0.4198;0.7143;11.7503;230.1;267.9;201.6;270.0
114.5;2.0334;2.0000;2.7266;1.3640;109;212;0.1417;83.5496;0.4351;0.8022;12.5499;227.8;266.0;200.6;270.0
115.0;2.0311;2.0000;2.9231;1.5742;105;220;0.0538;84.5115;0.4504;0.8901;13.3495;226.7;263.9;199.3;270.0
115.5;2.0288;2.0000;2.9657;1.7995;97;232;-0.0244;85.5191;0.4656;0.9560;14.9487;226.5;262.3;198.7;270.0
116.0;2.0261;2.0000;3.1003;2.0398;91;239;-0.0342;86.5267;0.4809;1.0659;15.7483;225.7;258.7;197.4;270.0
116.5;2.0243;2.0000;3.2033;2.2940;81;249;0.1222;87.5267;0.5038;1.1538;16.5479;224.1;258.7;196.9;270.0
117.0;2.0224;2.0000;3.3764;2.5646;75;257;0.0342;88.4962;0.5267;1.2417;17.3475;223.3;256.8;195.8;270.0
117.5;2.0206;2.0000;3.5014;2.8489;69;269;-0.0440;89.4962;0.5496;1.3515;18.9467;223.0;255.0;195.8;270.0
118.0;2.0192;2.0000;3.6909;3.1497;62;277;0.1026;90.5038;0.5725;1.4394;19.7464;220.9;251.8;194.3;270.0
118.5;2.0179;2.0000;3.8448;3.4643;54;286;0.1808;91.4657;0.5954;1.5493;20.5460;220.6;250.2;194.8;270.0
119.0;2.0165;2.0000;4.0151;3.7940;46;296;0.0929;92.4733;0.6260;1.6811;21.3456;221.4;248.9;193.2;270.0
119.5;2.0156;2.0000;4.4382;4.1387;44;300;0.0831;93.4733;0.6565;1.8130;22.9448;219.6;247.3;192.9;270.0
120.0;2.0142;2.0000;4.6909;4.5000;36;310;0.0733;94.4809;0.6870;1.9448;23.7444;219.1;246.2;192.7;270.0
120.5;2.0133;2.0000;5.1909;4.8750;34;314;0.0538;95.4809;0.7252;2.0986;24.5440;218.3;246.2;193.2;270.0
121.0;2.0128;2.0000;5.6923;5.2637;32;316;0.0440;96.4885;0.7634;2.2525;25.3436;219.3;245.5;192.4;270.0
121.5;2.0119;2.0000;6.0975;5.6690;26;324;0.1808;97.4885;0.8015;2.4282;26.9428;218.5;244.9;191.3;270.0
122.0;2.0119;2.0000;6.5824;6.0893;24;327;0.0147;98.4962;0.8473;2.6040;27.7425;216.2;244.4;191.1;270.0
122.5;2.0114;2.0000;7.1154;6.5247;21;329;0.1515;99.4962;0.8931;2.8238;28.5421;218.0;243.6;190.8;270.0
123.0;2.0114;2.0000;7.5220;6.9739;15;337;0.1320;100.5038;0.9466;3.0215;30.1413;217.5;242.8;191.3;270.0
123.5;2.0105;2.0000;7.8984;7.4396;7;343;0.0342;101.4657;1.0000;3.2633;30.9409;216.9;243.6;190.6;270.0
124.0;2.0092;2.0000;8.5261;7.9190;7;347;0.0244;102.4275;1.0611;3.5050;31.7405;218.5;243.9;191.3;270.0
124.5;2.0069;2.0000;8.8654;8.4148;-3;359;0.0929;103.3511;1.1145;3.7467;32.5401;219.3;243.1;191.1;270.0
125.0;2.0041;2.0000;9.5192;8.9148;-1;361;0.0635;104.2748;1.1832;4.0324;33.3397;216.9;243.1;191.6;270.0
125.5;2.0005;2.0000;10.2363;9.4148;5;357;0.0440;105.1908;1.2443;4.3180;34.1393;216.7;241.5;192.7;270.0
126.0;1.9973;2.0000;10.7706;9.9148;7;359;-0.0733;106.1527;1.3206;4.6257;35.7386;217.5;240.7;192.7;270.0
126.5;1.9950;2.0000;11.3201;10.4148;9;361;0.0929;107.1145;1.4046;4.9553;36.5382;217.2;239.6;192.9;265.0
127.0;1.9927;2.0000;11.9354;10.9148;11;363;0.0635;108.0763;1.4886;5.2849;37.3378;217.5;238.9;193.5;241.8
127.5;1.9899;2.0000;12.3970;11.4148;11;367;-0.0342;109.0000;1.5802;5.6584;38.1374;218.0;238.9;193.7;220.4
128.0;1.9872;2.0000;12.9780;11.9148;13;367;-0.0733;110.0000;1.6794;6.0320;38.9370;216.9;237.8;194.0;202.7
128.5;1.9849;2.0000;13.6429;12.4148;17;367;0.0831;110.9160;1.7786;6.4055;40.5362;220.1;237.3;194.8;186.6
129.0;1.9826;2.0000;14.0151;12.9148;13;372;-0.0049;111.8779;1.8931;6.8011;41.3358;220.1;236.5;195.8;174.2
129.5;1.9799;2.0000;14.5069;13.4148;13;374;0.1222;112.8321;2.0076;7.2406;42.1354;221.2;235.2;196.4;165.5
130.0;1.9762;2.0000;14.8805;13.9148;11;382;0.1320;113.7099;2.1221;7.6581;42.9350;220.6;233.3;197.2;158.6
130.5;1.9725;2.0000;15.3077;14.4148;9;388;0.0929;114.6641;2.2595;8.0975;43.7346;220.1;232.0;198.5;153.9
131.0;1.9689;2.0000;15.8462;14.9148;11;392;0.0147;115.5802;2.3893;8.5370;44.5343;219.9;230.4;200.1;150.4
131.5;1.9652;2.0000;16.2871;15.4148;9;398;0.1515;116.4885;2.5344;9.0205;46.1335;220.6;230.1;201.9;147.8
132.0;1.9615;2.0000;16.6854;15.9148;7;404;0.1320;117.4046;2.6794;9.5039;46.9331;222.5;229.9;202.7;145.7
132.5;1.9592;2.0000;17.2129;16.4148;9;408;0.1026;118.3969;2.8550;9.9873;47.7327;222.0;228.3;204.5;144.4
133.0;1.9574;2.0000;17.6442;16.9148;7;415;0.1906;119.3435;3.0229;10.4927;48.5323;223.3;227.5;206.7;142.5
133.5;1.9560;2.0000;18.1181;17.4025;11;412;0.0929;120.3282;3.2137;10.9981;49.3319;223.3;225.9;209.0;140.7
134.0;1.9551;2.0000;18.7088;17.8764;17;404;0.1320;121.3588;3.4198;11.5475;50.9311;223.8;226.2;211.7;139.6
134.5;1.9547;2.0000;19.0893;18.3393;17;406;0.1417;122.2977;3.6107;12.0968;51.7307;224.6;225.1;214.6;139.4
135.0;1.9551;2.0000;19.8379;18.7898;26;396;0.0831;123.3206;3.8397;12.6681;52.5304;225.1;223.8;217.5;139.6
135.5;1.9560;2.0000;20.2981;19.2267;30;394;0.1124;124.3359;4.0763;13.2395;54.1296;223.5;222.2;221.7;140.7
136.0;1.9574;2.0000;20.9162;19.6525;36;386;0.1515;125.3130;4.3053;13.8328;54.9292;224.9;220.4;224.1;141.7
136.5;1.9592;2.0000;21.2816;20.0646;36;382;0.0538;126.3282;4.5649;14.4480;55.7288;224.6;218.5;227.5;142.8
137.0;1.9606;2.0000;21.8791;20.4643;44;376;0.1711;127.3359;4.8321;15.0853;56.5284;225.1;215.9;230.7;143.3
137.5;1.9620;2.0000;22.0179;20.8517;38;378;0.1124;128.3053;5.0992;15.7225;58.1276;224.9;214.6;234.4;145.7
138.0;1.9629;2.0000;22.4712;21.2267;44;374;0.1124;129.2748;5.3740;16.3598;58.9272;224.1;212.2;238.6;147.3
138.5;1.9629;2.0000;22.9066;21.5893;48;369;0.0733;130.2366;5.6641;16.9970;59.7268;225.7;211.4;243.3;148.3
139.0;1.9638;2.0000;23.2225;21.9396;50;367;0.0635;131.1985;5.9618;17.6782;61.3261;225.9;209.6;247.8;149.4
139.5;1.9652;2.0000;23.3846;22.2775;48;369;0.1320;132.1908;6.2901;18.3594;62.1257;225.4;207.4;253.9;150.7
140.0;1.9670;2.0000;23.4354;22.6017;42;372;0.1417;133.1756;6.6183;19.0186;62.9253;227.2;203.8;258.7;152.0
140.5;1.9693;2.0000;23.8668;22.9148;46;367;0.2102;134.1985;6.9847;19.6998;63.7249;229.1;202.2;263.7;152.8
141.0;1.9712;2.0000;23.9629;23.2143;44;367;0.1124;135.1832;7.3359;20.3810;65.3241;232.3;200.3;267.6;153.9
141.5;1.9730;2.0000;24.4203;23.5014;50;361;0.0929;136.1603;7.7099;21.1062;66.1237;236.2;198.7;268.9;155.7
142.0;1.9744;2.0000;24.5687;23.7775;48;359;0.1906;137.0992;8.0763;21.7874;66.9233;242.6;196.9;266.6;157.3
142.5;1.9753;2.0000;24.8791;24.0398;52;355;0.1026;138.0611;8.4733;22.4905;68.5226;252.1;195.8;263.7;158.1
143.0;1.9757;2.0000;25.0453;24.2898;52;353;0.2395;139.0229;8.8779;23.2157;69.3222;261.8;194.5;259.2;159.9
143.5;1.9762;2.0000;25.2569;24.5275;54;349;0.1515;139.9466;9.2824;23.9408;70.1218;270.0;192.4;252.3;161.5
144.0;1.9771;2.0000;25.7143;24.7514;62;341;0.1124;140.9389;9.7252;24.7099;71.7210;270.0;191.6;244.4;163.1
144.5;1.9785;2.0000;25.9121;24.9643;64;335;0.1613;141.8473;10.1527;25.4131;72.5206;270.0;189.8;236.5;164.7
145.0;1.9785;2.0000;26.2267;25.1648;69;329;0.1222;142.7481;10.5878;26.1602;73.3202;270.0;188.2;229.9;166.8
145.5;1.9794;2.0000;26.3434;25.3517;71;327;0.0342;143.6870;11.0611;26.9293;74.1198;270.0;186.6;225.7;168.4
146.0;1.9799;2.0000;26.6387;25.5275;77;320;0.0831;144.5802;11.5191;27.7203;75.7190;270.0;184.0;221.7;170.2
146.5;1.9803;2.0000;26.6635;25.6896;77;322;0.0342;145.4275;11.9695;28.4675;76.5187;270.0;181.3;220.4;172.3
147.0;1.9799;2.0000;27.0110;25.8393;85;314;0.0342;146.2748;12.4351;29.2365;77.3183;270.0;177.9;220.1;174.5
147.5;1.9789;2.0000;27.0673;25.9767;87;312;0.0147;147.1145;12.9160;30.0056;78.1179;270.0;175.5;219.1;176.6
148.0;1.9785;2.0000;27.1291;26.1017;89;310;0.0147;147.9466;13.4046;30.7747;78.9175;270.0;172.3;217.5;180.0
148.5;1.9776;2.0000;27.2019;26.2143;93;308;0.0635;148.8015;13.9237;31.5878;80.5167;270.0;170.0;215.6;182.4
149.0;1.9766;2.0000;27.2500;26.3146;95;304;-0.0440;149.5878;14.4122;32.3349;81.3163;270.0;167.9;213.3;187.7
149.5;1.9753;2.0000;27.4973;26.4025;103;298;0.0831;150.4351;14.9542;33.1259;82.1159;270.0;165.0;211.1;189.8
150.0;1.9739;2.0000;27.4038;26.4767;105;298;0.0635;151.2672;15.5115;33.9170;82.9155;270.0;162.1;209.3;193.5
150.5;1.9730;2.0000;27.4945;26.5398;109;294;0.0733;152.0992;16.0763;34.7081;84.5147;270.0;161.0;206.7;196.9
151.0;1.9725;2.0000;27.3407;26.5893;107;296;0.0733;152.9237;16.6565;35.4991;85.3144;270.0;159.1;204.0;199.5
151.5;1.9725;2.0000;27.4451;26.6264;114;292;-0.0538;153.7328;17.2443;36.2682;86.1140;270.0;158.4;201.1;203.0
152.0;1.9730;2.0000;27.4135;26.6525;116;288;-0.0049;154.5725;17.8702;37.0593;86.9136;270.0;157.8;198.2;206.4
152.5;1.9739;2.0000;27.5879;26.6593;126;281;-0.0831;155.3741;18.4809;37.8504;88.5128;270.0;157.8;195.8;208.8
153.0;1.9748;2.0000;27.7720;26.6593;132;273;-0.0538;156.1908;19.1298;38.6634;89.3124;270.0;157.8;189.2;211.4
153.5;1.9762;2.0000;27.7912;26.6593;132;271;-0.0635;156.9695;19.7634;39.4545;90.1120;270.0;159.9;186.1;215.4
154.0;1.9780;2.0000;27.8915;26.6593;134;267;-0.0049;157.7710;20.4275;40.2455;91.7112;270.0;160.7;182.4;218.5
154.5;1.9789;2.0000;27.9121;26.6593;136;267;-0.0244;158.5649;21.1145;41.0366;92.5108;270.0;161.3;179.2;222.5
155.0;1.9794;2.0000;27.9767;26.6593;136;265;-0.0244;159.2901;21.7481;41.8496;93.3105;270.0;162.1;176.8;225.9
155.5;1.9789;2.0000;27.8626;26.6593;134;267;-0.0244;160.0000;22.3969;42.6407;94.1101;270.0;164.2;172.6;229.6
156.0;1.9780;2.0000;27.8750;26.6593;134;267;-0.0733;160.6794;23.0305;43.4318;94.9097;270.0;166.8;168.4;231.2
156.5;1.9757;2.0000;27.5714;26.6593;126;273;-0.0831;161.4046;23.7252;44.2228;96.5089;270.0;170.0;164.7;230.7
157.0;1.9734;2.0000;27.3874;26.6593;124;279;0.0049;162.0916;24.4046;45.0139;97.3085;270.0;174.2;161.0;230.1
157.5;1.9707;2.0000;27.2047;26.6593;120;284;-0.0049;162.7710;25.0916;45.8050;98.1081;270.0;178.9;158.4;228.6
158.0;1.9698;2.0000;27.0728;26.6593;118;288;0.0244;163.4886;25.8473;46.5740;98.9077;270.0;186.3;154.7;224.9
158.5;1.9689;2.0000;27.0577;26.6593;120;288;-0.0635;164.1756;26.5802;47.3431;100.5069;270.0;194.5;151.2;221.7
159.0;1.9684;2.0000;26.9533;26.6593;118;290;0.0049;164.8779;27.3511;48.1122;101.3066;270.0;203.8;146.7;218.8
159.5;1.9675;2.0000;27.1113;26.6593;122;288;0.0147;165.5191;28.0763;48.9033;102.1062;270.0;215.9;143.0;218.5
160.0;1.9666;2.0000;27.1992;26.6593;126;286;-0.0733;166.1756;28.8397;49.6724;102.9058;270.0;230.7;139.9;221.7
160.5;1.9657;2.0000;27.2788;26.6593;128;284;0.0147;166.7939;29.5725;50.4415;104.5050;270.0;248.6;137.2;223.5
161.0;1.9661;2.0000;27.0220;26.6593;122;292;0.0929;167.4809;30.4198;51.2106;105.3046;270.0;266.6;134.9;223.8
161.5;1.9661;2.0000;27.0316;26.6593;122;292;0.0929;168.0992;31.2061;52.0016;106.1042;270.0;270.0;133.8;223.3
162.0;1.9661;2.0000;26.7198;26.6593;114;298;0.0831;168.7634;32.0611;52.7707;107.7034;270.0;270.0;133.0;220.4
162.5;1.9670;2.0000;26.5920;26.6593;112;304;0.1222;169.3664;32.8702;53.5178;108.5030;270.0;270.0;132.5;218.3
163.0;1.9670;2.0000;26.4313;26.6593;109;308;0.1222;169.9618;33.6794;54.2869;109.3027;270.0;270.0;131.4;215.9
163.5;1.9679;2.0000;26.4080;26.6593;107;308;0.0244;170.5649;34.5344;55.0560;110.1023;270.0;270.0;131.2;212.7
164.0;1.9684;2.0000;26.3585;26.6593;107;310;0.1124;171.1298;35.3588;55.8031;111.7015;270.0;270.0;131.2;209.8
164.5;1.9693;2.0000;26.2514;26.6593;103;310;0.0342;171.7099;36.2290;56.5722;112.5011;270.0;270.0;132.8;205.3
165.0;1.9693;2.0000;26.3626;26.6470;109;304;0.0635;172.2366;37.0382;57.2974;113.3007;270.0;270.0;133.3;201.6
165.5;1.9693;2.0000;26.3462;26.6223;112;300;0.1222;172.7786;37.8855;58.0445;114.8999;270.0;270.0;133.5;197.9
166.0;1.9702;2.0000;26.5206;26.5838;120;292;0.1124;173.3053;38.7405;58.8136;115.6995;270.0;270.0;134.3;194.8
166.5;1.9712;2.0000;26.4451;26.5343;124;288;0.0929;173.8550;39.6718;59.5827;116.4991;270.0;270.0;135.7;191.9
167.0;1.9725;2.0000;26.4451;26.4712;128;283;0.1222;174.3588;40.5420;60.3298;117.2988;270.0;270.0;136.5;189.0
167.5;1.9739;2.0000;26.4725;26.3970;134;277;0.1222;174.8550;41.4198;61.0769;118.8980;270.0;270.0;136.7;186.3
168.0;1.9748;2.0000;26.3256;26.3091;136;273;0.1026;175.3282;42.3053;61.8680;119.6976;270.0;270.0;137.2;182.6
168.5;1.9757;2.0000;26.3681;26.2088;142;265;0.1124;175.8397;43.2672;62.6151;120.4972;270.0;270.0;137.5;180.3
169.0;1.9766;2.0000;26.2088;26.0962;144;263;0.1222;176.2901;44.1603;63.3622;122.0964;270.0;270.0;138.6;177.6
169.5;1.9780;2.0000;26.1538;25.9712;150;255;-0.0147;176.7405;45.0611;64.0873;122.8960;270.0;270.0;138.3;174.7
170.0;1.9657;2.0000;26.0591;25.8338;161;245;0.1320;177.1679;45.9695;64.8344;123.6956;270.0;270.0;139.6;171.6
170.5;1.9574;2.0000;25.9547;25.6841;171;245;-0.0244;177.5954;46.8779;65.5816;124.4952;270.0;270.0;138.6;168.1
171.0;1.9519;2.0000;25.7802;25.5220;181;247;-0.0440;178.0000;47.8015;66.3287;126.0945;270.0;270.0;138.6;165.5
171.5;1.9487;2.0000;25.6538;25.3462;189;245;-0.0147;178.3969;48.7176;67.0758;126.8941;270.0;270.0;138.3;161.0
172.0;1.9464;2.0000;25.4986;25.1593;195;243;0.0733;178.8015;49.6870;67.8009;127.6937;270.0;270.0;138.3;158.4
172.5;1.9455;2.0000;25.2720;24.9588;198;241;-0.0244;179.1756;50.6183;68.5261;128.4933;270.0;270.0;137.2;156.8
173.0;1.9437;2.0000;25.1580;24.7473;206;236;0.0147;179.5038;51.4809;69.2292;130.0925;270.0;270.0;136.7;153.9
173.5;1.9437;2.0000;24.8984;24.5220;210;234;-0.0929;179.8702;52.4580;69.9764;130.8921;270.0;270.0;136.7;152.0
174.0;1.9437;2.0000;24.6635;24.2843;216;230;-0.0440;180.1908;53.3664;70.6576;131.6917;270.0;270.0;135.9;149.9
174.5;1.9441;2.0000;24.3887;24.0343;222;228;0.0244;180.5191;54.3206;71.3607;132.4913;269.7;270.0;136.7;148.3
175.0;1.9446;2.0000;24.1799;23.7720;226;222;-0.0440;180.8244;55.2366;72.0419;133.2909;268.2;270.0;136.2;146.2
175.5;1.9455;2.0000;23.7981;23.4973;228;220;-0.0538;181.1374;56.2290;72.7451;134.8902;265.2;270.0;135.4;144.9
176.0;1.9464;2.0000;23.5618;23.2088;234;212;-0.0147;181.4198;57.1527;73.4043;135.6898;261.8;270.0;135.4;143.6
176.5;1.9469;2.0000;23.2953;22.9093;238;208;-0.0049;181.6870;58.0763;74.0635;136.4894;258.7;270.0;134.9;141.2
177.0;1.9473;2.0000;22.9698;22.5962;241;204;-0.0147;181.9695;59.0840;74.7447;138.0886;255.0;270.0;134.1;139.4
177.5;1.9478;2.0000;22.8324;22.2720;251;196;0.0147;182.2214;60.0153;75.3820;138.8882;252.8;270.0;133.8;137.8
178.0;1.9496;2.0000;22.4286;21.9341;253;193;-0.0929;182.4886;61.0687;76.0412;139.6878;249.9;270.0;133.0;135.9
178.5;1.9510;2.0000;22.0975;21.5838;257;187;-0.1124;182.7176;62.0076;76.6565;140.4874;247.6;270.0;131.4;135.7
179.0;1.9528;2.0000;21.7143;21.2212;261;181;-0.0342;182.9389;62.9847;77.2717;142.0867;246.0;270.0;130.4;133.3
179.5;1.9533;2.0000;21.3228;20.8462;265;175;-0.1124;183.1679;64.0076;77.8870;142.8863;242.6;270.0;130.4;131.4
180.0;1.9547;2.0000;21.0783;20.4588;275;167;-0.1124;183.3817;65.0305;78.5023;143.6859;239.4;270.0;130.6;129.3
180.5;1.9570;2.0000;20.8640;20.0591;283;157;-0.0929;183.5802;66.0534;79.0956;144.4855;237.3;270.0;132.0;127.7
181.0;1.9583;2.0000;20.4670;19.6470;288;152;-0.0635;183.7557;67.0000;79.6889;146.0847;234.4;270.0;136.2;125.9
181.5;1.9597;2.0000;20.1154;19.2212;292;144;-0.0733;183.9389;68.0305;80.2602;146.8843;230.1;270.0;139.9;125.1
182.0;1.9611;2.0000;19.7541;18.7843;300;136;-0.1222;184.1069;69.0229;80.8315;147.6839;228.3;270.0;144.4;123.3
182.5;1.9638;2.0000;19.3709;18.3338;306;128;-0.1320;184.2748;70.0916;81.3809;149.2831;225.1;270.0;148.1;119.8
183.0;1.9661;2.0000;18.9231;17.8723;312;122;-0.0929;184.4198;71.0916;81.9302;150.0827;222.2;270.0;151.2;118.2
183.5;1.9684;2.0000;18.3585;17.3970;314;118;-0.0831;184.5573;72.0840;82.4356;150.8824;220.6;270.0;154.9;116.9
184.0;1.9698;2.0000;17.8626;16.9093;318;110;-0.2297;184.6794;73.0840;82.9630;151.6820;222.2;270.0;158.6;116.4
184.5;1.9716;2.0000;17.2967;16.4093;320;107;-0.2102;184.8015;74.0763;83.4684;153.2812;219.3;270.0;164.7;114.5
185.0;1.9725;2.0000;16.8352;15.9093;324;103;-0.2004;184.9084;75.0763;83.9518;154.0808;216.7;270.0;172.3;113.2
185.5;1.9739;2.0000;16.2033;15.4093;322;105;-0.1613;185.0153;76.0763;84.4133;154.8804;213.5;270.0;183.4;111.4
186.0;1.9757;2.0000;15.6690;14.9093;322;101;-0.2395;185.1069;77.1145;84.8528;155.6800;210.6;270.0;197.4;109.8
186.5;1.9776;2.0000;15.0687;14.4093;322;101;-0.2786;185.1985;78.1221;85.2923;157.2792;209.8;270.0;214.8;107.7
187.0;1.9803;2.0000;14.5385;13.9093;320;99;-0.2102;185.2824;79.2443;85.7098;158.0788;209.3;270.0;258.4;106.6
187.5;1.9840;2.0000;14.2335;13.4093;326;91;-0.1613;185.3588;80.2824;86.1053;158.8785;207.2;270.0;270.0;105.8
188.0;1.9876;2.0000;13.7926;12.9093;327;87;-0.1613;185.4275;81.4046;86.5008;160.4777;207.2;266.8;270.0;105.3
188.5;1.9895;2.0000;13.3269;12.4093;327;81;-0.1515;185.4886;82.4504;86.8964;161.2773;204.3;263.9;270.0;105.3
189.0;1.9908;2.0000;12.6511;11.9093;324;83;-0.1320;185.5420;83.4962;87.2479;162.0769;201.4;261.3;270.0;106.1
189.5;1.9927;2.0000;11.9767;11.4093;320;85;-0.1808;185.5878;84.4962;87.5995;163.6761;198.7;259.2;270.0;106.4
190.0;1.9931;2.0000;11.1937;10.9093;312;89;-0.0635;185.6260;85.4580;87.9072;164.4757;196.6;256.5;270.0;106.4
190.5;1.9936;2.0000;10.5852;10.4093;310;91;0.0244;185.6565;86.4657;88.2148;165.2753;197.7;255.0;270.0;106.9
191.0;1.9950;2.0000;9.6772;9.9093;298;99;-0.0244;185.6870;87.5115;88.5005;166.0750;196.6;253.1;270.0;106.4
191.5;1.9973;2.0000;9.1058;9.4093;298;97;-0.0929;185.7176;88.5954;88.7641;167.6742;194.8;251.3;270.0;106.6
192.0;1.9991;2.0000;8.6346;8.9093;298;95;-0.0538;185.7328;89.5954;89.0059;168.4738;192.9;248.9;270.0;107.4
192.5;2.0014;2.0000;8.1209;8.4093;298;93;0.1124;185.7481;90.6870;89.2256;169.2734;192.9;246.8;270.0;108.5
193.0;2.0037;2.0000;7.7280;7.9093;302;87;-0.1124;185.7634;91.7252;89.4453;170.8726;191.1;244.7;270.0;110.6
193.5;2.0055;2.0000;7.0357;7.4245;292;93;-0.0929;185.7710;92.7710;89.6651;171.6722;190.0;243.6;270.0;113.8
194.0;2.0069;2.0000;6.6635;6.9547;290;93;-0.0733;185.7786;93.8168;89.8628;172.4718;189.0;241.8;270.0;122.2
194.5;2.0082;2.0000;6.1113;6.5000;284;99;0.0244;185.7786;94.8244;90.0167;174.0710;189.5;240.2;270.0;130.4
195.0;2.0092;2.0000;5.7981;6.0591;283;97;-0.0440;185.7710;95.8702;90.1925;174.8707;187.9;239.4;270.0;139.9
195.5;2.0101;2.0000;5.1799;5.6346;275;105;0.0538;185.7710;96.8702;90.3463;175.6703;188.7;237.5;270.0;150.7
196.0;2.0119;2.0000;4.9299;5.2239;273;105;0.0635;185.7634;97.9542;90.4781;177.2695;185.5;236.7;270.0;163.6
196.5;2.0137;2.0000;4.4492;4.8297;267;109;-0.0831;185.7481;99.0458;90.6100;178.0691;185.5;234.6;270.0;179.2
197.0;2.0160;2.0000;3.9712;4.4492;261;112;0.0147;185.7405;100.1679;90.7198;178.8687;184.2;233.8;270.0;198.7
197.5;2.0183;2.0000;3.5165;4.0838;253;116;0.0342;185.7252;101.2137;90.8297;180.4679;182.4;232.0;270.0;218.5
198.0;2.0211;2.0000;3.2514;3.7349;249;116;0.0440;185.7099;102.3359;90.9176;181.2675;181.3;231.5;270.0;238.9
198.5;2.0234;2.0000;2.9299;3.3997;245;118;-0.0244;185.6870;103.4198;91.0055;182.0671;180.8;229.9;270.0;254.2
199.0;2.0261;2.0000;2.4876;3.0797;238;122;-0.0147;185.6718;104.5115;91.0714;183.6664;178.7;229.4;270.0;266.0
199.5;2.0288;2.0000;2.1552;2.7747;232;124;0.0049;185.6488;105.5954;91.1373;184.4660;178.7;228.3;270.0;270.0
200.0;2.0316;2.0000;1.7102;2.4849;224;132;0.0929;185.6260;106.6412;91.1813;185.2656;178.9;227.8;270.0;270.0
200.5;2.0348;2.0000;1.6250;2.2088;222;126;0.0147;185.6031;107.8015;91.2252;186.8648;177.6;227.8;270.0;270.0
201.0;2.0380;2.0000;1.2404;1.9492;214;132;-0.0440;185.5802;108.8473;91.2692;187.6644;176.3;226.5;270.0;270.0
201.5;2.0426;2.0000;1.1387;1.7047;210;128;-0.1222;185.5496;110.0153;91.2912;189.2636;176.3;225.7;270.0;270.0
202.0;2.0458;2.0000;0.9025;1.4739;204;130;-0.0342;185.5267;111.0611;91.3131;190.0632;175.2;224.9;270.0;270.0
202.5;2.0485;2.0000;0.6525;1.2596;198;132;-0.0244;185.5038;112.1832;91.3351;190.8629;174.5;224.3;270.0;267.6
203.0;2.0513;2.0000;0.5934;1.0591;196;128;-0.1906;185.4733;113.2290;91.3571;192.4621;173.7;223.5;270.0;266.8
203.5;2.0531;2.0000;0.5247;0.8750;195;128;-0.1808;185.4504;114.2748;91.3791;193.2617;174.5;223.0;270.0;268.9
204.0;2.0540;2.0000;0.2734;0.7047;189;134;-0.0929;185.4275;115.2748;91.3791;194.0613;173.4;222.5;270.0;268.4
204.5;2.0545;2.0000;-0.0659;0.5495;179;140;-0.0049;185.4046;116.3206;91.3791;194.8609;171.0;221.7;270.0;268.2
205.0;2.0545;2.0000;-0.1209;0.4093;177;142;-0.0831;185.3741;117.4046;91.3791;196.4601;171.3;221.4;270.0;268.4
205.5;2.0554;2.0000;-0.4203;0.2843;167;150;0.0049;185.3512;118.4504;91.3571;197.2597;169.7;222.2;270.0;269.5
206.0;2.0563;2.0000;-0.2967;0.1745;169;148;0.0049;185.3282;119.4962;91.3571;198.0593;171.0;220.9;270.0;269.5
206.5;2.0568;2.0000;-0.3613;0.0797;165;150;0.0049;185.2977;120.5420;91.3351;199.6586;169.4;220.1;270.0;268.2
207.0;2.0572;2.0000;-0.3613;0.0000;179;134;-0.0733;185.2748;121.6260;91.3351;200.4582;168.4;220.1;270.0;268.2
207.5;2.0577;2.0000;-0.3929;0.0000;155;157;-0.0733;185.2519;122.7099;91.3131;201.2578;167.3;218.5;270.0;266.8
208.0;2.0582;2.0000;-0.3887;0.0000;155;155;-0.0733;185.2290;123.7176;91.3131;202.8570;166.8;217.7;270.0;266.0
208.5;2.0586;2.0000;-0.3008;0.0000;157;153;-0.0733;185.1985;124.8015;91.3131;203.6566;165.5;217.7;270.0;267.1
209.0;2.0586;2.0000;-0.3530;0.0000;155;153;-0.0733;185.1756;125.8015;91.2912;204.4562;166.0;216.4;270.0;266.3
209.5;2.0595;2.0000;-0.3104;0.0000;155;153;0.0049;185.1527;126.9313;91.2912;206.0554;164.4;216.7;270.0;266.0
210.0;2.0600;2.0000;-0.4876;0.0000;152;157;-0.0831;1.0000;0.0000;-0.0109;0.5557;165.7;215.1;270.0;266.3
210.5;2.0604;2.0000;-0.2912;0.0000;155;152;0.0049;2.0458;-0.0076;-0.0109;1.3553;162.6;211.7;270.0;266.3
211.0;2.0609;2.0000;-0.4602;0.0000;150;155;0.0147;3.0916;-0.0076;-0.0328;2.9546;162.1;212.5;270.0;265.0
211.5;2.0609;2.0000;-0.3970;0.0000;152;153;-0.0733;4.1756;-0.0076;-0.0548;3.7542;161.0;212.7;270.0;262.9
212.0;2.0609;2.0000;-0.3984;0.0000;152;153;0.0929;5.1832;-0.0076;-0.0548;4.5538;159.9;213.0;270.0;262.6
212.5;2.0609;2.0000;-0.2926;0.0000;152;150;0.0049;6.2290;-0.0076;-0.0548;6.1530;160.2;213.3;270.0;262.6
213.0;2.0595;2.0000;-0.3832;0.0000;150;152;0.0049;7.1908;-0.0076;-0.0768;6.9526;158.1;213.0;270.0;260.5
213.5;2.0586;2.0000;-0.3365;0.0000;152;152;-0.0733;8.1985;-0.0076;-0.0768;7.7522;159.7;211.9;270.0;260.5
214.0;2.0577;2.0000;-0.2253;0.0000;153;148;0.0049;9.2366;-0.0076;-0.0988;8.5518;157.6;210.4;270.0;261.0
214.5;2.0563;2.0000;-0.2830;0.0000;153;150;0.0049;10.2824;-0.0076;-0.0988;10.1510;157.0;209.8;270.0;260.2
215.0;2.0545;2.0000;-0.1374;0.0000;157;148;-0.0049;11.2519;-0.0153;-0.0988;10.9506;157.3;209.6;270.0;259.2
215.5;2.0531;2.0000;-0.3297;0.0000;152;153;0.0831;12.2519;-0.0153;-0.1207;11.7503;156.0;209.0;270.0;258.1
216.0;2.0508;2.0000;-0.2624;0.0000;155;153;0.0049;13.2214;-0.0153;-0.1207;12.5499;154.7;206.9;270.0;256.5
216.5;2.0485;2.0000;-0.3091;0.0000;155;155;-0.0733;14.2214;-0.0153;-0.1207;-0.2439;153.9;206.9;270.0;256.5
217.0;2.0462;2.0000;-0.3104;-0.0151;222;91;0.0049;15.1908;-0.0229;-0.1427;0.5557;152.3;205.6;270.0;256.5
217.5;2.0449;2.0000;-0.2321;-0.0453;230;87;0.0049;16.2366;-0.0229;-0.1427;1.3553;152.6;206.4;270.0;254.2
218.0;2.0435;2.0000;-0.3146;-0.0907;234;83;-0.0733;17.2366;-0.0229;-0.1427;2.9546;151.0;204.5;270.0;254.2
218.5;2.0417;2.0000;-0.3173;-0.1511;239;77;0.0049;18.2824;-0.0305;-0.1647;3.7542;151.0;204.0;270.0;254.7
219.0;2.0398;2.0000;-0.3613;-0.2253;245;73;0.0049;19.2443;-0.0305;-0.1647;4.5538;149.4;201.4;270.0;253.6
219.5;2.0385;2.0000;-0.2692;-0.3159;257;65;-0.0733;20.2519;-0.0305;-0.1867;5.3534;148.9;200.1;270.0;253.6
220.0;2.0362;2.0000;-0.4203;-0.4203;220;107;-0.0733;21.2595;-0.0382;-0.1867;6.9526;148.3;199.3;270.0;252.3
220.5;2.0339;2.0000;-0.3736;-0.5412;273;56;-0.1515;22.2214;-0.0382;-0.2086;7.7522;146.5;199.5;270.0;251.8
221.0;2.0311;2.0000;-0.8352;-0.6758;228;103;-0.0538;23.2290;-0.0458;-0.2306;8.5518;146.5;199.3;270.0;250.5
221.5;2.0284;2.0000;-1.4299;-0.8255;222;110;-0.0342;24.1527;-0.0458;-0.2746;9.3514;146.5;198.5;270.0;249.1
222.0;2.0252;2.0000;-1.8805;-0.9904;222;112;-0.1026;25.1145;-0.0534;-0.3185;10.1510;145.2;198.2;270.0;248.9
222.5;2.0224;2.0000;-2.2555;-1.1703;224;114;-0.0049;26.1221;-0.0611;-0.3844;11.7503;144.6;197.7;270.0;247.8
223.0;2.0206;2.0000;-2.4821;-1.3654;230;112;-0.0733;27.1679;-0.0687;-0.4503;12.5499;143.3;197.7;270.0;247.3
223.5;2.0188;2.0000;-2.6882;-1.5755;236;109;0.0049;28.1679;-0.0763;-0.5382;13.3495;140.4;197.7;270.0;246.2
224.0;2.0169;2.0000;-2.7624;-1.8008;243;99;-0.0733;29.1374;-0.0840;-0.6042;14.1491;141.5;197.2;270.0;246.2
224.5;2.0147;2.0000;-3.0385;-2.0412;247;97;-0.0538;30.0992;-0.0916;-0.6921;15.7483;140.1;196.1;270.0;244.9
225.0;2.0114;2.0000;-2.9313;-2.2953;265;83;-0.0635;31.0611;-0.1069;-0.7800;16.5479;140.9;195.6;270.0;245.7
225.5;2.0082;2.0000;-3.1030;-2.5659;273;79;-0.0538;32.1069;-0.1221;-0.8679;17.3475;140.4;194.5;270.0;245.7
226.0;2.0060;2.0000;-3.0577;-2.8503;288;67;-0.0635;33.0687;-0.1374;-0.9557;18.1471;138.6;194.0;270.0;244.4
226.5;2.0046;2.0000;-3.2294;-3.1511;298;62;-0.1320;34.0763;-0.1527;-1.0436;19.7464;138.3;193.2;270.0;243.1
227.0;2.0027;2.0000;-3.5453;-3.4657;306;58;-0.0440;35.0382;-0.1756;-1.1535;20.5460;138.8;192.7;270.0;242.6
227.5;2.0014;2.0000;-3.6841;-3.7953;316;48;-0.1124;36.0458;-0.1908;-1.2634;21.3456;137.0;191.9;270.0;241.8
228.0;2.0000;2.0000;-3.9643;-4.1401;324;44;-0.0244;37.0076;-0.2137;-1.3733;22.1452;136.5;191.6;270.0;242.0
228.5;1.9986;2.0000;-4.2692;-4.5000;331;36;-0.1026;38.0153;-0.2366;-1.5051;23.7444;136.2;191.6;270.0;242.3
229.0;1.9973;2.0000;-4.8599;-4.8750;333;38;-0.0733;39.0153;-0.2672;-1.6369;24.5440;135.4;191.1;268.9;241.0
229.5;1.9968;2.0000;-5.0330;-5.2651;345;28;-0.0733;40.0229;-0.2977;-1.7688;25.3436;133.5;190.0;267.6;239.6
230.0;1.9968;2.0000;-5.5659;-5.6703;349;26;-0.0538;41.0305;-0.3282;-1.9446;26.1432;133.8;189.0;267.6;240.4
230.5;1.9973;2.0000;-5.8791;-6.0907;359;19;-0.1222;42.0687;-0.3664;-2.0984;27.7425;132.8;188.4;265.5;240.4
231.0;1.9973;2.0000;-6.4464;-6.5261;361;17;-0.1026;43.0382;-0.4046;-2.2962;28.5421;132.5;188.2;264.2;240.7
231.5;1.9963;2.0000;-6.7720;-6.9753;372;7;-0.0929;44.0000;-0.4427;-2.4939;29.3417;133.0;189.0;263.1;240.4
232.0;1.9959;2.0000;-7.3668;-7.4409;374;5;-0.1417;45.0000;-0.4885;-2.6917;30.1413;132.8;188.7;261.8;239.6
232.5;1.9954;2.0000;-8.0027;-7.9203;378;3;-0.1320;46.0076;-0.5344;-2.9334;31.7405;130.9;189.5;261.0;239.1
233.0;1.9954;2.0000;-8.5453;-8.4162;382;-1;-0.0342;47.0534;-0.5954;-3.1751;32.5401;131.4;189.0;261.0;239.6
233.5;1.9954;2.0000;-9.0179;-8.9162;386;-3;-0.0929;48.0534;-0.6489;-3.4168;33.3397;130.9;190.3;261.3;240.7
234.0;1.9963;2.0000;-9.3736;-9.4162;392;-9;-0.0831;49.0534;-0.7099;-3.7025;34.1393;132.5;190.3;261.3;240.4
234.5;1.9959;2.0000;-10.0865;-9.9162;388;-5;-0.0440;50.0611;-0.7786;-3.9882;35.7386;133.8;191.1;261.3;239.6
235.0;1.9959;2.0000;-10.5714;-10.4162;388;-7;-0.0440;51.0611;-0.8550;-4.2958;36.5382;133.0;191.1;261.8;238.9
235.5;1.9959;2.0000;-11.1044;-10.9162;386;-7;-0.1026;52.0992;-0.9313;-4.6034;37.3378;134.9;191.3;261.8;238.1
236.0;1.9959;2.0000;-11.6223;-11.4162;388;-9;-0.1613;53.1069;-1.0153;-4.9330;38.1374;136.7;191.6;261.3;239.1
236.5;1.9973;2.0000;-12.1744;-11.9162;388;-9;-0.1320;54.1832;-1.1145;-5.3066;39.7366;139.1;192.1;262.3;239.1
237.0;1.9991;2.0000;-12.8571;-12.4162;384;-7;-0.0440;55.2214;-1.2137;-5.6582;40.5362;140.9;192.4;261.3;239.1
237.5;2.0014;2.0000;-13.4808;-12.9162;384;-5;-0.0244;56.2672;-1.3206;-6.0317;41.3358;142.5;192.9;260.0;239.9
238.0;2.0032;2.0000;-13.8970;-13.4162;386;-11;-0.1613;57.3053;-1.4351;-6.4273;42.9350;143.0;192.9;257.9;239.4
238.5;2.0069;2.0000;-14.4203;-13.9162;386;-13;-0.0635;58.3817;-1.5573;-6.8448;43.7346;144.4;195.0;255.7;239.4
239.0;2.0092;2.0000;-14.8709;-14.4162;386;-17;-0.1124;59.4198;-1.6870;-7.2843;44.5343;143.8;195.3;254.4;238.9
239.5;2.0119;2.0000;-15.2143;-14.9162;392;-24;-0.1320;60.4504;-1.8244;-7.7237;46.1335;144.6;196.4;253.6;238.9
240.0;2.0147;2.0000;-15.9643;-15.4162;388;-21;-0.0929;61.5725;-1.9771;-8.1632;46.9331;142.8;197.4;251.8;239.9
240.5;2.0165;2.0000;-16.3091;-15.9162;392;-28;-0.1515;62.5649;-2.1221;-8.6467;47.7327;141.7;198.2;249.9;240.7
241.0;2.0183;2.0000;-16.8255;-16.4162;392;-30;-0.0538;63.5954;-2.2824;-9.1301;49.3319;141.5;198.7;248.4;239.6
241.5;2.0192;2.0000;-17.2212;-16.9162;396;-34;-0.1222;64.5878;-2.4504;-9.6135;50.1315;140.9;201.6;246.0;239.6
242.0;2.0197;2.0000;-17.6099;-17.4038;396;-36;-0.1222;65.5802;-2.6183;-10.1189;50.9311;140.9;202.7;244.1;239.1
242.5;2.0197;2.0000;-18.2404;-17.8777;390;-30;-0.1711;66.6031;-2.8092;-10.6463;51.7307;140.4;204.8;241.8;239.6
243.0;2.0201;2.0000;-18.6360;-18.3407;388;-30;-0.0733;67.5878;-3.0000;-11.1737;53.3300;140.1;207.4;238.9;239.6
243.5;2.0215;2.0000;-19.1525;-18.7912;384;-26;-0.2004;68.6565;-3.2137;-11.7450;54.1296;141.5;209.3;233.6;239.4
244.0;2.0229;2.0000;-19.4547;-19.2280;384;-28;-0.0733;69.6336;-3.4198;-12.2724;54.9292;142.3;210.9;231.2;238.9
244.5;2.0243;2.0000;-19.9437;-19.6538;378;-24;-0.1124;70.6565;-3.6489;-12.8437;56.5284;142.8;212.7;230.1;238.1
245.0;2.0252;2.0000;-20.1662;-20.0659;378;-26;-0.0147;71.6336;-3.8779;-13.4370;57.3280;142.5;216.2;226.7;237.8
245.5;2.0256;2.0000;-20.7212;-20.4657;372;-22;-0.0635;72.6489;-4.1298;-14.0303;58.1276;143.3;218.8;224.1;236.5
246.0;2.0270;2.0000;-21.3393;-20.8530;363;-15;-0.0733;73.6641;-4.3817;-14.6456;59.7268;146.2;222.2;220.9;237.3
246.5;2.0275;2.0000;-21.5069;-21.2280;361;-17;-0.0635;74.5954;-4.6336;-15.2389;60.5265;146.0;223.3;218.5;237.5
247.0;2.0266;2.0000;-21.9739;-21.5907;355;-11;0.0440;75.5649;-4.9008;-15.8761;61.3261;147.8;225.7;216.4;237.8
247.5;2.0256;2.0000;-22.1346;-21.9409;357;-13;-0.1222;76.5267;-5.1832;-16.5133;62.1257;147.8;226.7;215.9;238.3
248.0;2.0247;2.0000;-22.7953;-22.2788;347;-3;-0.1417;77.5267;-5.4885;-17.1945;63.7249;149.9;228.6;213.3;239.6
248.5;2.0229;2.0000;-22.9217;-22.6030;349;-5;0.0440;78.4122;-5.7634;-17.8318;64.5245;151.0;231.2;210.9;241.2
249.0;2.0211;2.0000;-23.6360;-22.9162;337;9;0.0147;79.3282;-6.0611;-18.4910;65.3241;152.3;233.3;209.0;243.3
249.5;2.0183;2.0000;-23.6772;-23.2157;339;7;0.0244;80.2366;-6.3740;-19.1722;66.1237;153.1;234.9;208.2;247.3
250.0;2.0160;2.0000;-23.9519;-23.5027;339;11;-0.0342;81.1832;-6.7099;-19.8754;66.9233;153.9;235.7;206.4;252.3
250.5;2.0137;2.0000;-24.0810;-23.7788;341;11;-0.1320;82.0916;-7.0458;-20.5566;68.5226;154.1;236.7;203.8;270.0
251.0;2.0110;2.0000;-24.2898;-24.0412;341;13;-0.0538;82.9542;-7.3740;-21.2597;69.3222;155.5;236.2;201.4;270.0
251.5;2.0082;2.0000;-24.8585;-24.2912;333;24;-0.1026;83.8550;-7.7328;-21.9629;70.1218;157.3;234.9;199.3;270.0
252.0;2.0055;2.0000;-24.8228;-24.5288;337;22;-0.1026;84.7481;-8.0992;-22.6661;70.9214;158.6;232.3;197.4;270.0
252.5;2.0037;2.0000;-25.3049;-24.7527;331;32;-0.1515;85.6718;-8.4885;-23.4132;71.7210;159.9;228.8;194.5;270.0
253.0;2.0014;2.0000;-25.3571;-24.9657;333;30;-0.0929;86.5496;-8.8779;-24.1164;73.3202;161.8;220.9;191.3;270.0
253.5;1.9991;2.0000;-25.8585;-25.1662;324;44;-0.1417;87.4657;-9.2901;-24.8635;74.1198;162.8;216.9;188.4;270.0
254.0;1.9968;2.0000;-26.2047;-25.3530;320;52;-0.0440;88.3359;-9.7023;-25.6326;74.9194;164.7;213.3;186.1;270.0
254.5;1.9950;2.0000;-26.6992;-25.5288;310;64;-0.0929;89.2443;-10.1450;-26.4017;75.7190;166.3;210.1;183.7;270.0
255.0;1.9922;2.0000;-26.8201;-25.6909;310;65;-0.1222;90.0687;-10.5649;-27.1707;77.3183;168.9;208.2;178.9;270.0
255.5;1.9890;2.0000;-26.8571;-25.8407;310;67;-0.0538;90.8550;-10.9695;-27.9179;78.1179;170.2;207.2;175.0;270.0
256.0;1.9858;2.0000;-26.9657;-25.9780;310;71;-0.0244;91.7023;-11.4275;-28.6870;78.9175;174.2;207.4;171.6;270.0
256.5;1.9821;2.0000;-27.0137;-26.1030;310;75;-0.0244;92.4733;-11.8550;-29.4560;79.7171;176.8;206.9;168.4;270.0
257.0;1.9776;2.0000;-27.3599;-26.2157;302;87;0.0244;93.3130;-12.3359;-30.2691;80.5167;180.5;206.7;165.5;270.0
257.5;1.9734;2.0000;-27.2074;-26.3159;308;85;-0.1222;94.1069;-12.8092;-31.0382;81.3163;182.4;205.6;162.3;270.0
258.0;1.9698;2.0000;-27.4464;-26.4038;302;95;-0.0147;94.9313;-13.3130;-31.8073;82.1159;185.5;204.5;159.9;270.0
258.5;1.9661;2.0000;-27.2857;-26.4780;306;95;0.0831;95.7099;-13.8015;-32.5983;83.7151;188.7;201.4;158.6;270.0
259.0;1.9629;2.0000;-27.4904;-26.5412;300;105;0.0929;96.5573;-14.3511;-33.4114;84.5147;191.3;199.5;157.3;270.0
259.5;1.9592;2.0000;-27.5000;-26.5907;300;109;-0.0244;97.2901;-14.8397;-34.1805;85.3144;193.5;196.9;156.5;270.0
260.0;1.9556;2.0000;-27.6799;-26.6277;296;118;-0.0244;98.0153;-15.3435;-34.9715;86.1140;196.4;195.0;156.0;270.0
260.5;1.9528;2.0000;-27.6058;-26.6538;296;122;0.0733;98.8397;-15.9237;-35.7626;86.9136;200.3;193.5;155.2;270.0
261.0;1.9510;2.0000;-27.3846;-26.6607;298;122;-0.0049;99.6183;-16.4962;-36.5317;88.5128;203.0;190.3;155.5;270.0
261.5;1.9496;2.0000;-27.6223;-26.6607;292;132;-0.1320;100.4504;-17.1221;-37.3667;89.3124;207.2;188.7;156.2;270.0
262.0;1.9483;2.0000;-27.4505;-26.6607;298;128;-0.1124;101.1832;-17.6870;-38.1138;90.1120;208.5;186.3;157.0;270.0
262.5;1.9473;2.0000;-27.6580;-26.6607;294;136;-0.0147;101.9389;-18.2901;-38.9049;90.9116;211.9;183.7;158.1;270.0
263.0;1.9483;2.0000;-27.4382;-26.6607;300;130;-0.0635;102.7786;-18.9771;-39.7179;92.5108;215.1;181.3;159.1;270.0
263.5;1.9501;2.0000;-27.3434;-26.6607;304;126;-0.1808;103.5725;-19.6489;-40.4870;93.3105;215.6;178.4;161.3;270.0
264.0;1.9524;2.0000;-27.1236;-26.6607;310;120;-0.1026;104.3969;-20.3588;-41.2781;94.1101;216.2;171.3;162.8;270.0
264.5;1.9556;2.0000;-27.1882;-26.6607;308;120;-0.1906;105.1756;-21.0534;-42.0471;95.7093;216.2;168.7;164.2;270.0
265.0;1.9592;2.0000;-27.1964;-26.6607;306;118;-0.2590;105.9771;-21.7863;-42.8162;96.5089;214.8;166.0;165.7;270.0
265.5;1.9634;2.0000;-27.2775;-26.6607;302;118;-0.2590;106.7710;-22.5267;-43.5853;97.3085;211.7;164.2;167.1;270.0
266.0;1.9675;2.0000;-27.2692;-26.6607;302;116;-0.2395;107.5496;-23.2824;-44.3984;98.9077;210.1;162.8;170.2;270.0
266.5;1.9716;2.0000;-26.9945;-26.6607;306;107;-0.2688;108.3206;-24.0458;-45.1675;99.7073;208.0;159.7;176.0;270.0
267.0;1.9753;2.0000;-27.1250;-26.6607;300;109;-0.1124;109.0840;-24.8168;-45.9366;100.5069;205.9;157.8;180.0;270.0
267.5;1.9771;2.0000;-26.9492;-26.6607;302;103;-0.0929;109.7710;-25.5496;-46.7056;102.1062;207.7;155.5;186.3;270.0
268.0;1.9799;2.0000;-26.9684;-26.6607;302;103;-0.1026;110.5115;-26.3435;-47.4967;102.9058;209.3;153.1;195.6;270.0
268.5;1.9821;2.0000;-26.8489;-26.6607;302;99;-0.1906;111.2137;-27.1145;-48.2658;103.7054;212.2;150.2;208.2;270.0
269.0;1.9858;2.0000;-26.9038;-26.6607;296;99;-0.0440;111.9084;-27.9008;-49.0129;105.3046;212.7;149.4;224.6;270.0
269.5;1.9876;2.0000;-26.7596;-26.6607;300;93;-0.1124;112.5573;-28.6641;-49.7820;106.1042;211.4;147.3;249.4;270.0
270.0;1.9895;2.0000;-26.9574;-26.6607;292;97;0.0538;113.2061;-29.4351;-50.5511;106.9038;209.8;146.0;270.0;270.0
270.5;1.9913;2.0000;-27.0275;-26.6607;288;99;-0.0049;113.8626;-30.2443;-51.3422;107.7034;206.1;145.2;270.0;270.0
271.0;1.9922;2.0000;-26.7857;-26.6607;292;93;-0.0342;114.4580;-31.0000;-52.0893;109.3027;203.8;143.6;270.0;270.0
271.5;1.9940;2.0000;-26.8984;-26.6607;290;95;-0.0440;115.0992;-31.8321;-52.8584;110.1023;199.8;143.0;270.0;270.0
272.0;1.9940;2.0000;-26.7830;-26.6607;292;91;-0.1026;115.6947;-32.6336;-53.6275;110.9019;195.8;142.3;270.0;270.0
272.5;1.9950;2.0000;-27.0426;-26.6607;284;99;0.0440;116.2901;-33.4504;-54.3965;111.7015;192.1;142.3;270.0;270.0
273.0;1.9940;2.0000;-27.0261;-26.6607;284;97;-0.0049;116.8473;-34.2366;-55.1876;113.3007;189.8;142.3;270.0;270.0
273.5;1.9927;2.0000;-27.2184;-26.6607;281;103;0.0440;117.3664;-35.0000;-55.9567;114.1003;186.6;141.2;270.0;270.0
274.0;1.9908;2.0000;-27.2129;-26.6607;281;103;-0.0147;117.9008;-35.8015;-56.7258;114.8999;184.2;140.9;270.0;270.0
274.5;1.9890;2.0000;-27.1580;-26.6484;279;107;-0.0147;118.4275;-36.6107;-57.5169;115.6995;180.0;140.1;270.0;270.0
275.0;1.9863;2.0000;-27.1401;-26.6236;277;112;0.0831;118.9618;-37.4656;-58.3079;116.4991;177.9;140.9;270.0;270.0
275.5;1.9840;2.0000;-27.1374;-26.5852;273;118;-0.0342;119.4580;-38.2901;-59.0770;118.0984;173.9;140.4;270.0;270.0
276.0;1.9817;2.0000;-27.3489;-26.5357;263;130;-0.0244;119.9542;-39.1145;-59.8461;118.8980;172.6;140.7;270.0;270.0
276.5;1.9799;2.0000;-27.1181;-26.4725;265;132;0.0733;120.4504;-39.9924;-60.6372;119.6976;170.2;141.2;270.0;270.0
277.0;1.9780;2.0000;-27.2170;-26.3984;257;140;0.0440;120.9008;-40.8015;-61.4063;120.4972;167.3;141.7;270.0;270.0
277.5;1.9766;2.0000;-27.0343;-26.3104;255;144;0.0049;121.3893;-41.7176;-62.1973;122.0964;165.0;141.2;270.0;270.0
278.0;1.9757;2.0000;-27.0082;-26.2102;251;150;-0.0538;121.8321;-42.5725;-62.9664;122.8960;162.6;141.7;270.0;270.0
278.5;1.9739;2.0000;-27.0852;-26.0975;243;159;-0.0147;122.2672;-43.4351;-63.7355;123.6956;159.4;141.7;270.0;270.0
279.0;1.9739;2.0000;-27.1126;-25.9725;238;167;0.0538;122.7099;-44.3435;-64.5046;124.4952;158.4;140.9;270.0;270.0
279.5;1.9739;2.0000;-26.9203;-25.8352;236;169;-0.0049;123.1527;-45.2901;-65.2957;126.0945;154.9;142.0;270.0;270.0
280.0;1.9748;2.0000;-26.6964;-25.6854;232;171;0.0342;123.5649;-46.2061;-66.0647;126.8941;152.3;141.2;270.0;270.0
280.5;1.9744;2.0000;-26.6277;-25.5234;224;177;-0.0538;123.9542;-47.0840;-66.8119;127.6937;149.9;141.2;270.0;270.0
281.0;1.9734;2.0000;-26.3324;-25.3475;224;179;0.0538;124.3435;-48.0153;-67.5810;128.4933;148.1;140.1;270.0;270.0
281.5;1.9721;2.0000;-26.3489;-25.1607;214;189;0.0929;124.7023;-48.9084;-68.3281;130.0925;146.2;140.1;270.0;270.0
282.0;1.9707;2.0000;-26.0330;-24.9602;212;191;0.0440;125.0687;-49.8397;-69.0752;130.8921;143.0;139.4;270.0;270.0
282.5;1.9698;2.0000;-25.9698;-24.7486;206;200;0.0733;125.4046;-50.7481;-69.8003;131.6917;141.2;139.6;270.0;270.0
283.0;1.9693;2.0000;-25.6277;-24.5234;206;202;0.0049;125.7481;-51.6947;-70.5474;132.4913;139.9;139.1;270.0;270.0
283.5;1.9689;2.0000;-25.3407;-24.2857;202;206;0.0831;126.0611;-52.6031;-71.2726;133.2909;138.0;139.1;270.0;270.0
284.0;1.9679;2.0000;-25.1690;-24.0357;196;212;0.0147;126.3817;-53.5573;-71.9977;134.8902;136.7;138.6;270.0;270.0
284.5;1.9661;2.0000;-24.8860;-23.7734;196;220;-0.0244;126.6565;-54.4351;-72.7229;135.6898;134.6;138.6;270.0;270.0
285.0;1.9643;2.0000;-24.6168;-23.4986;191;224;0.0342;126.9389;-55.3588;-73.4041;136.4894;131.7;138.0;270.0;270.0
285.5;1.9625;2.0000;-24.1305;-23.2102;193;226;0.0538;127.2366;-56.3664;-74.1072;137.2890;130.4;138.0;270.0;270.0
286.0;1.9611;2.0000;-23.9890;-22.9107;185;236;0.0147;127.4962;-57.2901;-74.7884;138.8882;128.5;137.8;270.0;270.0
286.5;1.9597;2.0000;-23.6071;-22.5975;183;238;0.0244;127.7405;-58.2214;-75.4696;139.6878;127.2;137.5;270.0;270.0
287.0;1.9592;2.0000;-23.3915;-22.2734;177;247;0.0831;127.9847;-59.1985;-76.1288;140.4874;125.9;136.7;270.0;270.0
287.5;1.9588;2.0000;-23.0055;-21.9354;175;251;0.0831;128.2214;-60.1756;-76.7881;141.2870;124.0;135.9;270.0;270.0
288.0;1.9574;2.0000;-22.4327;-21.5852;175;253;-0.0244;128.4351;-61.1145;-77.4473;142.0867;122.5;135.1;270.0;270.0
288.5;1.9570;2.0000;-21.9025;-21.2225;175;253;0.1417;128.6565;-62.1374;-78.0845;143.6859;120.9;134.3;270.0;270.0
289.0;1.9574;2.0000;-21.4093;-20.8475;173;255;0.0147;128.8626;-63.1221;-78.6778;144.4855;119.0;134.9;270.0;270.0
289.5;1.9592;2.0000;-20.8599;-20.4602;173;257;-0.0929;129.0611;-64.1450;-79.2711;145.2851;118.2;135.1;270.0;270.0
290.0;1.9611;2.0000;-20.3352;-20.0604;171;257;-0.0929;129.2519;-65.1756;-79.8644;146.8843;116.1;136.7;270.0;270.0
290.5;1.9647;2.0000;-20.0096;-19.6484;163;263;-0.0244;129.4351;-66.2443;-80.4358;147.6839;114.3;137.8;270.0;270.0
291.0;1.9684;2.0000;-19.5893;-19.2225;155;267;-0.0244;129.6107;-67.3130;-81.0071;148.4835;112.7;140.7;270.0;270.0
291.5;1.9734;2.0000;-19.2912;-18.7857;144;267;-0.0733;129.7786;-68.3893;-81.5345;150.0827;111.1;142.0;270.0;270.0
292.0;1.9799;2.0000;-18.9698;-18.3352;134;273;-0.0635;129.9466;-69.5420;-82.0838;150.8824;109.5;143.6;270.0;270.0
292.5;1.9853;2.0000;-18.5687;-17.8736;122;275;0.0049;130.0840;-70.5725;-82.6112;152.4816;107.7;144.9;270.0;270.0
293.0;1.9908;2.0000;-18.3022;-17.3984;110;283;0.0049;130.2214;-71.6947;-83.1605;153.2812;107.2;147.5;270.0;270.0
293.5;1.9963;2.0000;-17.7033;-16.9107;107;281;-0.1124;130.3435;-72.7710;-83.6659;154.0808;104.5;150.4;270.0;270.0
294.0;2.0000;2.0000;-17.1923;-16.4107;99;284;-0.0538;130.4580;-73.8092;-84.1494;155.6800;104.3;155.5;270.0;270.0
294.5;2.0037;2.0000;-16.6223;-15.9107;97;283;0.0147;130.5649;-74.8931;-84.6108;156.4796;103.5;162.6;270.0;270.0
295.0;2.0064;2.0000;-16.0440;-15.4107;97;279;-0.0049;130.6565;-75.8931;-85.0723;157.2792;103.5;172.9;270.0;270.0
295.5;2.0092;2.0000;-15.5508;-14.9107;93;281;-0.0049;130.7481;-76.9695;-85.5337;158.8785;101.9;185.0;270.0;270.0
296.0;2.0128;2.0000;-15.1387;-14.4107;87;283;0.0244;130.8244;-78.0153;-85.9512;159.6781;101.6;199.3;270.0;270.0
296.5;2.0156;2.0000;-14.6154;-13.9107;85;283;-0.0538;130.8931;-79.0992;-86.3687;160.4777;100.8;214.3;270.0;270.0
297.0;2.0183;2.0000;-14.0055;-13.4107;83;281;0.0831;130.9618;-80.1832;-86.7862;162.0769;102.1;232.5;270.0;270.0
297.5;2.0206;2.0000;-13.4766;-12.9107;81;281;0.0831;131.0153;-81.2595;-87.1818;162.8765;102.4;249.9;270.0;270.0
298.0;2.0229;2.0000;-12.9190;-12.4107;77;281;0.1906;131.0611;-82.2672;-87.5334;163.6761;103.5;270.0;270.0;270.0
298.5;2.0243;2.0000;-12.3860;-11.9107;75;281;0.1808;131.1069;-83.2672;-87.8849;164.4757;103.2;270.0;270.0;270.0
299.0;2.0252;2.0000;-11.8640;-11.4107;73;283;0.0929;131.1374;-84.3130;-88.2365;166.0750;103.2;270.0;270.0;270.0
299.5;2.0256;2.0000;-11.3860;-10.9107;69;284;0.1515;131.1679;-85.3206;-88.5661;166.8746;102.1;270.0;270.0;270.0
300.0;2.0266;2.0000;-10.7816;-10.4107;69;283;0.1417;131.1908;-86.4046;-88.8738;167.6742;102.4;270.0;270.0;270.0
300.5;2.0279;2.0000;-10.2239;-9.9107;69;283;0.1026;131.2061;-87.4122;-89.1594;169.2734;103.7;270.0;270.0;270.0
301.0;2.0288;2.0000;-9.5577;-9.4107;69;281;0.0049;131.2214;-88.4504;-89.4231;170.0730;105.8;270.0;270.0;270.0
301.5;2.0288;2.0000;-8.9533;-8.9107;71;279;0.0733;131.2290;-89.4580;-89.6868;170.8726;107.4;270.0;270.0;270.0
302.0;2.0293;2.0000;-8.4286;-8.4107;69;281;0.2199;131.2366;-90.5420;-89.9285;172.4718;111.6;270.0;270.0;270.0
302.5;2.0298;2.0000;-7.7885;-7.9107;71;277;0.0244;131.2366;-91.5496;-90.1483;173.2714;123.0;270.0;270.0;270.0
303.0;2.0284;2.0000;-7.3269;-7.4258;71;273;0.1613;131.2290;-92.4733;-90.3680;174.0710;131.2;270.0;270.0;270.0
303.5;2.0275;2.0000;-6.8984;-6.9560;73;271;0.1613;131.2214;-93.4809;-90.5658;174.8707;141.2;270.0;270.0;270.0
304.0;2.0261;2.0000;-6.3571;-6.5000;77;269;0.2199;131.2137;-94.4427;-90.7416;175.6703;153.6;270.0;270.0;270.0
304.5;2.0243;2.0000;-5.8832;-6.0604;81;265;0.1320;131.1985;-95.4504;-90.9174;177.2695;171.8;270.0;270.0;270.0
305.0;2.0238;2.0000;-5.3255;-5.6360;89;261;0.0929;131.1756;-96.4504;-91.0712;178.0691;184.5;270.0;270.0;270.0
305.5;2.0234;2.0000;-4.8146;-5.2253;95;255;0.1613;131.1603;-97.4962;-91.2030;178.8687;199.5;270.0;270.0;270.0
306.0;2.0229;2.0000;-4.3462;-4.8310;101;251;0.1515;131.1374;-98.5420;-91.3349;180.4679;216.4;270.0;270.0;270.0
306.5;2.0224;2.0000;-3.8558;-4.4505;107;245;0.1320;131.1145;-99.5878;-91.4447;181.2675;230.1;270.0;270.0;270.0
307.0;2.0220;2.0000;-3.3791;-4.0852;110;239;0.1124;131.0840;-100.5496;-91.5326;182.0671;245.7;270.0;270.0;270.0
307.5;2.0211;2.0000;-2.9821;-3.7363;116;236;0.0929;131.0611;-101.5115;-91.6205;182.8667;263.7;270.0;270.0;270.0
308.0;2.0192;2.0000;-2.6484;-3.4011;120;234;0.0049;131.0305;-102.5191;-91.6864;184.4660;270.0;270.0;270.0;270.0
308.5;2.0174;2.0000;-2.3269;-3.0810;122;230;0.0733;131.0000;-103.4809;-91.7743;185.2656;270.0;270.0;270.0;270.0
309.0;2.0160;2.0000;-2.1305;-2.7761;126;230;-0.0049;130.9695;-104.4885;-91.8183;186.0652;270.0;270.0;270.0;270.0
309.5;2.0142;2.0000;-1.8544;-2.4863;128;228;0.0635;130.9389;-105.4504;-91.8842;186.8648;270.0;270.0;270.0;270.0
310.0;2.0128;2.0000;-1.5948;-2.2102;134;226;0.0538;130.9084;-106.4962;-91.9282;187.6644;270.0;270.0;270.0;270.0
310.5;2.0105;2.0000;-1.4244;-1.9505;136;226;0.0440;130.8702;-107.5420;-91.9721;189.2636;270.0;270.0;270.0;270.0
311.0;2.0092;2.0000;-1.2651;-1.7060;140;224;-0.0440;130.8321;-108.5420;-91.9941;190.0632;270.0;270.0;270.0;270.0
311.5;2.0073;2.0000;-1.0618;-1.4753;144;222;0.0342;130.8015;-109.5038;-92.0380;190.8629;270.0;270.0;270.0;270.0
312.0;2.0069;2.0000;-0.7445;-1.2610;150;216;0.0244;130.7634;-110.5496;-92.0600;192.4621;270.0;270.0;270.0;270.0
312.5;2.0064;2.0000;-0.4409;-1.0604;155;210;0.0929;130.7252;-111.5573;-92.0600;193.2617;270.0;270.0;270.0;270.0
313.0;2.0060;2.0000;-0.1511;-0.8750;163;204;0.0831;130.6947;-112.5573;-92.0600;194.0613;270.0;270.0;270.0;270.0
313.5;2.0046;2.0000;-0.0357;-0.7060;165;202;-0.0049;130.6565;-113.5267;-92.0600;194.8609;270.0;270.0;270.0;270.0
314.0;2.0032;2.0000;0.2088;-0.5508;171;196;-0.0147;130.6260;-114.4885;-92.0600;195.6605;270.0;270.0;270.0;270.0
314.5;2.0018;2.0000;0.2940;-0.4107;177;195;0.0635;130.5878;-115.4885;-92.0600;197.2597;270.0;270.0;270.0;270.0
315.0;2.0005;2.0000;0.3929;-0.2857;181;193;0.0635;130.5496;-116.4962;-92.0380;198.0593;270.0;270.0;270.0;270.0
315.5;1.9995;2.0000;0.5192;-0.1758;185;187;0.0538;130.5191;-117.5038;-92.0380;198.8589;270.0;270.0;270.0;270.0
316.0;1.9991;2.0000;0.4629;-0.0810;187;189;-0.0244;130.4809;-118.5420;-92.0161;200.4582;270.0;270.0;270.0;270.0
316.5;1.9977;2.0000;0.5151;0.0000;173;202;-0.0244;130.4427;-119.5115;-91.9941;201.2578;270.0;270.0;270.0;270.0
317.0;1.9959;2.0000;0.5673;0.0000;196;179;0.0538;130.4122;-120.5115;-91.9941;202.0574;270.0;270.0;270.0;270.0
317.5;1.9954;2.0000;0.5879;0.0000;198;181;0.0538;130.3741;-121.5191;-91.9721;202.8570;270.0;270.0;270.0;270.0
318.0;1.9945;2.0000;0.5426;0.0000;198;181;-0.0244;130.3435;-122.5649;-91.9501;204.4562;269.2;270.0;270.0;270.0
318.5;1.9936;2.0000;0.6305;0.0000;200;179;-0.0244;130.3053;-123.5267;-91.9282;205.2558;265.5;270.0;270.0;270.0
319.0;1.9927;2.0000;0.5563;0.0000;200;183;-0.0244;130.2748;-124.4885;-91.9282;206.0554;269.2;270.0;270.0;270.0
319.5;1.9908;2.0000;0.6264;0.0000;202;181;-0.0049;0.9618;0.0000;-0.0109;0.5557;267.1;270.0;270.0;270.0
320.0;1.9895;2.0000;0.7143;0.0000;204;179;0.0538;1.9618;0.0000;0.0111;1.3553;266.6;270.0;270.0;270.0
320.5;1.9886;2.0000;0.6923;0.0000;206;181;-0.0342;3.0076;0.0000;0.0331;2.9546;267.1;270.0;270.0;270.0
321.0;1.9876;2.0000;0.6827;0.0000;206;181;-0.1124;4.0153;0.0000;0.0551;3.7542;264.2;270.0;270.0;270.0
321.5;1.9863;2.0000;0.6566;0.0000;206;183;-0.1124;5.0229;0.0000;0.0770;4.5538;264.7;270.0;270.0;270.0
322.0;1.9849;2.0000;0.6442;0.0000;208;185;-0.0244;5.9847;0.0000;0.0770;5.3534;262.9;270.0;270.0;270.0
322.5;1.9840;2.0000;0.6099;0.0000;208;185;-0.0244;7.0305;0.0000;0.0990;6.9526;260.5;270.0;270.0;270.0
323.0;1.9831;2.0000;0.6745;0.0000;210;185;-0.0244;7.9924;0.0076;0.1210;7.7522;260.8;270.0;270.0;270.0
323.5;1.9817;2.0000;0.5041;0.0000;208;189;-0.0244;8.9618;0.0076;0.1430;8.5518;259.4;270.0;270.0;270.0
324.0;1.9803;2.0000;0.5151;0.0000;208;189;-0.0244;10.0000;0.0076;0.1430;9.3514;257.6;270.0;270.0;270.0
324.5;1.9799;2.0000;0.4093;0.0000;208;191;-0.1026;11.0076;0.0153;0.1649;10.9506;256.0;270.0;270.0;270.0
325.0;1.9803;2.0000;0.3338;0.0000;206;193;-0.0147;12.0534;0.0153;0.1649;11.7503;260.8;270.0;270.0;270.0
325.5;1.9812;2.0000;0.2912;0.0000;204;193;-0.0929;13.0611;0.0229;0.1869;12.5499;262.9;270.0;270.0;270.0
326.0;1.9831;2.0000;0.2857;0.0000;204;193;-0.0929;14.1450;0.0229;0.1869;13.3495;261.8;270.0;270.0;270.0
326.5;1.9844;2.0000;0.1827;0.0000;202;195;-0.0929;15.1450;0.0229;0.1869;14.9487;258.7;270.0;270.0;270.0
327.0;1.9863;2.0000;0.1951;0.0000;200;193;-0.1711;16.2748;0.0305;0.2089;15.7483;258.1;270.0;270.0;270.0
327.5;1.9881;2.0000;0.1758;0.0000;200;193;-0.0929;17.2748;0.0382;0.2089;16.5479;258.1;270.0;270.0;270.0
328.0;1.9895;2.0000;0.1703;0.0000;200;191;-0.1711;18.2443;0.0382;0.2089;18.1471;260.5;270.0;270.0;270.0
328.5;1.9899;2.0000;0.1470;0.0000;198;191;-0.0929;19.2443;0.0458;0.2089;18.9467;259.2;270.0;270.0;270.0
329.0;1.9908;1.9995;0.0453;0.0000;195;189;-0.0831;20.2519;0.0458;0.2089;19.7464;259.2;270.0;270.0;270.0
329.5;1.9913;1.9986;-0.0453;0.0000;185;187;-0.0049;21.2977;0.0534;0.2089;20.5460;257.3;270.0;270.0;270.0
330.0;1.9931;1.9977;-0.0783;0.0000;181;181;-0.1613;22.3435;0.0534;0.2089;22.1452;255.5;270.0;270.0;270.0
330.5;1.9959;1.9968;-0.1016;0.0000;175;177;-0.0831;23.4275;0.0611;0.2089;22.9448;256.8;270.0;270.0;270.0
331.0;1.9973;1.9950;-0.1827;0.0000;165;171;0.0049;24.4733;0.0611;0.2089;23.7444;255.0;270.0;270.0;270.0
331.5;1.9991;1.9931;-0.2212;0.0000;159;167;-0.0733;25.5573;0.0687;0.2089;25.3436;255.0;270.0;270.0;270.0
332.0;2.0000;1.9908;-0.2157;0.0000;153;159;-0.0733;26.5649;0.0687;0.1869;26.1432;254.7;270.0;270.0;270.0
332.5;2.0009;1.9886;-0.1538;0.0000;150;153;-0.0831;27.6489;0.0763;0.1869;26.9428;253.9;270.0;270.0;270.0
333.0;2.0014;1.9858;-0.0728;0.0000;146;146;-0.0049;28.6947;0.0763;0.1869;28.5421;253.4;270.0;270.0;270.0
333.5;2.0014;1.9826;-0.0701;0.0000;140;140;-0.0831;29.6947;0.0840;0.1869;29.3417;254.2;270.0;270.0;270.0
334.0;2.0005;1.9789;-0.0357;0.0000;134;134;-0.0049;30.7405;0.0840;0.1869;30.1413;250.5;270.0;270.0;270.0
334.5;2.0000;1.9753;-0.0536;0.0000;126;128;-0.0049;31.7863;0.0916;0.1869;31.7405;248.1;270.0;270.0;270.0
335.0;1.9991;1.9712;-0.0865;0.0000;120;122;-0.0049;32.8321;0.0916;0.1869;32.5401;246.0;270.0;270.0;270.0
335.5;1.9968;1.9670;-0.0412;0.0000;114;116;-0.0049;33.7939;0.0916;0.1869;33.3397;245.7;270.0;270.0;270.0
336.0;1.9936;1.9625;0.0137;0.0000;110;109;-0.0049;34.8397;0.0992;0.1869;34.1393;244.4;270.0;270.0;270.0
336.5;1.9895;1.9574;0.0124;0.0000;105;105;-0.0831;35.8473;0.0992;0.1869;35.7386;244.4;270.0;270.0;270.0
337.0;1.9844;1.9519;0.0659;0.0000;101;99;0.0733;36.7710;0.1069;0.1869;36.5382;241.5;270.0;270.0;270.0
337.5;1.9794;1.9464;0.0783;0.0000;97;95;0.0733;37.7786;0.1069;0.1869;37.3378;239.6;270.0;270.0;270.0
338.0;1.9748;1.9405;0.1016;0.0000;91;89;0.0733;38.7786;0.1145;0.1869;38.1374;238.6;270.0;270.0;270.0
338.5;1.9693;1.9341;0.2843;0.0000;91;79;-0.0147;39.8244;0.1145;0.1869;39.7366;235.2;270.0;270.0;270.0
339.0;1.9629;1.9277;0.2802;0.0000;85;75;0.0635;40.7481;0.1221;0.2089;40.5362;235.2;270.0;270.0;270.0
339.5;1.9574;1.9208;0.4190;0.0000;83;67;-0.1026;41.7557;0.1221;0.2089;41.3358;235.2;270.0;270.0;270.0
340.0;1.9505;1.9135;0.4148;0.0000;79;64;-0.0147;42.7176;0.1298;0.2308;42.1354;232.8;270.0;270.0;270.0
340.5;1.9432;1.9061;0.2569;0.0000;69;62;0.1515;43.6794;0.1298;0.2308;42.9350;231.7;270.0;270.0;270.0
341.0;1.9359;1.8984;0.1250;0.0000;62;62;-0.0049;44.6489;0.1374;0.2308;44.5343;230.1;270.0;270.0;270.0
341.5;1.9286;1.8901;0.1319;0.0000;58;56;0.0733;45.5725;0.1374;0.2308;45.3339;227.2;270.0;270.0;270.0
342.0;1.9208;1.8819;-0.0618;0.0000;48;56;0.1613;46.5344;0.1450;0.2308;46.1335;227.0;270.0;270.0;270.0
342.5;1.9125;1.8727;-0.0962;0.0000;40;52;0.0831;47.4580;0.1450;0.2308;46.9331;225.1;270.0;270.0;270.0
343.0;1.9034;1.8640;-0.0742;0.0000;36;48;0.1613;48.3435;0.1527;0.2308;47.7327;224.6;270.0;270.0;270.0
343.5;1.8938;1.8544;0.0069;0.0000;34;40;0.0733;49.2672;0.1527;0.2308;48.5323;223.3;270.0;270.0;270.0
344.0;1.8828;1.8448;0.1593;0.0000;32;34;-0.0147;50.1527;0.1603;0.2308;50.1315;222.2;270.0;270.0;270.0
344.5;1.8709;1.8347;0.1401;0.0000;28;30;0.0733;51.0000;0.1603;0.2528;50.9311;220.9;270.0;270.0;270.0
345.0;1.8590;1.8246;0.2830;0.0000;28;22;0.0635;51.9237;0.1679;0.2528;51.7307;220.1;270.0;270.0;270.0
345.5;1.8466;1.8136;0.2047;0.0000;22;21;0.0635;52.7634;0.1679;0.2528;52.5304;218.3;270.0;270.0;270.0
346.0;1.8333;1.8031;0.3997;0.0000;22;15;0.0635;53.6107;0.1756;0.2748;53.3300;218.0;270.0;270.0;270.0
346.5;1.8196;1.7917;0.3654;0.0000;19;11;0.0635;54.4504;0.1756;0.2748;54.1296;216.4;270.0;270.0;270.0
347.0;1.8059;1.7802;0.4904;0.0000;19;5;0.0538;55.2977;0.1832;0.2968;54.9292;214.3;270.0;270.0;270.0
347.5;1.7921;1.7683;0.4519;0.0000;13;3;0.0635;56.1450;0.1908;0.2968;55.7288;208.5;270.0;270.0;270.0
348.0;1.7770;1.7560;0.3201;0.0000;7;3;0.0635;56.9084;0.1908;0.3187;56.5284;208.0;270.0;270.0;270.0
348.5;1.7619;1.7436;0.4231;0.0000;7;-3;0.0635;57.7481;0.1985;0.3187;57.3280;208.5;270.0;270.0;270.0
349.0;1.7463;1.7308;0.4588;0.0000;5;-7;-0.0244;58.5496;0.1985;0.3407;58.1276;208.8;270.0;270.0;270.0
349.5;1.7312;1.7175;0.5165;0.0000;3;-13;-0.1026;59.3969;0.2061;0.3627;58.9272;209.6;270.0;270.0;270.0
350.0;1.7152;1.7042;0.5165;0.0000;1;-17;-0.1026;60.1603;0.2137;0.3627;59.7268;207.2;270.0;270.0;270.0
350.5;1.6992;1.6905;0.7321;0.0000;1;-24;0.0538;60.9237;0.2137;0.3847;60.5265;206.4;270.0;270.0;270.0
351.0;1.6818;1.6763;0.6923;0.0000;-3;-28;-0.0244;61.6489;0.2214;0.4066;61.3261;205.1;270.0;270.0;270.0
351.5;1.6644;1.6621;0.8915;0.0000;-1;-36;-0.1124;62.4122;0.2290;0.4286;62.1257;204.8;270.0;270.0;270.0
352.0;1.6479;1.6474;0.8407;0.0000;-5;-38;-0.0342;63.2137;0.2366;0.4506;62.9253;205.9;270.0;270.0;270.0
352.5;1.6305;1.6323;0.7802;0.0000;-9;-40;-0.0342;63.9389;0.2366;0.4726;63.7249;206.4;268.4;270.0;270.0
353.0;1.6136;1.6168;0.6470;0.0000;-15;-42;-0.0244;64.7405;0.2443;0.4945;64.5245;204.5;266.8;270.0;270.0
353.5;1.5957;1.6012;0.4533;0.0000;-22;-40;0.0635;65.5038;0.2519;0.5165;65.3241;205.1;267.9;270.0;270.0
354.0;1.5778;1.5856;0.4052;0.0000;-28;-44;-0.0147;66.2290;0.2595;0.5165;66.1237;203.8;269.5;270.0;270.0
354.5;1.5614;1.5691;0.3489;0.0000;-32;-48;-0.0147;67.0305;0.2672;0.5385;66.9233;204.3;270.0;270.0;270.0
355.0;1.5444;1.5527;0.3228;0.0000;-38;-52;0.0635;67.7939;0.2748;0.5385;67.7229;204.0;270.0;270.0;270.0
355.5;1.5266;1.5357;0.1951;0.0000;-46;-54;-0.0147;68.5191;0.2824;0.5605;68.5226;203.8;270.0;270.0;270.0
356.0;1.5082;1.5183;0.3049;0.0000;-48;-60;-0.0147;69.1603;0.2901;0.5605;68.5226;203.0;270.0;270.0;270.0
356.5;1.4904;1.5009;0.1799;0.0000;-56;-62;-0.0147;69.9695;0.2977;0.5605;69.3222;203.0;270.0;270.0;270.0
357.0;1.4721;1.4835;0.2720;0.0000;-54;-65;-0.0147;70.6107;0.3053;0.5824;70.1218;201.1;270.0;270.0;270.0
357.5;1.4528;1.4661;0.3049;0.0000;-54;-65;-0.0147;71.3359;0.3130;0.5824;70.9214;200.1;270.0;270.0;270.0
358.0;1.4322;1.4487;0.3530;0.0000;-54;-67;-0.0147;71.9771;0.3206;0.5824;71.7210;199.3;270.0;270.0;261.8
358.5;1.4121;1.4309;0.2679;0.0000;-54;-64;0.0635;72.6565;0.3282;0.6044;72.5206;200.3;270.0;270.0;253.1
359.0;1.3924;1.4135;0.2871;0.0000;-54;-65;-0.0147;73.3053;0.3282;0.6044;72.5206;199.5;270.0;270.0;245.7
359.5;1.3723;1.3961;0.3269;0.0000;-54;-65;0.0635;73.9084;0.3359;0.6264;73.3202;196.6;270.0;270.0;235.7
360.0;1.3526;1.3787;0.3297;0.0000;-52;-65;-0.0147;74.5496;0.3435;0.6264;74.1198;195.6;270.0;270.0;225.9
360.5;1.3329;1.3608;0.4038;0.0000;-52;-67;0.0635;75.1527;0.3511;0.6484;74.9194;195.8;270.0;270.0;218.3
361.0;1.3136;1.3434;0.2157;0.0000;-56;-64;-0.0147;75.7939;0.3588;0.6484;75.7190;197.9;270.0;270.0;209.6
361.5;1.2940;1.3260;0.2734;0.0000;-54;-65;-0.0147;76.3588;0.3664;0.6484;75.7190;197.7;269.7;270.0;203.2
362.0;1.2743;1.3086;0.2404;0.0000;-56;-64;-0.0147;76.9160;0.3740;0.6484;76.5187;196.4;267.1;270.0;196.4
362.5;1.2537;1.2912;0.2418;0.0000;-56;-64;-0.0147;77.4809;0.3817;0.6703;77.3183;194.8;265.0;270.0;189.5
363.0;1.2340;1.2734;0.3104;0.0000;-52;-65;0.0635;78.0840;0.3893;0.6703;77.3183;192.9;263.7;270.0;182.9
363.5;1.2138;1.2560;0.2349;0.0000;-54;-64;-0.0147;78.6489;0.3969;0.6923;78.1179;193.5;263.7;270.0;171.6
364.0;1.1941;1.2386;0.1731;0.0000;-56;-64;-0.0929;79.1679;0.3969;0.6923;78.9175;194.0;265.2;270.0;166.5
364.5;1.1735;1.2212;0.1923;0.0000;-54;-64;-0.0929;79.6947;0.4046;0.6923;78.9175;192.1;266.0;270.0;162.1
365.0;1.1538;1.2033;0.2225;0.0000;-54;-65;-0.0929;80.2137;0.4122;0.6923;79.7171;193.5;267.9;270.0;157.6
365.5;1.1332;1.1859;0.1346;0.0000;-56;-62;-0.0929;80.7405;0.4198;0.6923;80.5167;192.1;269.5;270.0;153.3
366.0;1.1126;1.1685;0.1882;0.0000;-54;-64;0.0733;81.2595;0.4275;0.7143;80.5167;191.1;270.0;270.0;149.6
366.5;1.0934;1.1511;0.0756;0.0000;-56;-62;-0.0049;81.8244;0.4351;0.7143;81.3163;190.0;270.0;270.0;145.7
367.0;1.0742;1.1337;0.0467;0.0000;-56;-60;-0.0049;82.3053;0.4351;0.7143;82.1159;190.6;270.0;270.0;143.3
367.5;1.0554;1.1158;0.0810;0.0000;-56;-62;-0.0929;82.8244;0.4427;0.7143;82.1159;191.3;270.0;270.0;140.4
368.0;1.0371;1.0984;0.0632;0.0000;-56;-62;-0.0049;83.3053;0.4504;0.7143;82.9155;192.9;270.0;270.0;137.8
368.5;1.0188;1.0810;0.1058;0.0000;-56;-64;-0.0049;83.7939;0.4580;0.7143;83.7151;191.1;270.0;270.0;135.1
369.0;1.0005;1.0636;0.1470;0.0000;-56;-64;0.0733;84.3130;0.4656;0.7143;83.7151;189.8;270.0;270.0;133.5
369.5;0.9812;1.0462;0.1511;0.0000;-58;-65;-0.0147;84.7176;0.4656;0.7363;84.5147;189.8;270.0;270.0;131.4
370.0;0.9625;1.0284;0.1099;0.0000;-58;-64;-0.0049;85.1985;0.4733;0.7363;84.5147;188.7;269.7;270.0;129.9
370.5;0.9432;1.0110;0.2115;0.0000;-56;-67;-0.0147;85.6031;0.4809;0.7363;85.3144;188.7;270.0;270.0;129.1
371.0;0.9254;0.9936;0.1731;0.0000;-58;-65;-0.0147;86.0840;0.4886;0.7363;85.3144;187.4;269.5;270.0;128.8
371.5;0.9075;0.9762;0.1951;0.0000;-58;-67;-0.0929;86.5267;0.4962;0.7363;86.1140;186.6;268.7;270.0;127.7
372.0;0.8892;0.9583;0.2582;0.0000;-58;-71;-0.0147;86.9237;0.4962;0.7582;86.9136;187.1;266.8;270.0;126.9
372.5;0.8709;0.9409;0.2706;0.0000;-58;-71;-0.0147;87.3282;0.5038;0.7582;86.9136;187.7;265.8;270.0;126.2
373.0;0.8530;0.9235;0.2610;0.0000;-58;-73;-0.1711;87.7328;0.5115;0.7802;87.7132;186.9;264.2;270.0;126.2
373.5;0.8356;0.9061;0.3352;0.0000;-58;-75;0.0635;88.1679;0.5115;0.7802;87.7132;186.6;262.3;270.0;125.6
374.0;0.8187;0.8887;0.3379;0.0000;-58;-75;-0.0147;88.5725;0.5191;0.7802;88.5128;186.1;262.3;270.0;126.9
374.5;0.8013;0.8709;0.3297;0.0000;-60;-77;-0.0147;88.9771;0.5267;0.8022;88.5128;186.1;262.1;270.0;126.7
375.0;0.7830;0.8535;0.3571;0.0000;-62;-79;-0.0147;89.2977;0.5344;0.8022;88.5128;184.2;263.9;270.0;128.0
375.5;0.7660;0.8361;0.2843;0.0000;-64;-79;-0.0147;89.7023;0.5344;0.8241;89.3124;183.4;265.2;270.0;128.5
376.0;0.7486;0.8187;0.3530;0.0000;-64;-81;-0.1026;90.0611;0.5420;0.8241;89.3124;182.1;267.1;270.0;129.1
376.5;0.7308;0.8008;0.2500;0.0000;-67;-81;-0.0147;90.3817;0.5496;0.8241;90.1120;184.8;270.0;270.0;129.9
377.0;0.7138;0.7834;0.2582;0.0000;-67;-81;-0.0147;90.7863;0.5496;0.8461;90.1120;184.0;270.0;270.0;132.0
377.5;0.6978;0.7660;0.2802;0.0000;-67;-85;-0.0929;91.1450;0.5573;0.8461;90.9116;184.2;270.0;270.0;132.8
378.0;0.6799;0.7486;0.2363;0.0000;-71;-85;-0.0147;91.4657;0.5649;0.8461;90.9116;182.6;270.0;270.0;133.5
378.5;0.6625;0.7312;0.2569;0.0000;-71;-87;-0.0147;91.7863;0.5649;0.8681;91.7112;182.4;270.0;270.0;134.9
379.0;0.6456;0.7134;0.3214;0.0000;-71;-91;-0.0147;92.1069;0.5725;0.8681;91.7112;181.1;269.7;270.0;135.9
379.5;0.6287;0.6960;0.3201;0.0000;-73;-93;-0.0147;92.4351;0.5802;0.8901;91.7112;182.9;269.2;270.0;138.0
380.0;0.6122;0.6786;0.2830;0.0000;-75;-93;-0.0147;92.7557;0.5802;0.8901;92.5108;182.9;267.1;270.0;139.4
380.5;0.5966;0.6612;0.3434;0.0000;-75;-97;-0.0929;93.1145;0.5878;0.8901;92.5108;182.4;266.8;270.0;141.2
381.0;0.5806;0.6433;0.2830;0.0000;-79;-97;0.0635;93.3969;0.5954;0.9120;93.3105;182.1;265.2;270.0;143.0
381.5;0.5636;0.6259;0.3063;0.0000;-81;-99;-0.0147;93.6336;0.5954;0.9120;93.3105;181.1;265.2;270.0;144.6
382.0;0.5481;0.6085;0.2637;0.0000;-83;-99;-0.0147;93.9618;0.6031;0.9340;93.3105;182.1;265.8;270.0;146.2
382.5;0.5316;0.5911;0.2418;0.0000;-85;-101;-0.0929;94.2366;0.6031;0.9340;94.1101;182.4;263.1;270.0;147.8
383.0;0.5142;0.5737;0.2486;0.0000;-87;-103;-0.0929;94.4427;0.6107;0.9340;94.1101;182.1;262.9;270.0;149.9
383.5;0.4982;0.5559;0.2157;0.0000;-91;-105;-0.0147;94.7634;0.6183;0.9340;94.1101;181.1;260.0;270.0;151.8
384.0;0.4817;0.5385;0.2157;0.0000;-91;-105;-0.0147;95.0000;0.6183;0.9560;94.9097;181.3;259.2;270.0;153.6
384.5;0.4657;0.5211;0.1964;0.0000;-95;-107;-0.0147;95.2443;0.6260;0.9560;94.9097;180.0;259.7;270.0;156.0
385.0;0.4496;0.5037;0.2239;0.0000;-97;-110;-0.0147;95.4885;0.6260;0.9560;94.9097;180.0;261.3;270.0;157.6
385.5;0.4336;0.4858;0.1978;0.0000;-99;-112;-0.0929;95.6870;0.6336;0.9780;94.9097;180.5;263.1;270.0;160.2
386.0;0.4176;0.4689;0.2734;0.0000;-95;-112;-0.0147;95.9237;0.6336;0.9780;95.7093;180.0;263.9;270.0;162.1
386.5;0.4011;0.4519;0.2266;0.0000;-95;-109;-0.0147;96.0916;0.6412;0.9780;95.7093;180.3;266.6;270.0;166.3
387.0;0.3855;0.4354;0.1662;0.0000;-93;-105;-0.0147;96.3282;0.6412;0.9780;95.7093;180.0;268.4;270.0;168.1
387.5;0.3695;0.4190;0.2129;0.0000;-91;-105;-0.0147;96.4885;0.6412;0.9999;95.7093;178.7;270.0;270.0;170.0
388.0;0.3549;0.4034;0.1978;0.0000;-89;-101;-0.0147;96.7328;0.6489;0.9999;96.5089;178.9;270.0;270.0;172.1
388.5;0.3397;0.3874;0.1758;0.0000;-85;-99;-0.0147;96.8931;0.6489;0.9999;96.5089;178.9;270.0;270.0;174.2
389.0;0.3242;0.3723;0.2115;0.0000;-83;-99;-0.0929;97.0153;0.6565;1.0219;96.5089;180.0;268.4;270.0;176.0
389.5;0.3095;0.3571;0.2102;0.0000;-79;-95;0.0635;97.2137;0.6565;1.0219;96.5089;179.2;267.1;270.0;178.9
390.0;0.2949;0.3425;0.1456;0.0000;-79;-91;-0.0929;97.3359;0.6565;1.0219;97.3085;179.5;265.0;270.0;180.5
390.5;0.2807;0.3283;0.2033;0.0000;-75;-91;-0.0147;97.4962;0.6641;1.0219;97.3085;177.6;265.0;270.0;181.8
391.0;0.2674;0.3141;0.1635;0.0000;-73;-85;-0.0147;97.6565;0.6641;1.0219;97.3085;178.2;264.2;270.0;184.0
391.5;0.2546;0.3004;0.1827;0.0000;-69;-83;-0.0147;97.8168;0.6718;1.0439;97.3085;177.6;263.9;270.0;186.1
392.0;0.2408;0.2871;0.2349;0.0000;-67;-83;-0.0147;97.8931;0.6718;1.0439;97.3085;177.9;264.2;270.0;187.9
392.5;0.2276;0.2738;0.2239;0.0000;-64;-79;-0.0929;98.0153;0.6718;1.0439;97.3085;178.4;263.1;270.0;189.8
393.0;0.2152;0.2610;0.1951;0.0000;-62;-75;0.0733;98.1374;0.6718;1.0659;98.1081;178.2;261.8;270.0;191.3
393.5;0.2028;0.2486;0.1168;0.0000;-62;-71;-0.0929;98.2595;0.6794;1.0659;98.1081;177.6;259.2;270.0;192.9
394.0;0.1914;0.2363;0.0563;0.0000;-60;-67;0.0733;98.3817;0.6794;1.0659;98.1081;177.6;258.4;270.0;194.3
394.5;0.1804;0.2244;-0.0069;0.0000;-58;-64;-0.0831;98.4962;0.6794;1.0659;98.1081;177.6;257.3;270.0;195.3
395.0;0.1694;0.2129;0.0179;0.0000;-56;-62;-0.0049;98.5802;0.6794;1.0659;98.1081;178.2;258.7;270.0;196.4
395.5;0.1589;0.2015;-0.0206;0.0000;-54;-58;0.0733;98.7023;0.6870;1.0659;98.1081;178.7;260.8;270.0;197.9
396.0;0.1497;0.1909;0.0288;0.0000;-50;-58;-0.0831;98.8244;0.6870;1.0659;98.1081;177.9;261.8;270.0;199.0
396.5;0.1401;0.1799;0.0563;0.0000;-48;-56;-0.0049;98.9008;0.6870;1.0659;98.9077;178.4;264.2;270.0;200.6
397.0;0.1305;0.1699;0.0302;0.0000;-46;-52;-0.0049;98.9847;0.6870;1.0659;98.9077;178.2;265.8;270.0;201.9
397.5;0.1204;0.1598;0.1250;0.0000;-40;-52;-0.0929;99.0229;0.6947;1.0659;98.9077;177.9;267.9;270.0;204.3
398.0;0.1113;0.1502;0.1360;0.0000;-38;-50;-0.0049;99.0992;0.6947;1.0659;98.9077;177.9;269.5;270.0;205.3
398.5;0.1026;0.1401;0.0687;0.0000;-44;-54;-0.0049;99.1832;0.6947;1.0659;98.9077;178.7;270.0;270.0;206.4
399.0;0.0939;0.1305;0.0288;0.0000;-42;-50;0.0733;99.2214;0.6947;1.0659;98.9077;177.9;270.0;270.0;207.2
399.5;0.0852;0.1209;0.0591;0.0000;-40;-48;-0.0049;99.3053;0.6947;1.0659;98.9077;178.4;269.5;270.0;208.2
400.0;0.0778;0.1122;-0.0742;0.0000;-40;-42;-0.0049;99.3817;0.6947;1.0659;98.9077;177.9;267.6;270.0;208.8
400.5;0.0696;0.1030;-0.0604;0.0000;-38;-40;-0.0831;99.4198;0.7023;1.0659;98.9077;177.9;266.0;270.0;209.6
401.0;0.0627;0.0948;-0.1223;0.0000;-36;-36;-0.0049;99.5038;0.7023;1.0659;98.9077;178.2;265.2;270.0;210.1
401.5;0.0563;0.0865;-0.1415;0.0000;-34;-32;0.0049;99.5878;0.7023;1.0659;98.9077;178.9;265.2;270.0;210.9
402.0;0.0490;0.0788;-0.0783;0.0000;-30;-32;-0.0049;99.5878;0.7023;1.0659;98.9077;178.4;265.2;270.0;211.4
402.5;0.0430;0.0714;-0.1470;0.0000;-30;-28;0.0049;99.6641;0.7023;1.0659;98.9077;178.9;264.7;270.0;212.2
403.0;0.0375;0.0641;-0.0797;0.0000;-26;-26;-0.0049;99.7481;0.7023;1.0659;99.7073;178.7;263.9;270.0;213.0
403.5;0.0321;0.0572;-0.0165;0.0000;-22;-26;-0.0831;99.7863;0.7023;1.0659;99.7073;178.4;262.1;270.0;213.5
404.0;0.0270;0.0508;-0.0302;0.0000;-21;-24;0.0733;99.8244;0.7099;1.0439;99.7073;179.5;260.8;270.0;214.6
404.5;0.0229;0.0444;-0.0110;0.0000;-17;-22;-0.0049;99.9084;0.7099;1.0439;99.7073;178.7;259.2;270.0;215.1
405.0;0.0188;0.0385;0.0714;0.0000;-13;-22;-0.0831;99.9466;0.7099;1.0659;99.7073;179.2;259.2;270.0;215.9
405.5;0.0147;0.0330;-0.0357;0.0000;-15;-17;0.0733;99.9847;0.7099;1.0659;99.7073;179.2;260.0;270.0;216.9