general_params = {
fan_speed = 600.000000,
angular_kp = 0.090000,
angular_ki = 0.000500,
angular_kd = 0.050000,
angular_acc_feed_forward_k = 0.000600,
angular_brake_feed_forward_k = 0.000600,
angular_vel_feed_forward_k = 0.005600,
linear_vel_acc_feed_forward_k = 0.033000,
linear_vel_brake_feed_forward_k = 0.025000,
linear_vel_feed_forward_k = 0.141000,
wall_kp = 0.025000,
wall_ki = 0.000000,
wall_kd = 0.000000,
linear_vel_kp = 2.500000,
linear_vel_ki = 0.010000,
linear_vel_kd = 0.000000,
diagonal_walls_kp = 0.001000,
diagonal_walls_ki = 0.000000,
diagonal_walls_kd = 0.004000,
start_wall_break_mm_left = 56.000000,
start_wall_break_mm_right = 64.000000,
enable_wall_break_correction = 1.000000,
max_linear_acc_jerk = 625.000000,
max_linear_brake_jerk = 625.000000,
wheel_radius_mm = 13.100000,
coulomb_ff = 0.180000,
angular_coulomb_ff = 0.070000,
angular_static_ff = 0.250000,
angular_coulomb_ff_inplace = 0.000000,
angular_static_ff_inplace = 0.000000,
};
t;Vel;TgtVel;AngVel;TgtAngVel;PWM_L;PWM_R;ImuDiff;PosX;PosY;Angle;Dist;SensL;SensFL;SensFR;SensR
0.0;0.0000;0.0000;0.0920;0.0000;1;-3;-0.1613;0.1603;0.0000;-0.0109;-0.2439;191.3;270.0;270.0;181.8
0.5;0.0000;0.0005;0.1580;0.0000;3;-5;-0.0049;0.1603;0.0000;-0.0109;-0.2439;191.3;270.0;270.0;181.6
1.0;0.0000;0.0009;0.0769;0.0000;1;-3;-0.0049;0.1603;0.0000;-0.0109;-0.2439;192.1;270.0;270.0;181.6
1.5;0.0000;0.0014;-0.0591;0.0000;54;56;-0.0049;0.1603;0.0000;-0.0109;-0.2439;192.1;270.0;270.0;181.8
2.0;0.0000;0.0023;-0.1552;0.0000;54;62;-0.0049;0.1603;0.0000;-0.0109;-0.2439;192.1;270.0;270.0;181.8
2.5;0.0005;0.0032;-0.0494;0.0000;60;62;-0.0049;0.1603;0.0000;-0.0109;-0.2439;191.3;270.0;270.0;181.8
3.0;0.0009;0.0041;0.0288;0.0000;65;64;-0.0049;0.1603;0.0000;-0.0109;-0.2439;191.3;270.0;270.0;181.6
3.5;0.0014;0.0055;0.0852;0.0000;69;64;-0.0049;0.1603;0.0000;-0.0109;-0.2439;191.9;270.0;270.0;181.6
4.0;0.0023;0.0069;0.0124;0.0000;69;69;-0.0049;0.1603;0.0000;-0.0109;-0.2439;191.9;270.0;270.0;181.8
4.5;0.0032;0.0082;0.0508;0.0000;75;71;-0.0049;0.1603;0.0000;-0.0109;-0.2439;191.9;270.0;270.0;181.8
5.0;0.0041;0.0101;0.0769;0.0000;77;73;-0.0049;0.1603;0.0000;-0.0109;-0.2439;192.1;270.0;270.0;181.8
5.5;0.0055;0.0119;0.0426;0.0000;81;79;-0.0049;0.1603;0.0000;-0.0109;-0.2439;192.1;270.0;270.0;181.8
6.0;0.0069;0.0142;-0.0783;0.0000;81;83;-0.0049;0.1603;0.0000;-0.0109;-0.2439;192.1;270.0;270.0;181.8
6.5;0.0082;0.0160;-0.1635;0.0000;81;91;-0.0049;0.1603;0.0000;-0.0109;-0.2439;192.1;270.0;270.0;181.6
7.0;0.0096;0.0183;-0.0824;0.0000;89;93;-0.0049;0.1603;0.0000;-0.0109;-0.2439;192.1;270.0;270.0;181.6
7.5;0.0114;0.0211;0.0426;0.0000;95;91;-0.0049;0.1603;0.0000;-0.0109;-0.2439;191.3;270.0;270.0;181.6
8.0;0.0128;0.0238;0.1291;0.0000;99;93;-0.0049;0.1603;0.0000;-0.0109;-0.2439;191.3;270.0;270.0;181.6
8.5;0.0165;0.0266;0.0110;0.0000;99;101;0.0733;0.1985;0.0000;-0.0109;-0.2439;191.9;270.0;270.0;181.6
9.0;0.0215;0.0293;0.0124;0.0000;103;101;-0.0831;0.2366;0.0000;-0.0109;-0.2439;191.9;270.0;270.0;181.6
9.5;0.0256;0.0325;0.0137;0.0000;105;103;-0.0049;0.2366;0.0000;-0.0109;-0.2439;191.9;270.0;270.0;181.6
10.0;0.0293;0.0357;0.0536;0.0000;109;105;-0.0049;0.2366;0.0000;-0.0109;-0.2439;191.3;270.0;270.0;181.6
10.5;0.0325;0.0394;0.0398;0.0000;110;109;-0.0049;0.2366;0.0000;-0.0109;-0.2439;191.3;270.0;270.0;181.6
11.0;0.0371;0.0430;0.0316;0.0000;114;110;-0.0831;0.2748;0.0000;-0.0109;-0.2439;192.4;270.0;270.0;181.6
11.5;0.0408;0.0467;0.0865;0.0000;118;112;-0.0049;0.2748;0.0000;-0.0109;-0.2439;192.4;270.0;270.0;181.6
12.0;0.0444;0.0504;0.1030;0.0000;120;114;-0.0049;0.2748;0.0000;-0.0109;-0.2439;192.4;270.0;270.0;181.6
12.5;0.0472;0.0545;-0.0165;0.0000;122;122;-0.0049;0.2748;0.0000;-0.0109;-0.2439;192.1;270.0;270.0;181.6
13.0;0.0504;0.0586;0.0495;0.0000;126;122;-0.0049;0.2748;0.0000;-0.0109;-0.2439;192.1;270.0;270.0;181.6
13.5;0.0545;0.0632;0.0014;0.0000;130;128;-0.0049;0.3588;0.0000;-0.0109;-0.2439;190.8;270.0;270.0;181.6
14.0;0.0577;0.0678;-0.0838;0.0000;132;136;-0.0049;0.3588;0.0000;-0.0109;-0.2439;192.1;270.0;270.0;181.8
14.5;0.0627;0.0723;-0.1635;0.0000;134;140;0.0049;0.4351;0.0000;-0.0109;-0.2439;192.1;270.0;270.0;181.6
15.0;0.0678;0.0774;-0.1635;0.0000;138;144;0.0049;0.5191;0.0000;-0.0109;-0.2439;192.1;270.0;270.0;181.6
15.5;0.0737;0.0824;-0.2994;0.0000;136;150;0.0049;0.5954;0.0000;-0.0328;0.5557;191.9;270.0;270.0;181.6
16.0;0.0801;0.0875;-0.2665;0.0000;138;152;0.0049;0.6794;-0.0076;-0.0328;0.5557;192.1;270.0;270.0;181.6
16.5;0.0861;0.0929;-0.2857;0.0000;142;153;-0.0733;0.7176;-0.0076;-0.0328;0.5557;192.9;270.0;270.0;181.6
17.0;0.0916;0.0980;-0.3352;0.0000;144;159;0.0831;0.7634;-0.0076;-0.0548;0.5557;192.1;270.0;270.0;181.6
17.5;0.0966;0.1039;-0.3187;0.0000;146;161;0.0831;0.8015;-0.0076;-0.0548;0.5557;192.1;270.0;270.0;181.8
18.0;0.1021;0.1094;-0.3503;0.0000;150;167;0.0049;0.8779;-0.0076;-0.0768;0.5557;193.2;270.0;270.0;182.1
18.5;0.1076;0.1154;-0.2651;0.0000;155;167;-0.0733;0.9237;-0.0076;-0.0768;0.5557;193.5;270.0;270.0;181.8
19.0;0.1136;0.1218;-0.2486;0.0000;159;171;0.0049;1.0000;-0.0076;-0.0768;0.5557;192.1;270.0;270.0;181.6
19.5;0.1213;0.1277;-0.1827;0.0000;165;175;0.0049;1.1603;-0.0076;-0.0988;0.5557;192.9;270.0;270.0;181.6
20.0;0.1287;0.1342;-0.2857;0.0000;165;179;0.0049;1.2443;-0.0076;-0.0988;0.5557;192.1;270.0;270.0;181.1
20.5;0.1355;0.1410;-0.2198;0.0000;169;181;0.0049;1.3206;-0.0076;-0.0988;0.5557;191.6;270.0;270.0;181.1
21.0;0.1429;0.1474;-0.2802;0.0000;171;187;0.0049;1.4046;-0.0076;-0.1207;1.3553;192.1;270.0;270.0;180.8
21.5;0.1502;0.1543;-0.2637;0.0000;175;187;-0.0733;1.5267;-0.0076;-0.1207;1.3553;192.4;270.0;270.0;180.8
22.0;0.1584;0.1616;-0.2129;0.0000;181;191;0.0831;1.6412;-0.0076;-0.1207;1.3553;192.1;270.0;270.0;181.1
22.5;0.1667;0.1685;-0.3255;0.0000;181;196;-0.0733;1.7634;-0.0076;-0.1427;1.3553;192.9;270.0;270.0;181.6
23.0;0.1745;0.1758;-0.3201;0.0000;183;198;0.0049;1.8473;-0.0076;-0.1427;1.3553;193.7;270.0;270.0;181.3
23.5;0.1832;0.1836;-0.2940;0.0000;187;202;0.0049;2.0076;-0.0076;-0.1427;1.3553;192.9;270.0;270.0;180.8
24.0;0.1923;0.1914;-0.2514;0.0000;193;204;0.0049;2.1679;-0.0076;-0.1647;2.1549;192.1;270.0;270.0;180.8
24.5;0.2019;0.1992;-0.2610;0.0000;193;206;0.0049;2.3282;-0.0076;-0.1647;2.1549;193.5;270.0;270.0;180.8
25.0;0.2120;0.2070;-0.1154;0.0000;200;204;-0.0049;2.4886;-0.0076;-0.1647;2.1549;192.7;270.0;270.0;181.1
25.5;0.2216;0.2152;-0.2706;0.0000;198;212;-0.0733;2.6107;-0.0076;-0.1867;2.1549;195.0;270.0;270.0;180.8
26.0;0.2312;0.2234;-0.2596;0.0000;200;214;0.0049;2.7710;-0.0076;-0.1867;2.1549;192.7;270.0;270.0;180.5
26.5;0.2404;0.2317;-0.1882;0.0000;204;212;0.0049;2.9313;-0.0076;-0.1867;2.1549;192.9;270.0;270.0;180.8
27.0;0.2495;0.2404;-0.2610;0.0000;206;220;0.0049;3.0916;-0.0076;-0.2086;2.9546;192.9;270.0;270.0;180.5
27.5;0.2592;0.2491;-0.2692;0.0000;208;222;0.0049;3.2519;-0.0076;-0.2086;2.9546;192.1;270.0;270.0;180.3
28.0;0.2697;0.2582;-0.3819;0.0000;210;228;-0.0733;3.4504;-0.0076;-0.2086;2.9546;192.9;270.0;270.0;180.3
28.5;0.2798;0.2669;-0.3255;0.0000;212;230;0.0831;3.6565;-0.0076;-0.2306;2.9546;192.4;270.0;270.0;180.0
29.0;0.2894;0.2766;-0.4135;0.0000;214;236;0.0049;3.8168;-0.0153;-0.2306;3.7542;192.7;270.0;270.0;180.0
29.5;0.3008;0.2857;-0.3626;0.0000;220;238;0.0049;4.0534;-0.0153;-0.2526;3.7542;193.7;270.0;270.0;179.7
30.0;0.3123;0.2953;-0.4670;0.0000;220;243;0.0929;4.2595;-0.0153;-0.2526;3.7542;193.7;270.0;270.0;179.7
30.5;0.3233;0.3049;-0.4547;0.0000;224;245;-0.0733;4.4580;-0.0153;-0.2746;3.7542;193.2;270.0;270.0;179.7
31.0;0.3352;0.3146;-0.4670;0.0000;226;249;0.0147;4.6947;-0.0153;-0.2965;4.5538;194.8;270.0;270.0;180.0
31.5;0.3471;0.3246;-0.5220;0.0000;228;255;-0.0635;4.9008;-0.0153;-0.2965;4.5538;194.3;270.0;270.0;179.7
32.0;0.3590;0.3347;-0.3544;0.0000;236;253;0.0049;5.1374;-0.0153;-0.3185;4.5538;194.5;270.0;270.0;179.7
32.5;0.3727;0.3452;-0.3448;0.0000;238;255;0.0049;5.4656;-0.0229;-0.3185;5.3534;194.3;270.0;270.0;180.5
33.0;0.3860;0.3558;-0.2981;0.0000;241;255;0.0049;5.7023;-0.0229;-0.3405;5.3534;194.8;270.0;270.0;180.0
33.5;0.3993;0.3663;-0.4107;0.0000;239;263;0.0049;5.9466;-0.0229;-0.3405;5.3534;194.0;270.0;270.0;179.7
34.0;0.4121;0.3773;-0.4478;0.0000;241;267;-0.0733;6.2290;-0.0229;-0.3624;6.1530;194.5;270.0;270.0;180.0
34.5;0.4245;0.3883;-0.5810;0.0000;241;273;0.0929;6.5038;-0.0229;-0.3624;6.1530;195.3;270.0;270.0;179.7
35.0;0.4373;0.3993;-0.4313;0.0000;247;271;-0.0733;6.7863;-0.0305;-0.3844;6.1530;194.8;270.0;270.0;179.5
35.5;0.4505;0.4103;-0.4986;0.0000;249;277;0.0929;7.0687;-0.0305;-0.4064;6.9526;194.8;270.0;270.0;178.9
36.0;0.4638;0.4217;-0.6016;0.0000;249;283;-0.0635;7.3511;-0.0305;-0.4064;6.9526;195.3;270.0;270.0;179.2
36.5;0.4780;0.4332;-0.5316;0.0000;253;283;0.0147;7.6718;-0.0305;-0.4284;6.9526;194.3;270.0;270.0;179.7
37.0;0.4918;0.4451;-0.6085;0.0000;253;288;0.0147;7.9924;-0.0382;-0.4503;7.7522;194.5;270.0;270.0;180.0
37.5;0.5050;0.4570;-0.4780;0.0000;259;288;0.0929;8.2748;-0.0382;-0.4723;7.7522;196.4;270.0;270.0;179.2
38.0;0.5183;0.4689;-0.5151;0.0000;261;288;0.0147;8.5954;-0.0382;-0.4723;8.5518;195.6;270.0;270.0;178.9
38.5;0.5321;0.4812;-0.4451;0.0000;265;290;0.0147;8.9160;-0.0458;-0.4943;8.5518;196.9;270.0;270.0;178.7
39.0;0.5458;0.4936;-0.4835;0.0000;267;294;0.0147;9.2366;-0.0458;-0.4943;8.5518;195.3;270.0;270.0;178.7
39.5;0.5604;0.5060;-0.4382;0.0000;271;296;0.0929;9.6031;-0.0458;-0.5163;9.3514;195.6;270.0;270.0;179.5
40.0;0.5760;0.5183;-0.5275;0.0000;269;300;-0.0635;9.9618;-0.0534;-0.5382;9.3514;195.6;270.0;270.0;179.7
40.5;0.5907;0.5311;-0.4698;0.0000;271;298;0.0147;10.2824;-0.0534;-0.5382;10.1510;196.4;270.0;270.0;179.2
41.0;0.6053;0.5435;-0.4038;0.0000;273;294;0.0049;10.6870;-0.0611;-0.5602;10.1510;196.6;270.0;270.0;178.9
41.5;0.6200;0.5559;-0.5206;0.0000;269;298;-0.0635;11.0458;-0.0611;-0.5822;10.9506;197.4;270.0;270.0;178.4
42.0;0.6342;0.5687;-0.4973;0.0000;269;296;-0.0635;11.4122;-0.0687;-0.5822;10.9506;196.9;270.0;270.0;178.2
42.5;0.6484;0.5810;-0.4712;0.0000;269;296;0.0929;11.7710;-0.0687;-0.6042;11.7503;196.4;270.0;270.0;178.2
43.0;0.6630;0.5934;-0.4821;0.0000;269;296;0.0147;12.1756;-0.0763;-0.6042;11.7503;195.8;270.0;270.0;177.6
43.5;0.6772;0.6062;-0.4093;0.0000;271;294;0.0049;12.5725;-0.0763;-0.6261;12.5499;195.0;270.0;270.0;177.9
44.0;0.6918;0.6186;-0.2734;0.0000;273;290;0.0049;12.9771;-0.0840;-0.6261;12.5499;195.3;270.0;270.0;178.4
44.5;0.7065;0.6310;-0.3681;0.0000;271;292;0.0049;13.3817;-0.0840;-0.6481;13.3495;196.6;270.0;270.0;178.2
45.0;0.7216;0.6433;-0.4162;0.0000;269;292;0.0049;13.8626;-0.0916;-0.6481;13.3495;195.6;270.0;270.0;177.9
45.5;0.7367;0.6561;-0.3626;0.0000;269;290;0.0049;14.2672;-0.0992;-0.6701;14.1491;196.6;270.0;270.0;177.6
46.0;0.7523;0.6685;-0.4821;0.0000;265;294;0.0147;14.7481;-0.0992;-0.6701;14.1491;196.6;270.0;270.0;177.6
46.5;0.7669;0.6809;-0.3475;0.0000;269;290;0.0049;15.1450;-0.1069;-0.6921;14.9487;196.6;270.0;270.0;177.4
47.0;0.7821;0.6937;-0.4753;0.0000;263;292;0.0929;15.5878;-0.1145;-0.6921;14.9487;196.1;270.0;270.0;177.1
47.5;0.7962;0.7060;-0.4670;0.0000;263;292;0.0929;16.0305;-0.1145;-0.7140;15.7483;197.9;270.0;270.0;177.1
48.0;0.8100;0.7184;-0.5247;0.0000;261;294;0.0147;16.4351;-0.1221;-0.7360;15.7483;197.2;270.0;270.0;176.8
48.5;0.8246;0.7312;-0.4231;0.0000;263;290;0.0929;16.9542;-0.1298;-0.7360;16.5479;198.2;270.0;270.0;177.6
49.0;0.8384;0.7436;-0.4629;0.0000;261;292;-0.0733;17.3969;-0.1374;-0.7580;17.3475;197.7;270.0;270.0;177.4
49.5;0.8516;0.7560;-0.3324;0.0000;263;286;0.0831;17.8397;-0.1374;-0.7580;17.3475;198.2;270.0;270.0;177.9
50.0;0.8668;0.7683;-0.3984;0.0000;261;288;0.0049;18.4046;-0.1450;-0.7800;18.1471;198.5;270.0;270.0;177.1
50.5;0.8805;0.7811;-0.4615;0.0000;257;288;0.0147;18.8855;-0.1527;-0.7800;18.1471;198.7;270.0;270.0;177.6
51.0;0.8942;0.7935;-0.3255;0.0000;263;286;0.0049;19.3664;-0.1603;-0.8019;18.9467;198.2;270.0;270.0;177.1
51.5;0.9080;0.8059;-0.3008;0.0000;265;286;0.0049;19.8473;-0.1679;-0.8019;19.7464;197.7;270.0;270.0;176.8
52.0;0.9222;0.8187;-0.3008;0.0000;263;286;0.0831;20.3740;-0.1756;-0.8239;19.7464;197.4;270.0;270.0;176.6
52.5;0.9368;0.8310;-0.3104;0.0000;263;286;-0.0733;20.8931;-0.1832;-0.8239;20.5460;196.6;270.0;270.0;176.3
53.0;0.9515;0.8434;-0.3338;0.0000;261;286;0.0831;21.4198;-0.1908;-0.8459;21.3456;197.7;270.0;270.0;176.0
53.5;0.9670;0.8562;-0.4286;0.0000;257;288;0.0147;21.9771;-0.1985;-0.8459;21.3456;196.9;270.0;270.0;176.0
54.0;0.9808;0.8686;-0.3297;0.0000;261;286;0.0049;22.4580;-0.2061;-0.8679;22.1452;198.7;270.0;270.0;176.8
54.5;0.9954;0.8810;-0.4080;0.0000;255;286;0.1711;23.0229;-0.2137;-0.8679;22.9448;198.7;270.0;270.0;176.0
55.0;1.0087;0.8933;-0.3764;0.0000;257;286;0.0049;23.5038;-0.2214;-0.8898;22.9448;198.7;270.0;270.0;176.0
55.5;1.0224;0.9061;-0.3805;0.0000;257;286;0.0049;24.0687;-0.2290;-0.8898;23.7444;198.7;270.0;270.0;176.8
56.0;1.0371;0.9185;-0.3352;0.0000;259;286;0.0049;24.6336;-0.2366;-0.8898;24.5440;199.0;270.0;270.0;177.1
56.5;1.0508;0.9309;-0.2898;0.0000;259;284;0.0049;25.1908;-0.2443;-0.9118;24.5440;198.2;270.0;270.0;176.0
57.0;1.0646;0.9437;-0.2376;0.0000;261;284;0.0831;25.7176;-0.2595;-0.9118;25.3436;197.9;270.0;270.0;175.8
57.5;1.0778;0.9560;-0.2624;0.0000;261;283;0.0049;26.2824;-0.2672;-0.9118;26.1432;199.8;270.0;270.0;175.5
58.0;1.0902;0.9684;-0.2280;0.0000;261;283;0.0831;26.8855;-0.2748;-0.9338;26.1432;200.1;270.0;270.0;175.5
58.5;1.1026;0.9812;-0.1964;0.0000;263;284;0.0049;27.4427;-0.2824;-0.9338;26.9428;198.7;270.0;270.0;175.5
59.0;1.1158;0.9936;-0.1909;0.0000;263;284;0.0831;28.0458;-0.2901;-0.9338;27.7425;198.7;270.0;270.0;175.8
59.5;1.1287;1.0060;-0.2569;0.0000;263;286;0.0049;28.6107;-0.3053;-0.9557;28.5421;199.0;270.0;270.0;176.0
60.0;1.1415;1.0183;-0.2473;0.0000;263;286;-0.0733;29.2137;-0.3130;-0.9557;28.5421;199.5;270.0;270.0;175.5
60.5;1.1543;1.0311;-0.2418;0.0000;263;284;0.0049;29.7786;-0.3206;-0.9557;29.3417;199.8;270.0;270.0;175.5
61.0;1.1676;1.0435;-0.2198;0.2995;157;392;0.0049;30.4198;-0.3359;-0.9777;30.1413;200.1;270.0;270.0;175.2
61.5;1.1809;1.0559;-0.1827;0.3750;230;322;0.0049;31.0611;-0.3435;-0.9777;30.9409;202.7;270.0;270.0;175.5
62.0;1.1937;1.0687;-0.3077;0.3489;259;290;0.0831;31.6641;-0.3511;-0.9777;30.9409;201.1;270.0;270.0;175.2
62.5;1.2065;1.0810;-0.1484;0.3489;255;294;0.1613;32.3053;-0.3664;-0.9777;31.7405;200.6;270.0;270.0;175.0
63.0;1.2189;1.0934;-0.0907;0.3242;267;284;-0.0831;32.9084;-0.3740;-0.9777;32.5401;200.1;270.0;270.0;175.0
63.5;1.2317;1.1062;0.0783;0.3489;255;298;-0.0049;33.5496;-0.3817;-0.9777;33.3397;200.6;270.0;270.0;174.7
64.0;1.2445;1.1186;0.2431;0.3242;279;277;-0.0147;34.1985;-0.3969;-0.9777;34.1393;199.5;270.0;270.0;175.0
64.5;1.2573;1.1310;0.4093;0.3242;275;281;-0.0147;34.8397;-0.4046;-0.9777;34.1393;199.5;270.0;270.0;175.0
65.0;1.2692;1.1433;0.3036;0.3489;263;294;-0.0147;35.4809;-0.4198;-0.9557;34.9389;200.3;270.0;270.0;175.0
65.5;1.2811;1.1561;0.3626;0.3242;284;277;-0.0147;36.1221;-0.4275;-0.9557;35.7386;199.3;270.0;270.0;175.2
66.0;1.2935;1.1685;0.3832;0.2995;284;277;-0.0147;36.7710;-0.4351;-0.9338;36.5382;199.3;270.0;270.0;175.2
66.5;1.3059;1.1809;0.1607;0.2995;273;292;0.0733;37.4504;-0.4504;-0.9338;37.3378;200.1;270.0;270.0;175.8
67.0;1.3187;1.1937;0.2033;0.3242;267;300;-0.0929;38.1374;-0.4580;-0.9338;38.1374;199.8;270.0;270.0;175.2
67.5;1.3315;1.2060;0.0275;0.2747;288;279;-0.0049;38.8550;-0.4733;-0.9338;38.1374;199.8;270.0;270.0;176.3
68.0;1.3443;1.2184;0.1511;0.3242;259;312;-0.0929;39.5420;-0.4809;-0.9118;38.9370;200.6;270.0;270.0;175.5
68.5;1.3571;1.2312;-0.0165;0.2995;281;290;0.0733;40.2214;-0.4962;-0.9118;39.7366;199.8;270.0;270.0;175.8
69.0;1.3700;1.2436;0.1126;0.2995;277;296;-0.0049;40.9466;-0.5038;-0.9118;40.5362;198.7;270.0;270.0;175.0
69.5;1.3823;1.2560;0.0137;0.2747;283;290;-0.0831;41.6260;-0.5191;-0.9118;41.3358;198.7;270.0;270.0;175.5
70.0;1.3951;1.2683;-0.0316;0.3242;257;320;-0.0049;42.3511;-0.5267;-0.9118;42.1354;199.3;270.0;270.0;175.0
70.5;1.4089;1.2811;-0.0330;0.3242;275;302;-0.0831;43.1145;-0.5420;-0.9118;42.9350;199.3;270.0;270.0;174.7
71.0;1.4222;1.2935;-0.1236;0.3242;273;306;-0.0049;43.8397;-0.5496;-0.9338;43.7346;199.8;270.0;270.0;174.7
71.5;1.4354;1.3059;0.1415;0.2995;288;290;-0.0147;44.5649;-0.5649;-0.9118;44.5343;198.5;270.0;270.0;174.7
72.0;1.4483;1.3187;-0.0014;0.3242;267;310;-0.0049;45.2901;-0.5725;-0.9118;44.5343;200.3;270.0;270.0;175.2
72.5;1.4611;1.3310;0.1016;0.2995;286;290;-0.0929;46.0534;-0.5878;-0.9118;45.3339;199.0;270.0;270.0;175.0
73.0;1.4734;1.3434;0.0220;0.3242;269;310;-0.0049;46.7710;-0.5954;-0.9118;46.1335;199.5;270.0;270.0;174.7
73.5;1.4863;1.3562;0.0728;0.3242;279;300;-0.0831;47.6183;-0.6107;-0.9118;46.9331;200.8;270.0;270.0;175.5
74.0;1.4982;1.3686;0.1758;0.3242;283;300;-0.0147;48.3435;-0.6260;-0.9118;47.7327;199.8;270.0;270.0;175.2
74.5;1.5101;1.3810;0.2102;0.2995;292;290;-0.0147;49.1450;-0.6336;-0.9118;48.5323;198.7;270.0;270.0;175.0
75.0;1.5224;1.3933;0.2294;0.3242;279;308;-0.0929;49.9084;-0.6489;-0.8898;49.3319;199.5;270.0;270.0;175.0
75.5;1.5353;1.4061;0.0824;0.2995;292;294;-0.0049;50.7099;-0.6565;-0.8898;50.1315;199.0;270.0;270.0;175.0
76.0;1.5481;1.4185;0.1332;0.3242;279;312;-0.1711;51.5191;-0.6718;-0.8898;50.9311;199.3;270.0;270.0;175.0
76.5;1.5600;1.4309;-0.0536;0.2995;290;300;-0.0831;52.2824;-0.6870;-0.8898;51.7307;199.5;270.0;270.0;175.2
77.0;1.5710;1.4437;-0.0220;0.3242;277;320;-0.0831;53.0458;-0.6947;-0.8898;52.5304;200.3;270.0;270.0;175.8
77.5;1.5824;1.4560;-0.0096;0.2747;306;292;-0.0831;53.8092;-0.7099;-0.8898;53.3300;198.7;270.0;270.0;175.2
78.0;1.5934;1.4684;0.0907;0.2747;292;310;-0.0049;54.6107;-0.7176;-0.8898;54.1296;200.1;270.0;270.0;176.8
78.5;1.6044;1.4812;0.0481;0.2995;284;320;-0.0831;55.3740;-0.7328;-0.8898;54.9292;200.1;270.0;270.0;175.5
79.0;1.6158;1.4936;0.0673;0.3750;269;341;-0.0049;56.1756;-0.7405;-0.8898;55.7288;201.4;270.0;270.0;175.0
79.5;1.6264;1.5060;0.1511;0.3489;308;308;-0.0147;56.9771;-0.7557;-0.8898;56.5284;201.1;270.0;270.0;174.7
80.0;1.6364;1.5183;0.0769;0.3242;308;312;-0.0049;57.7863;-0.7710;-0.8898;57.3280;200.3;270.0;270.0;175.5
80.5;1.6470;1.5311;0.1593;0.2995;312;310;-0.0147;58.5878;-0.7786;-0.8679;58.1276;200.1;270.0;270.0;175.5
81.0;1.6580;1.5435;0.0934;0.3489;286;341;-0.0049;59.3893;-0.7939;-0.8679;58.9272;200.8;270.0;270.0;175.2
81.5;1.6685;1.5559;0.1854;0.3242;316;316;-0.0929;60.2366;-0.8015;-0.8679;59.7268;200.1;270.0;270.0;175.0
82.0;1.6786;1.5687;0.0920;0.3242;308;327;-0.0049;61.0382;-0.8168;-0.8679;60.5265;199.8;270.0;270.0;175.2
82.5;1.6891;1.5810;0.0948;0.3242;310;331;0.0733;61.8855;-0.8321;-0.8679;61.3261;200.6;270.0;270.0;175.5
83.0;1.6987;1.5934;0.0673;0.3489;300;343;-0.0831;62.6489;-0.8397;-0.8679;62.1257;200.6;270.0;270.0;175.0
83.5;1.7092;1.6062;-0.0385;0.3750;300;349;-0.0831;63.4886;-0.8550;-0.8679;62.9253;201.4;270.0;270.0;175.0
84.0;1.7106;1.6186;-0.0865;0.3242;326;331;-0.0049;64.2977;-0.8626;-0.8679;63.7249;200.1;270.0;270.0;174.5
84.5;1.7152;1.6310;-0.0783;0.3489;306;363;-0.0831;65.1374;-0.8779;-0.8679;64.5245;200.1;270.0;270.0;174.2
85.0;1.7207;1.6433;0.1236;0.3489;327;355;-0.0049;65.9389;-0.8931;-0.8679;65.3241;199.5;270.0;270.0;174.2
85.5;1.7276;1.6561;0.0124;0.3750;322;374;-0.0831;66.7863;-0.9008;-0.8679;66.1237;201.6;270.0;270.0;174.5
86.0;1.7353;1.6685;0.1703;0.3242;359;347;-0.0147;67.6718;-0.9160;-0.8679;66.9233;200.1;270.0;270.0;174.7
86.5;1.7431;1.6809;0.1442;0.3242;345;369;-0.0147;68.4733;-0.9237;-0.8459;67.7229;200.1;270.0;270.0;174.5
87.0;1.7527;1.6937;0.0124;0.3750;329;398;-0.0831;69.3969;-0.9389;-0.8459;69.3222;201.4;270.0;270.0;174.5
87.5;1.7619;1.7060;0.0014;0.3489;357;372;-0.0049;70.1985;-0.9542;-0.8459;70.1218;200.3;270.0;270.0;175.0
88.0;1.7720;1.7184;0.1085;0.3750;345;392;-0.0049;71.0840;-0.9618;-0.8459;70.9214;201.4;270.0;270.0;174.5
88.5;1.7807;1.7312;0.0385;0.3750;357;390;0.0733;71.9313;-0.9771;-0.8459;71.7210;201.4;270.0;270.0;174.7
89.0;1.7903;1.7436;-0.0426;0.3242;376;376;-0.0049;72.8168;-0.9924;-0.8459;72.5206;201.1;270.0;270.0;175.2
89.5;1.7990;1.7560;-0.0907;0.3997;335;429;-0.0049;73.6947;-1.0000;-0.8459;73.3202;203.0;270.0;270.0;174.7
90.0;1.8091;1.7683;-0.2321;0.3997;361;412;0.0049;74.5802;-1.0153;-0.8679;74.1198;201.4;270.0;270.0;173.9
90.5;1.8182;1.7811;-0.0742;0.3750;376;400;0.0733;75.5038;-1.0305;-0.8679;74.9194;200.8;270.0;270.0;174.2
91.0;1.8283;1.7935;-0.1607;0.3997;361;423;0.0049;76.3893;-1.0458;-0.8679;75.7190;201.4;270.0;270.0;174.2
91.5;1.8393;1.8059;-0.1868;0.4245;363;429;0.0049;77.3511;-1.0611;-0.8679;77.3183;203.2;270.0;270.0;175.0
92.0;1.8498;1.8187;-0.2418;0.3997;382;415;0.0049;78.2366;-1.0687;-0.8679;78.1179;202.7;270.0;270.0;174.5
92.5;1.8608;1.8310;-0.2212;0.4245;367;437;0.0049;79.2061;-1.0840;-0.8898;78.9175;203.0;270.0;270.0;173.4
93.0;1.8723;1.8434;-0.0975;0.4245;382;427;-0.0049;80.1679;-1.0992;-0.8898;79.7171;203.0;270.0;270.0;173.7
93.5;1.8846;1.8562;-0.0934;0.4245;382;427;0.0831;81.1756;-1.1145;-0.8898;80.5167;202.7;270.0;270.0;173.7
94.0;1.8979;1.8686;-0.1332;0.4492;374;443;0.0831;82.1756;-1.1298;-0.8898;82.1159;203.0;270.0;270.0;173.1
94.5;1.9116;1.8810;-0.3022;0.3997;398;419;0.0831;83.1832;-1.1450;-0.9118;82.9155;201.4;270.0;270.0;173.4
95.0;1.9249;1.8933;-0.3723;0.4245;367;447;0.1711;84.1450;-1.1603;-0.9118;83.7151;201.9;270.0;270.0;173.1
95.5;1.9386;1.9061;-0.3764;0.4245;376;443;0.0929;85.1527;-1.1756;-0.9118;84.5147;201.4;270.0;270.0;172.9
96.0;1.9519;1.9185;-0.2610;0.4245;380;437;0.0831;86.2366;-1.1985;-0.9338;86.1140;201.4;270.0;270.0;172.3
96.5;1.9652;1.9309;-0.0467;0.3997;398;423;-0.0049;87.1985;-1.2137;-0.9338;86.9136;201.6;270.0;270.0;173.7
97.0;1.9785;1.9437;0.1758;0.3997;398;429;-0.0147;88.2443;-1.2290;-0.9338;87.7132;201.9;270.0;270.0;174.2
97.5;1.9904;1.9560;0.2459;0.3997;400;427;-0.0147;89.2061;-1.2443;-0.9118;88.5128;201.6;270.0;270.0;173.9
98.0;2.0018;1.9684;0.3214;0.3997;404;427;-0.0147;90.2519;-1.2595;-0.9118;90.1120;201.1;270.0;270.0;172.9
98.5;2.0137;1.9812;0.2473;0.4492;384;451;-0.0147;91.2977;-1.2748;-0.9118;90.9116;203.0;270.0;270.0;173.4
99.0;2.0252;1.9936;0.2129;0.4245;413;427;0.0635;92.3053;-1.2901;-0.8898;91.7112;202.2;270.0;270.0;172.9
99.5;2.0366;2.0060;0.1799;0.4245;406;439;0.0733;93.3053;-1.3053;-0.8898;93.3105;201.6;270.0;270.0;172.6
100.0;2.0481;2.0183;0.1607;0.4245;408;445;0.0733;94.3130;-1.3206;-0.8898;94.1101;201.9;270.0;270.0;172.3
100.5;2.0595;2.0311;0.2115;0.3997;417;433;-0.0147;95.4351;-1.3359;-0.8898;94.9097;200.6;270.0;270.0;172.9
101.0;2.0705;2.0435;0.2816;0.4245;406;455;0.0635;96.4427;-1.3511;-0.8679;95.7093;201.9;270.0;270.0;172.3
101.5;2.0820;2.0559;0.3201;0.4492;412;458;0.0635;97.5267;-1.3740;-0.8679;97.3085;201.9;270.0;270.0;171.8
102.0;2.0934;2.0687;0.3901;0.4492;421;447;-0.0147;98.5725;-1.3893;-0.8459;98.1081;201.6;270.0;270.0;172.1
102.5;2.1049;2.0810;0.4492;0.4245;437;439;0.0635;99.6565;-1.4046;-0.8459;98.9077;201.6;270.0;270.0;172.3
103.0;2.1163;2.0934;0.3571;0.3997;435;441;0.0635;100.7405;-1.4198;-0.8239;100.5069;200.6;270.0;270.0;172.3
103.5;2.1287;2.1062;0.1964;0.4245;413;464;0.0733;101.8244;-1.4351;-0.8239;101.3066;200.8;270.0;270.0;171.8
104.0;2.1419;2.1186;0.1305;0.3997;433;453;0.0733;102.9924;-1.4504;-0.8239;102.9058;201.1;270.0;270.0;172.3
104.5;2.1571;2.1310;0.1126;0.4492;404;482;0.0733;104.1603;-1.4656;-0.8239;103.7054;203.0;270.0;270.0;172.3
105.0;2.1726;2.1433;-0.0096;0.5000;400;488;0.0733;105.4046;-1.4809;-0.8239;105.3046;203.0;270.0;270.0;171.8
105.5;2.1877;2.1561;0.0055;0.4739;427;460;0.0733;106.4885;-1.4962;-0.8239;106.1042;202.7;270.0;270.0;172.1
106.0;2.2024;2.1685;-0.0962;0.4492;419;457;0.0831;107.6565;-1.5114;-0.8239;106.9038;201.6;270.0;270.0;171.8
106.5;2.2166;2.1809;0.0000;0.0495;560;310;-0.0049;1.1221;0.0000;-0.0109;0.5557;202.4;270.0;270.0;171.6
107.0;2.2294;2.1932;0.0522;0.0000;441;425;-0.0049;2.2443;0.0000;-0.0109;2.1549;201.6;270.0;270.0;172.3
107.5;2.2427;2.2051;-0.0591;0.0000;417;443;-0.0049;3.4504;0.0000;-0.0109;2.9546;202.4;270.0;270.0;172.1
108.0;2.2564;2.2170;-0.1538;0.0000;412;439;0.0049;4.6565;-0.0076;-0.0109;4.5538;202.4;270.0;270.0;172.1
108.5;2.2701;2.2285;-0.1415;0.0000;410;437;0.0049;5.8626;-0.0076;-0.0109;5.3534;203.8;270.0;270.0;171.8
109.0;2.2839;2.2404;-0.3420;0.0000;398;437;0.0831;7.0305;-0.0076;-0.0328;6.9526;204.0;270.0;270.0;172.3
109.5;2.2976;2.2518;-0.5934;0.0000;388;443;0.0147;8.2366;-0.0076;-0.0548;7.7522;202.4;270.0;270.0;171.6
110.0;2.3114;2.2628;-0.6937;0.0000;382;441;0.0147;9.4427;-0.0076;-0.0768;9.3514;201.4;270.0;270.0;170.8
110.5;2.3242;2.2738;-0.8118;0.0000;374;437;-0.0538;10.6870;-0.0076;-0.0988;10.1510;201.6;270.0;270.0;171.0
111.0;2.3375;2.2848;-0.7198;0.0000;376;433;-0.0635;11.9313;-0.0076;-0.1207;11.7503;202.7;270.0;270.0;170.5
111.5;2.3503;2.2958;-0.5467;0.0000;374;423;-0.0635;13.1756;-0.0153;-0.1207;12.5499;201.4;270.0;270.0;170.2
112.0;2.3622;2.3063;-0.5659;0.0000;370;419;-0.0635;14.4275;-0.0153;-0.1427;14.1491;201.4;270.0;270.0;171.0
112.5;2.3741;2.3168;-0.4918;0.0000;370;413;-0.0733;15.5878;-0.0153;-0.1647;14.9487;200.6;270.0;270.0;171.3
113.0;2.3846;2.3269;-0.4135;0.0000;369;408;0.0049;16.7939;-0.0229;-0.1647;16.5479;200.8;270.0;270.0;171.6
113.5;2.3961;2.3375;-0.3558;0.0000;367;404;0.0049;18.0000;-0.0229;-0.1867;17.3475;201.4;270.0;270.0;170.8
114.0;2.4071;2.3471;-0.4066;0.0000;363;402;-0.1515;19.2901;-0.0305;-0.1867;18.9467;198.7;270.0;270.0;170.5
114.5;2.4167;2.3571;-0.2280;0.0000;365;392;-0.0733;20.4504;-0.0305;-0.1867;19.7464;198.7;270.0;270.0;170.0
115.0;2.4263;2.3668;-0.2198;0.0000;363;388;-0.0733;21.7023;-0.0382;-0.2086;21.3456;195.6;270.0;270.0;169.7
115.5;2.4364;2.3764;-0.1923;0.0000;359;384;-0.0831;22.9466;-0.0382;-0.2086;22.9448;194.3;270.0;270.0;169.7
116.0;2.4460;2.3855;-0.0604;0.0000;361;376;-0.0831;24.1908;-0.0458;-0.2086;23.7444;192.9;270.0;270.0;170.0
116.5;2.4556;2.3951;-0.0302;0.0000;361;374;-0.0831;25.4351;-0.0458;-0.2086;25.3436;191.6;270.0;270.0;170.2
117.0;2.4657;2.4038;0.0481;0.0000;355;367;-0.0049;26.7252;-0.0534;-0.2086;26.1432;190.0;270.0;270.0;169.7
117.5;2.4753;2.4130;0.0179;0.0000;351;363;-0.0049;28.0076;-0.0534;-0.2086;27.7425;188.4;270.0;270.0;170.0
118.0;2.4840;2.4217;0.0330;0.0000;349;361;-0.0049;29.2137;-0.0611;-0.2086;28.5421;187.1;270.0;270.0;169.4
118.5;2.4927;2.4304;0.0261;0.1250;298;402;-0.0049;30.5038;-0.0687;-0.2086;30.1413;185.5;270.0;270.0;169.4
119.0;2.5023;2.4386;0.2788;0.0989;355;343;-0.0147;31.7863;-0.0687;-0.2086;31.7405;185.0;270.0;270.0;169.2
119.5;2.5105;2.4469;0.2555;0.0989;343;351;-0.0929;33.0305;-0.0763;-0.1867;32.5401;184.2;270.0;270.0;168.9
120.0;2.5183;2.4551;0.3764;0.0989;343;343;-0.1026;34.2748;-0.0763;-0.1867;34.1393;184.0;270.0;270.0;169.2
120.5;2.5256;2.4629;0.3901;0.0989;341;341;-0.1026;35.5267;-0.0840;-0.1647;34.9389;184.5;270.0;270.0;169.7
121.0;2.5330;2.4707;0.2143;0.1745;308;370;-0.0147;36.8092;-0.0840;-0.1647;36.5382;187.4;270.0;270.0;170.8
121.5;2.5398;2.4785;0.2665;0.2239;314;361;-0.0147;38.0153;-0.0916;-0.1647;37.3378;189.8;270.0;270.0;170.0
122.0;2.5462;2.4858;0.1717;0.2995;298;372;-0.0147;39.3053;-0.0916;-0.1427;38.9370;192.9;270.0;270.0;169.4
122.5;2.5536;2.4936;0.0728;0.3750;290;374;-0.0049;40.5878;-0.0916;-0.1427;40.5362;196.4;270.0;270.0;169.4
123.0;2.5604;2.5005;-0.0673;0.4739;275;386;0.0733;41.9160;-0.0992;-0.1427;41.3358;199.5;270.0;270.0;168.9
123.5;2.5659;2.5078;-0.0220;0.5742;271;388;-0.0831;43.1603;-0.0992;-0.1427;42.9350;203.2;270.0;270.0;168.9
124.0;2.5714;2.5147;-0.2418;0.7500;234;423;0.0831;44.4046;-0.1069;-0.1647;43.7346;209.6;270.0;270.0;168.1
124.5;2.5760;2.5211;-0.0041;0.8997;241;410;0.0733;45.6489;-0.1069;-0.1647;45.3339;215.1;270.0;270.0;167.1
125.0;2.5801;2.5279;0.0824;1.0989;222;431;0.0733;46.9008;-0.1069;-0.1647;46.1335;222.0;270.0;270.0;165.7
125.5;2.5842;2.5343;0.3104;0.7995;402;249;-0.0147;48.1832;-0.1145;-0.1427;55.7288;231.2;270.0;270.0;165.7
126.0;2.5879;2.5403;0.3297;0.8489;283;365;-0.0147;49.3893;-0.1145;-0.1427;56.5284;240.7;270.0;270.0;164.7
126.5;2.5907;2.5467;0.4093;0.9492;265;380;0.0635;50.6336;-0.1221;-0.1207;58.1276;249.7;270.0;270.0;162.6
127.0;2.5934;2.5527;0.8915;1.0495;273;369;-0.0342;51.8397;-0.1221;-0.0988;58.9272;263.7;270.0;270.0;160.5
127.5;2.5966;2.5582;0.9409;1.1497;271;370;0.0440;53.1679;-0.1221;-0.0768;60.5265;270.0;270.0;270.0;158.6
128.0;2.6012;2.5636;1.2720;1.2500;275;363;0.0342;54.4962;-0.1221;-0.0328;62.1257;270.0;270.0;270.0;157.3
128.5;2.6062;2.5691;1.0220;1.2500;298;335;0.1222;55.7786;-0.1221;-0.0109;62.9253;270.0;270.0;270.0;156.2
129.0;2.6108;2.5746;1.1731;1.2995;281;349;0.1124;57.1450;-0.1221;0.0331;64.5245;270.0;270.0;270.0;156.0
129.5;2.6149;2.5797;1.0179;1.2995;290;335;0.1222;58.4351;-0.1221;0.0551;66.1237;270.0;270.0;270.0;155.7
130.0;2.6195;2.5847;1.2266;1.2995;294;327;0.0342;59.7557;-0.1221;0.0990;66.9233;270.0;270.0;270.0;156.0
130.5;2.6223;2.5897;1.4492;1.2500;316;300;0.0244;61.0076;-0.1145;0.1210;68.5226;270.0;270.0;270.0;156.8
131.0;2.6259;2.5943;1.4780;1.1497;333;281;0.0244;62.3282;-0.1145;0.1649;70.1218;270.0;270.0;270.0;158.6
131.5;2.6291;2.5989;1.5495;1.0000;355;255;-0.0635;63.6183;-0.1069;0.2089;70.9214;270.0;270.0;270.0;161.3
132.0;2.6323;2.6030;1.5192;0.8997;339;269;0.0244;64.9466;-0.1069;0.2528;72.5206;270.0;270.0;270.0;164.2
132.5;2.6355;2.6076;1.7500;0.5989;415;187;0.0929;66.2290;-0.0992;0.3187;73.3202;270.0;270.0;270.0;170.0
133.0;2.6392;2.6117;1.5742;0.4492;365;236;0.0244;67.5573;-0.0916;0.3627;74.9194;270.0;270.0;270.0;172.6
133.5;2.6424;2.6154;1.5701;0.2995;367;230;0.0244;68.8855;-0.0763;0.4066;76.5187;270.0;270.0;270.0;175.5
134.0;2.6465;2.6190;1.2788;0.1992;343;247;0.0342;70.2061;-0.0687;0.4286;77.3183;270.0;270.0;270.0;178.2
134.5;2.6502;2.6227;1.0124;0.0989;337;249;-0.0440;71.5725;-0.0611;0.4726;78.9175;270.0;270.0;270.0;179.7
135.0;2.6538;2.6264;0.7239;0.0495;312;269;-0.0342;72.8626;-0.0458;0.4945;80.5167;270.0;270.0;270.0;180.8
135.5;2.6580;2.6296;0.5769;0.0000;304;269;0.1320;74.2290;-0.0382;0.4945;81.3163;270.0;270.0;270.0;181.6
136.0;2.6603;2.6328;0.2788;0.0000;277;290;0.1417;75.5115;-0.0229;0.5165;82.9155;270.0;270.0;270.0;182.1
136.5;2.6625;2.6355;0.0563;0.0000;269;294;0.1515;76.8779;-0.0076;0.5165;84.5147;270.0;270.0;270.0;181.8
137.0;2.6653;2.6383;0.0398;0.0000;265;290;0.0733;78.2061;0.0000;0.5165;85.3144;270.0;270.0;270.0;180.8
137.5;2.6680;2.6410;-0.0810;0.0000;261;290;0.0831;79.5344;0.0153;0.5165;86.9136;270.0;270.0;270.0;178.9
138.0;2.6703;2.6433;0.0673;0.0000;261;284;0.0733;80.8550;0.0229;0.5165;88.5128;270.0;270.0;270.0;177.4
138.5;2.6717;2.6461;-0.0096;0.0000;255;283;-0.0049;82.1450;0.0382;0.5165;89.3124;270.0;270.0;270.0;176.8
139.0;2.6740;2.6479;0.0330;0.0000;255;279;0.0733;83.5496;0.0534;0.5165;90.9116;270.0;270.0;270.0;176.0
139.5;2.6754;2.6502;0.0412;0.0000;251;277;-0.0049;84.8397;0.0611;0.5165;92.5108;270.0;270.0;270.0;175.2
140.0;2.6758;2.6520;0.1470;0.0000;253;271;-0.0929;86.1603;0.0763;0.5165;93.3105;270.0;270.0;270.0;174.7
140.5;2.6758;2.6538;0.1195;0.0000;249;269;-0.0929;87.4885;0.0840;0.5165;94.9097;270.0;270.0;270.0;174.7
141.0;2.6767;2.6552;0.1827;0.0000;251;267;0.0733;88.8931;0.0992;0.5385;96.5089;270.0;270.0;270.0;175.0
141.5;2.6772;2.6566;0.1621;0.0000;247;263;-0.0929;90.2214;0.1145;0.5385;97.3085;270.0;270.0;270.0;175.5
142.0;2.6781;2.6580;0.1401;0.0000;245;261;-0.0049;91.5878;0.1221;0.5385;98.9077;270.0;270.0;270.0;175.2
142.5;2.6799;2.6589;0.1648;0.0000;245;257;-0.0929;92.9924;0.1374;0.5385;100.5069;270.0;270.0;270.0;175.0
143.0;2.6813;2.6598;0.2624;0.0000;245;249;-0.0929;94.3206;0.1527;0.5605;102.1062;270.0;270.0;270.0;175.5
143.5;2.6832;2.6607;0.3159;0.0000;243;245;-0.0929;95.7252;0.1679;0.5605;102.9058;270.0;270.0;270.0;175.8
144.0;2.6845;2.6612;0.3681;0.0000;241;241;-0.1026;97.0534;0.1832;0.5824;104.5050;270.0;270.0;270.0;176.0
144.5;2.6859;2.6616;0.4162;0.0000;239;236;-0.0147;98.4198;0.1908;0.5824;106.1042;270.0;270.0;270.0;175.2
145.0;2.6859;2.6621;0.3159;0.0000;236;234;-0.0147;99.7863;0.2061;0.5824;106.9038;270.0;270.0;270.0;175.2
145.5;2.6873;2.6621;0.3201;0.0000;232;230;-0.0929;101.1908;0.2214;0.6044;108.5030;270.0;270.0;270.0;175.5
146.0;2.6891;2.6621;0.2514;0.0000;228;228;-0.0929;102.6031;0.2366;0.6044;110.1023;270.0;270.0;270.0;175.2
146.5;2.6905;2.6621;0.2665;0.0000;224;224;-0.0147;103.9695;0.2519;0.6264;111.7015;270.0;270.0;270.0;176.0
147.0;2.6905;2.6616;0.3091;0.0000;222;220;-0.0929;105.3740;0.2672;0.6264;112.5011;270.0;270.0;270.0;176.0
147.5;2.6900;2.6612;0.3777;0.0000;222;214;-0.0147;106.6565;0.2824;0.6264;114.1003;270.0;270.0;270.0;175.5
148.0;2.6886;2.6607;0.4533;0.0000;222;212;-0.0244;108.0229;0.2977;0.6484;115.6995;270.0;270.0;270.0;175.8
148.5;2.6868;2.6598;0.5192;0.0000;222;208;-0.1026;109.2748;0.3130;0.6703;116.4991;270.0;270.0;270.0;176.0
149.0;2.6841;2.6589;0.5385;0.0000;220;204;-0.0244;110.5573;0.3282;0.6703;118.0984;270.0;270.0;270.0;175.5
149.5;2.6799;2.6580;0.3956;0.0000;214;208;-0.0147;111.8397;0.3435;0.6923;118.8980;270.0;270.0;270.0;175.2
150.0;2.6767;2.6566;0.5055;0.0000;216;204;-0.0244;113.2061;0.3588;0.7143;120.4972;270.0;270.0;270.0;175.2
150.5;2.6735;2.6552;0.4684;0.0000;214;204;-0.0244;114.4962;0.3740;0.7143;122.0964;270.0;270.0;270.0;175.8
151.0;2.6699;2.6538;0.4945;0.0000;214;202;-0.1026;115.7405;0.3893;0.7363;122.8960;270.0;270.0;270.0;175.5
151.5;2.6653;2.6520;0.4560;0.0000;212;202;-0.0244;117.0305;0.4122;0.7363;124.4952;270.0;270.0;270.0;175.2
152.0;2.6598;2.6502;0.5110;0.0000;212;200;-0.0244;118.2366;0.4275;0.7582;125.2948;270.0;270.0;270.0;175.8
152.5;2.6552;2.6479;0.4203;0.0000;208;200;-0.0244;119.6031;0.4427;0.7802;126.8941;270.0;270.0;270.0;176.3
153.0;2.6502;2.6461;0.4478;0.0000;208;200;-0.0244;120.8015;0.4580;0.7802;128.4933;270.0;270.0;270.0;177.4
153.5;2.6447;2.6433;0.3736;0.0000;206;202;0.0635;122.0534;0.4809;0.8022;129.2929;270.0;270.0;270.0;177.1
154.0;2.6392;2.6410;0.2926;0.0000;204;204;-0.0147;123.3359;0.4962;0.8022;130.8921;270.0;270.0;270.0;177.4
154.5;2.6337;2.6383;0.3668;0.0000;204;202;-0.0147;124.6260;0.5115;0.8241;131.6917;270.0;270.0;270.0;176.0
155.0;2.6273;2.6355;0.3352;0.0000;204;202;-0.0147;125.9084;0.5344;0.8241;133.2909;270.0;270.0;270.0;176.8
155.5;2.6218;2.6328;0.2720;0.0000;202;202;-0.0147;127.1985;0.5496;0.8241;134.8902;270.0;270.0;270.0;176.3
156.0;2.6181;2.6296;0.2967;0.0000;202;200;-0.0147;128.5573;0.5725;0.8461;135.6898;270.0;270.0;270.0;176.0
156.5;2.6140;2.6264;0.2624;0.0000;198;200;-0.0147;129.8473;0.5954;0.8461;137.2890;270.0;270.0;270.0;176.3
157.0;2.6113;2.6227;0.1827;0.0000;195;200;0.0733;131.2519;0.6107;0.8461;138.8882;270.0;270.0;270.0;177.4
157.5;2.6085;2.6190;0.2033;0.0000;193;196;-0.0147;132.5420;0.6336;0.8681;139.6878;270.0;270.0;270.0;176.8
158.0;2.6049;2.6154;0.2239;0.0000;191;195;0.0635;133.8626;0.6565;0.8681;141.2870;270.0;270.0;270.0;177.1
158.5;2.6016;2.6117;0.0907;0.0000;185;195;0.0733;135.1908;0.6718;0.8681;142.8863;270.0;270.0;270.0;177.1
159.0;2.5975;2.6076;0.0302;0.0000;181;195;-0.0049;136.4809;0.6947;0.8681;143.6859;270.0;270.0;270.0;177.1
159.5;2.5943;2.6030;0.0742;0.0000;179;191;0.0733;137.8015;0.7099;0.8681;145.2851;270.0;270.0;270.0;177.1
160.0;2.5902;2.5989;0.0288;0.0000;175;189;0.0733;139.0458;0.7328;0.8681;146.0847;270.0;270.0;270.0;176.6
160.5;2.5847;2.5943;0.1951;0.0000;177;183;0.0733;140.3741;0.7557;0.8681;147.6839;270.0;270.0;270.0;177.1
161.0;2.5792;2.5897;0.2953;0.0000;175;179;0.0635;141.6183;0.7710;0.8901;149.2831;270.0;270.0;270.0;176.8
161.5;2.5737;2.5847;0.3420;0.0000;177;175;-0.0147;142.9084;0.7939;0.8901;150.0827;270.0;270.0;270.0;177.1
162.0;2.5678;2.5797;0.5220;0.0000;179;169;-0.0244;144.1908;0.8168;0.9120;151.6820;270.0;270.0;270.0;177.1
162.5;2.5618;2.5746;0.5577;0.0000;177;165;0.0538;145.4351;0.8321;0.9340;152.4816;270.0;270.0;270.0;176.6
163.0;2.5554;2.5691;0.6360;0.0000;177;163;-0.0244;146.7252;0.8550;0.9560;154.0808;270.0;270.0;270.0;177.9
163.5;2.5485;2.5691;0.7321;0.0137;228;255;0.0733;1.2443;0.0000;-0.0109;0.5557;270.0;270.0;270.0;176.8
164.0;2.5430;2.5691;0.8929;0.0440;232;265;0.1222;2.5267;0.0000;0.0111;2.1549;270.0;270.0;270.0;176.0
164.5;2.5398;2.5691;0.8242;0.0893;228;277;0.1320;3.8168;0.0000;0.0331;3.7542;270.0;270.0;270.0;177.1
165.0;2.5366;2.5691;0.8613;0.1497;226;284;0.1222;5.0992;0.0000;0.0551;4.5538;270.0;270.0;270.0;176.6
165.5;2.5348;2.5691;0.8503;0.2239;220;292;0.0440;6.4275;0.0000;0.0770;6.1530;270.0;270.0;270.0;176.6
166.0;2.5334;2.5691;0.7995;0.3146;212;306;0.1320;7.7099;0.0000;0.1210;6.9526;270.0;270.0;270.0;176.8
166.5;2.5325;2.5691;0.8434;0.4190;206;312;0.1222;9.0000;0.0076;0.1430;8.5518;270.0;270.0;270.0;176.8
167.0;2.5316;2.5691;0.8063;0.5398;198;322;0.0440;10.2443;0.0076;0.1649;10.1510;270.0;270.0;270.0;176.6
167.5;2.5307;2.5691;0.8146;0.6745;191;331;0.1222;11.5344;0.0153;0.1869;10.9506;270.0;270.0;270.0;177.1
168.0;2.5307;2.5691;0.8475;0.8242;183;339;0.2102;12.8550;0.0153;0.2089;12.5499;270.0;270.0;270.0;178.4
168.5;2.5307;2.5691;1.0577;0.9890;179;345;0.0342;14.1832;0.0229;0.2308;14.1491;270.0;270.0;270.0;177.9
169.0;2.5307;2.5691;1.1456;1.1690;171;353;0.0342;15.4275;0.0305;0.2748;14.9487;270.0;270.0;270.0;177.4
169.5;2.5311;2.5691;1.6085;1.3640;173;351;0.0147;16.7557;0.0382;0.3187;16.5479;270.0;270.0;270.0;176.8
170.0;2.5321;2.5691;1.9533;1.5742;173;355;0.0831;18.0382;0.0458;0.3627;17.3475;270.0;270.0;270.0;177.9
170.5;2.5321;2.5691;2.0137;1.7995;161;363;0.0831;19.3282;0.0534;0.4286;18.9467;270.0;270.0;270.0;179.5
171.0;2.5325;2.5691;2.2376;2.0398;155;369;-0.0049;20.6565;0.0611;0.4945;20.5460;270.0;270.0;270.0;179.5
171.5;2.5334;2.5691;2.2335;2.2940;146;380;-0.0831;21.9389;0.0763;0.5605;21.3456;270.0;270.0;270.0;179.5
172.0;2.5348;2.5691;2.5398;2.5646;140;384;-0.0147;23.2672;0.0916;0.6264;22.9448;270.0;270.0;270.0;179.7
172.5;2.5366;2.5691;2.7102;2.8489;132;394;0.0635;24.6336;0.1069;0.7143;24.5440;270.0;270.0;270.0;180.0
173.0;2.5380;2.5691;3.0687;3.1497;126;398;0.0440;25.9160;0.1221;0.8022;25.3436;270.0;270.0;270.0;180.5
173.5;2.5394;2.5691;3.3173;3.4643;118;402;0.0440;27.2061;0.1450;0.8901;26.9428;270.0;270.0;270.0;181.1
174.0;2.5421;2.5691;3.8022;3.7940;116;404;0.0244;28.5725;0.1679;0.9999;28.5421;270.0;270.0;270.0;182.4
174.5;2.5444;2.5691;4.4684;4.1387;118;400;-0.0049;29.8550;0.1908;1.1318;29.3417;270.0;270.0;270.0;183.4
175.0;2.5462;2.5691;4.7747;4.5000;109;404;-0.0929;31.1832;0.2214;1.2636;30.9409;270.0;270.0;270.0;184.2
175.5;2.5481;2.5691;5.3846;4.8750;109;404;-0.0342;32.4656;0.2443;1.4174;31.7405;270.0;270.0;270.0;185.8
176.0;2.5504;2.5691;5.3929;5.2637;93;419;0.0538;33.7939;0.2824;1.5713;33.3397;270.0;270.0;270.0;185.5
176.5;2.5527;2.5691;5.7953;5.6690;85;423;0.0342;35.1221;0.3206;1.7471;34.9389;270.0;270.0;270.0;186.6
177.0;2.5536;2.5691;5.9245;6.0893;69;437;0.0342;36.3664;0.3588;1.9009;35.7386;270.0;270.0;270.0;187.1
177.5;2.5549;2.5691;6.4382;6.5247;65;441;0.0049;37.6870;0.4046;2.0986;37.3378;270.0;270.0;270.0;190.3
178.0;2.5554;2.5691;7.0714;6.9739;64;441;-0.0049;38.9389;0.4580;2.2964;38.9370;270.0;270.0;270.0;191.6
178.5;2.5568;2.5691;7.7006;7.4396;62;443;0.1222;40.2595;0.5115;2.5161;39.7366;270.0;270.0;270.0;193.2
179.0;2.5572;2.5691;8.1978;7.9190;56;449;0.0342;41.5420;0.5725;2.7579;41.3358;270.0;270.0;270.0;194.5
179.5;2.5568;2.5691;8.6305;8.4148;48;455;0.0049;42.9084;0.6412;2.9996;42.1354;270.0;270.0;270.0;196.6
180.0;2.5563;2.5691;9.3887;8.9148;50;453;0.0733;44.1527;0.7099;3.2633;43.7346;270.0;270.0;270.0;197.9
180.5;2.5554;2.5691;9.7431;9.4148;46;458;-0.0147;45.4351;0.7863;3.5489;45.3339;270.0;270.0;270.0;200.1
181.0;2.5540;2.5691;10.3077;9.9148;46;458;0.0244;46.6794;0.8626;3.8346;46.1335;270.0;270.0;270.0;203.2
181.5;2.5522;2.5691;10.6277;10.4148;40;466;0.1124;47.8855;0.9466;4.1422;47.7327;270.0;270.0;270.0;205.6
182.0;2.5504;2.5691;11.0522;10.9148;36;470;0.1613;49.2061;1.0458;4.4718;48.5323;270.0;270.0;270.0;207.4
182.5;2.5495;2.5691;11.4121;11.4148;32;480;0.1711;50.4504;1.1527;4.7795;50.1315;270.0;270.0;270.0;206.9
183.0;2.5481;2.5691;12.1758;11.9148;38;474;0.2102;51.7328;1.2595;5.1311;51.7307;270.0;270.0;270.0;207.4
183.5;2.5462;2.5691;12.8228;12.4148;40;472;0.1026;52.9695;1.3740;5.5046;52.5304;270.0;270.0;270.0;205.3
184.0;2.5458;2.5691;13.3750;12.9148;40;474;0.0733;54.2901;1.5115;5.9001;54.1296;270.0;270.0;270.0;203.2
184.5;2.5453;2.5691;14.0742;13.4148;46;474;0.1515;55.5649;1.6489;6.2957;54.9292;270.0;270.0;270.0;201.6
185.0;2.5462;2.5691;14.5069;13.9148;40;476;0.1417;56.8473;1.7939;6.7132;56.5284;270.0;270.0;270.0;201.4
185.5;2.5458;2.5691;15.2651;14.4148;46;470;0.1711;58.0840;1.9389;7.1527;58.1276;270.0;270.0;270.0;203.8
186.0;2.5458;2.5691;15.7006;14.9148;44;474;0.1808;59.3969;2.1145;7.5921;58.9272;270.0;270.0;270.0;204.8
186.5;2.5472;2.5691;16.3008;15.4148;44;474;0.2102;60.7557;2.2977;8.0756;60.5265;270.0;270.0;270.0;208.5
187.0;2.5495;2.5691;16.7500;15.9148;38;480;0.3079;62.0611;2.4886;8.5370;62.1257;270.0;270.0;270.0;215.6
187.5;2.5522;2.5691;17.4052;16.4148;38;476;0.2688;63.3740;2.6947;9.0424;62.9253;270.0;270.0;270.0;226.5
188.0;2.5531;2.5691;17.7898;16.9148;32;478;0.1711;64.6412;2.9008;9.5478;64.5245;270.0;270.0;270.0;237.5
188.5;2.5545;2.5691;18.4574;17.4025;38;470;0.2199;65.9542;3.1298;10.0752;65.3241;270.0;265.8;270.0;249.1
189.0;2.5554;2.5691;19.1085;17.8764;44;462;0.2884;67.2137;3.3588;10.6246;66.9233;270.0;255.5;270.0;270.0
189.5;2.5563;2.5691;19.4093;18.3393;42;464;0.1320;68.4809;3.6031;11.1739;68.5226;270.0;244.4;270.0;270.0
190.0;2.5577;2.5691;19.8063;18.7898;42;462;0.2688;69.8168;3.8779;11.7452;69.3222;270.0;233.3;270.0;270.0
190.5;2.5591;2.5691;20.1676;19.2267;42;462;0.2493;71.0763;4.1450;12.3166;70.9214;270.0;221.7;270.0;270.0
191.0;2.5595;2.5691;20.7129;19.6525;46;455;0.2297;72.3282;4.4275;12.9318;72.5206;270.0;211.1;270.0;270.0
191.5;2.5604;2.5691;21.1758;20.0646;50;451;0.2297;73.5802;4.7176;13.5251;73.3202;270.0;191.3;270.0;270.0
192.0;2.5614;2.5691;21.7459;20.4643;56;443;0.2004;74.9084;5.0458;14.1404;74.9194;270.0;186.1;270.0;270.0
192.5;2.5609;2.5691;22.0481;20.8517;58;443;0.1808;76.1527;5.3664;14.7776;76.5187;270.0;181.8;270.0;270.0
193.0;2.5609;2.5691;22.4052;21.2267;60;439;0.2395;77.4351;5.7099;15.4369;77.3183;270.0;181.8;270.0;270.0
193.5;2.5604;2.5691;22.9863;21.5893;67;431;0.2395;78.6336;6.0534;16.0961;78.9175;270.0;184.2;270.0;270.0
194.0;2.5600;2.5691;23.3407;21.9396;69;427;0.0733;79.8321;6.4046;16.7553;79.7171;270.0;187.9;270.0;270.0
194.5;2.5591;2.5691;23.8462;22.2775;77;419;0.1320;81.0611;6.7863;17.4365;81.3163;270.0;196.1;270.0;270.0
195.0;2.5582;2.5691;24.0838;22.6017;79;419;0.2004;82.2443;7.1603;18.1177;82.1159;270.0;206.1;270.0;270.0
195.5;2.5568;2.5691;24.4863;22.9148;85;413;0.1515;83.5038;7.5802;18.8428;83.7151;270.0;221.4;270.0;270.0
196.0;2.5563;2.5691;24.6868;23.2143;87;413;0.1222;84.7176;8.0076;19.5240;85.3144;270.0;239.4;270.0;270.0
196.5;2.5563;2.5691;25.1635;23.5014;95;406;0.1613;85.9618;8.4580;20.2492;86.1140;270.0;259.7;270.0;270.0
197.0;2.5554;2.5691;25.5549;23.7775;103;400;-0.0244;87.1298;8.8931;20.9743;87.7132;270.0;270.0;270.0;270.0
197.5;2.5549;2.5691;25.8104;24.0398;107;394;-0.0440;88.3664;9.3817;21.7434;89.3124;270.0;270.0;270.0;270.0
198.0;2.5540;2.5691;26.0989;24.2898;110;392;0.1417;89.5191;9.8473;22.4685;90.1120;270.0;270.0;270.0;270.0
198.5;2.5527;2.5691;26.0948;24.5275;109;396;0.1417;90.6641;10.3359;23.2157;91.7112;270.0;270.0;270.0;270.0
199.0;2.5513;2.5691;26.3626;24.7514;112;390;0.0342;91.8473;10.8473;23.9628;92.5108;270.0;270.0;270.0;270.0
199.5;2.5490;2.5691;26.4368;24.9643;114;394;0.1124;92.9847;11.3588;24.7319;94.1101;270.0;270.0;270.0;270.0
200.0;2.5481;2.5691;26.6209;25.1648;118;388;0.0831;94.1832;11.9237;25.5010;95.7093;270.0;270.0;270.0;270.0
200.5;2.5472;2.5691;26.5893;25.3517;118;394;-0.0244;95.3053;12.4733;26.2481;96.5089;270.0;270.0;270.0;270.0
201.0;2.5462;2.5691;26.8297;25.5275;124;386;0.0147;96.4504;13.0458;27.0172;98.1081;270.0;270.0;270.0;270.0
201.5;2.5449;2.5691;26.7843;25.6896;124;388;0.0147;97.5954;13.6412;27.8082;98.9077;270.0;270.0;270.0;270.0
202.0;2.5430;2.5691;27.0179;25.8393;130;384;0.0929;98.6947;14.2290;28.5773;100.5069;270.0;270.0;270.0;270.0
202.5;2.5421;2.5691;27.4423;25.9767;144;374;-0.0049;99.8168;14.8473;29.3684;102.1062;270.0;270.0;270.0;270.0
203.0;2.5417;2.5691;27.7184;26.1017;152;367;0.0049;100.9313;15.4886;30.1375;102.9058;270.0;270.0;270.0;270.0
203.5;2.5394;2.5691;27.8942;26.2143;159;361;-0.0929;102.0076;16.1221;30.9285;104.5050;270.0;270.0;270.0;270.0
204.0;2.5366;2.5691;27.9698;26.3146;163;359;-0.1026;103.0000;16.7252;31.7416;105.3046;270.0;270.0;270.0;270.0
204.5;2.5330;2.5691;28.1195;26.4025;169;355;0.0147;104.0534;17.3893;32.5766;106.9038;270.0;270.0;270.0;270.0
205.0;2.5307;2.5691;28.0316;26.4767;173;359;0.0147;105.0687;18.0458;33.3457;107.7034;270.0;270.0;270.0;270.0
205.5;2.5293;2.5691;28.2184;26.5398;181;353;0.0635;106.1679;18.7863;34.1587;109.3027;270.0;270.0;270.0;270.0
206.0;2.5284;2.5691;28.0385;26.5893;179;353;-0.0342;107.2290;19.5115;34.9718;110.1023;270.0;270.0;270.0;270.0
206.5;2.5270;2.5691;28.0728;26.6264;185;353;0.1320;108.2748;20.2595;35.7848;111.7015;270.0;270.0;270.0;270.0
207.0;2.5266;2.5691;27.9904;26.6525;187;351;0.0538;109.3511;21.0458;36.5759;113.3007;270.0;270.0;270.0;270.0
207.5;2.5279;2.5691;28.0577;26.6593;193;343;0.0831;110.4046;21.8397;37.3669;114.1003;270.0;270.0;261.8;270.0
208.0;2.5311;2.5691;28.2212;26.6593;198;337;0.1320;111.5496;22.7252;38.1800;115.6995;270.0;270.0;251.5;270.0
208.5;2.5339;2.5691;28.2830;26.6593;198;333;0.0440;112.5878;23.5573;38.9930;117.2988;270.0;270.0;239.6;270.0
209.0;2.5362;2.5691;28.4025;26.6593;200;329;0.0342;113.6107;24.3969;39.8060;118.8980;270.0;270.0;230.7;270.0
209.5;2.5385;2.5691;28.1401;26.6593;195;335;-0.0147;114.5954;25.2290;40.6191;119.6976;270.0;270.0;219.6;270.0
210.0;2.5408;2.5691;28.0577;26.6593;191;335;0.0635;115.5954;26.0992;41.4101;121.2968;270.0;270.0;209.8;270.0
210.5;2.5426;2.5691;27.7926;26.6593;183;341;0.0538;116.5802;26.9847;42.2232;122.0964;270.0;270.0;200.6;270.0
211.0;2.5440;2.5691;27.6223;26.6593;177;345;0.0733;117.5573;27.8779;43.0143;123.6956;270.0;270.0;191.3;270.0
211.5;2.5462;2.5691;27.3393;26.6593;167;351;0.0831;118.5191;28.7939;43.8053;125.2948;270.0;270.0;184.5;270.0
212.0;2.5472;2.5691;27.0069;26.6593;159;359;0.1026;119.4122;29.6641;44.5524;126.0945;270.0;270.0;176.0;270.0
212.5;2.5485;2.5691;26.7308;26.6593;152;367;0.1124;120.3511;30.5954;45.3215;127.6937;270.0;270.0;169.7;270.0
213.0;2.5490;2.5691;26.6909;26.6593;150;365;0.1026;121.2214;31.4886;46.0906;129.2929;270.0;270.0;162.3;270.0
213.5;2.5499;2.5691;26.6909;26.6593;150;367;0.0831;122.1374;32.4504;46.8817;130.0925;270.0;270.0;156.5;270.0
214.0;2.5513;2.5691;26.5179;26.6593;144;369;0.1222;123.0382;33.4275;47.6288;131.6917;270.0;270.0;149.6;270.0
214.5;2.5522;2.5691;26.6978;26.6593;150;363;0.0342;123.9542;34.4427;48.3759;133.2909;270.0;270.0;145.2;270.0
215.0;2.5527;2.5691;26.5398;26.6593;146;367;0.0244;124.8015;35.4122;49.1450;134.0906;270.0;270.0;138.8;270.0
215.5;2.5531;2.5691;26.5810;26.6593;146;365;0.0440;125.6336;36.3893;49.8921;135.6898;270.0;270.0;130.6;270.0
216.0;2.5536;2.5691;26.5398;26.6593;146;365;0.0831;126.4809;37.4046;50.6832;136.4894;270.0;270.0;112.2;270.0
216.5;2.5531;2.5691;26.5591;26.6593;146;365;0.0538;127.2901;38.4046;51.4303;138.0886;270.0;270.0;105.3;270.0
217.0;2.5531;2.5691;26.4821;26.6593;144;367;0.1124;128.1069;39.4504;52.1774;139.6878;270.0;270.0;102.1;270.0
217.5;2.5536;2.5691;26.4602;26.6593;144;367;-0.0440;128.9160;40.5038;52.9465;140.4874;270.0;270.0;101.6;270.0
218.0;2.5540;2.5691;26.5234;26.6593;144;365;0.0147;129.6794;41.5344;53.7156;142.0867;270.0;270.0;101.1;205.1
218.5;2.5545;2.5691;26.4615;26.6593;142;365;0.0440;130.4351;42.5802;54.4627;143.6859;270.0;270.0;97.7;153.3
219.0;2.5549;2.5691;26.6511;26.6593;148;361;0.0342;131.1756;43.6260;55.2318;144.4855;270.0;270.0;94.0;121.7
219.5;2.5545;2.5691;26.6909;26.6593;150;361;0.0049;131.9008;44.6870;56.0009;146.0847;270.0;269.2;91.3;103.5
220.0;2.5540;2.5691;26.8654;26.6470;157;349;0.0342;132.6183;45.7634;56.7480;146.8843;270.0;268.7;90.8;94.8
220.5;2.5531;2.5691;26.8984;26.6223;165;345;-0.0049;133.3130;46.8397;57.5391;148.4835;270.0;270.0;90.8;90.5
221.0;2.5527;2.5691;26.8214;26.5838;167;341;0.0440;133.9924;47.9313;58.2862;150.0827;270.0;270.0;92.9;88.4
221.5;2.5513;2.5691;26.7404;26.5343;171;337;0.0147;134.6641;49.0305;59.0553;150.8824;270.0;270.0;97.4;89.7
222.0;2.5504;2.5691;26.6538;26.4712;177;335;-0.0538;135.2977;50.1069;59.8244;152.4816;270.0;270.0;107.9;97.4
222.5;2.5485;2.5691;26.5604;26.3970;183;331;-0.0635;135.9160;51.1832;60.5935;153.2812;270.0;270.0;127.5;114.8
223.0;2.5472;2.5691;26.4890;26.3091;187;327;-0.1222;136.5420;52.3130;61.3406;154.8804;270.0;270.0;158.6;179.7
223.5;2.5458;2.5691;26.5604;26.2088;196;320;-0.0440;137.1298;53.4046;62.1097;156.4796;270.0;270.0;209.0;213.3
224.0;2.5430;2.5691;26.4547;26.0962;204;316;-0.0635;137.7023;54.5115;62.8788;157.2792;270.0;270.0;270.0;238.1
224.5;2.5408;2.5691;26.4863;25.9712;214;310;-0.0342;138.2672;55.6260;63.6259;158.8785;270.0;270.0;270.0;255.0
225.0;2.5385;2.5691;26.4560;25.8338;224;302;-0.1515;138.8321;56.7786;64.3950;159.6781;270.0;270.0;270.0;270.0
225.5;2.5366;2.5691;26.3819;25.6841;232;296;-0.1026;139.3435;57.8702;65.1421;161.2773;270.0;270.0;270.0;270.0
226.0;2.5353;2.5691;26.3846;25.5220;241;288;-0.2004;139.8626;59.0076;65.8892;162.0769;270.0;270.0;270.0;270.0
226.5;2.5325;2.5691;26.4437;25.3462;253;279;-0.2102;140.3588;60.1450;66.6583;163.6761;270.0;270.0;270.0;270.0
227.0;2.5307;2.5691;26.3654;25.1593;265;273;-0.1417;140.8626;61.3282;67.4274;164.4757;270.0;270.0;270.0;270.0
227.5;2.5293;2.5691;26.2157;24.9588;271;269;-0.1906;141.3359;62.4809;68.1745;166.0750;270.0;270.0;270.0;270.0
228.0;2.5293;2.5691;26.1745;24.7473;283;259;-0.1808;141.8168;63.7176;68.8996;167.6742;270.0;270.0;270.0;270.0
228.5;2.5298;2.5691;25.9918;24.5220;288;253;-0.2102;142.2901;64.9618;69.6687;168.4738;270.0;270.0;270.0;270.0
229.0;2.5307;2.5691;25.9011;24.2843;296;243;-0.2493;142.7252;66.1679;70.3939;170.0730;270.0;270.0;270.0;270.0
229.5;2.5316;2.5691;25.5618;24.0343;300;241;-0.1222;143.1756;67.4580;71.1410;171.6722;270.0;270.0;270.0;270.0
230.0;2.5325;2.5691;25.1690;23.7720;300;241;0.0244;143.5725;68.6412;71.8442;172.4718;270.0;270.0;270.0;270.0
230.5;2.5339;2.5691;24.5756;23.4973;294;245;0.0244;143.9771;69.9008;72.5473;174.0710;270.0;270.0;270.0;270.0
231.0;2.5357;2.5691;24.0385;23.2088;292;247;-0.0440;144.3512;71.1298;73.2285;175.6703;270.0;270.0;270.0;270.0
231.5;2.5375;2.5691;23.5577;22.9093;290;247;0.1124;144.7405;72.4427;73.9317;176.4699;270.0;270.0;270.0;270.0
232.0;2.5398;2.5691;23.1896;22.5962;294;241;0.0049;145.0916;73.6794;74.5909;178.0691;270.0;270.0;270.0;270.0
232.5;2.5421;2.5691;22.9052;22.2720;298;236;0.0147;145.4198;74.9237;75.2281;178.8687;270.0;270.0;270.0;270.0
233.0;2.5435;2.5691;22.3860;21.9341;296;234;0.0049;145.7405;76.1679;75.8874;180.4679;270.0;270.0;270.0;270.0
233.5;2.5449;2.5691;22.0810;21.5838;302;228;0.0342;146.0534;77.4198;76.5026;182.0671;270.0;270.0;270.0;270.0
234.0;2.5472;2.5691;21.7212;21.2212;306;222;0.0244;146.3588;78.7481;77.1399;182.8667;270.0;270.0;270.0;270.0
234.5;2.5495;2.5691;21.1745;20.8462;306;220;0.0733;146.6412;80.0000;77.7332;184.4660;270.0;270.0;270.0;270.0
235.0;2.5508;2.5691;20.7280;20.4588;308;214;-0.0831;146.9237;81.3359;78.3265;186.0652;270.0;270.0;270.0;270.0
235.5;2.5522;2.5691;20.2582;20.0591;310;210;0.0831;147.1756;82.6031;78.9198;186.8648;270.0;270.0;270.0;270.0
236.0;2.5540;2.5691;19.8022;19.6470;314;206;0.0244;147.4275;83.9008;79.4911;188.4640;270.0;270.0;270.0;270.0
236.5;2.5549;2.5691;19.2404;19.2212;316;202;-0.0440;147.6565;85.1679;80.0405;190.0632;270.0;270.0;270.0;270.0
237.0;2.5549;2.5691;18.8008;18.7843;320;196;0.0733;147.8626;86.3969;80.5678;190.8629;270.0;270.0;270.0;270.0
237.5;2.5531;2.5691;18.4203;18.3338;327;191;-0.0831;148.0611;87.6260;81.0952;192.4621;270.0;270.0;270.0;270.0
238.0;2.5517;2.5691;18.1992;17.8723;339;179;-0.0831;148.2519;88.8550;81.6226;193.2617;270.0;270.0;270.0;270.0
238.5;2.5513;2.5691;17.9835;17.3970;355;167;-0.1808;148.4427;90.2137;82.1500;194.8609;270.0;270.0;270.0;270.0
239.0;2.5517;2.5691;17.7555;16.9093;369;153;-0.2004;148.6031;91.4504;82.6334;195.6605;270.0;270.0;270.0;270.0
239.5;2.5517;2.5691;17.5261;16.4093;384;140;-0.2199;148.7710;92.7634;83.1388;197.2597;270.0;270.0;270.0;270.0
240.0;2.5513;2.5691;17.0920;15.9093;386;136;-0.2884;148.9160;94.0382;83.6442;198.8589;270.0;270.0;270.0;270.0
240.5;2.5513;2.5691;16.6648;15.4093;394;134;-0.2004;149.0611;95.3588;84.1276;199.6586;270.0;270.0;260.5;270.0
241.0;2.5504;2.5691;16.0728;14.9093;392;136;-0.1613;149.1832;96.5954;84.5891;201.2578;266.6;270.0;244.4;270.0
241.5;2.5490;2.5691;15.4121;14.4093;388;138;-0.0538;149.2901;97.8015;85.0066;202.0574;264.7;270.0;234.4;270.0
242.0;2.5467;2.5691;14.3901;13.9093;380;152;-0.1124;149.3969;99.0382;85.4241;203.6566;260.8;270.0;226.5;270.0
242.5;2.5444;2.5691;13.6209;13.4093;372;157;0.0049;149.4886;100.2443;85.8196;205.2558;258.1;270.0;222.0;270.0
243.0;2.5417;2.5691;13.0481;12.9093;374;159;-0.0733;149.5725;101.4885;86.1932;206.0554;254.7;270.0;220.6;270.0
243.5;2.5389;2.5691;12.4313;12.4093;372;161;-0.0244;149.6488;102.7328;86.5448;207.6547;250.7;270.0;221.4;270.0
244.0;2.5362;2.5691;11.9533;11.9093;376;161;-0.0244;149.7252;103.9771;86.8964;208.4543;249.1;270.0;226.2;270.0
244.5;2.5334;2.5691;11.2088;11.4093;376;169;-0.0733;149.7863;105.1756;87.2040;210.0535;248.9;270.0;230.7;270.0
245.0;2.5311;2.5691;10.6016;10.9093;376;171;-0.0635;149.8473;106.5420;87.5116;210.8531;248.1;270.0;236.5;270.0
245.5;2.5293;2.5691;9.9643;10.4093;376;175;-0.0342;149.9008;107.8244;87.7973;212.4523;243.3;270.0;244.9;270.0
246.0;2.5279;2.5691;9.5302;9.9093;380;171;-0.0929;149.9466;109.0763;88.0829;214.0515;241.8;270.0;254.7;270.0
246.5;2.5256;2.5691;9.1058;9.4093;386;169;-0.0831;149.9847;110.3206;88.3247;214.8512;243.6;270.0;263.7;270.0
247.0;2.5238;2.5691;8.7514;8.9093;394;163;-0.1515;150.0153;111.5267;88.5883;216.4504;241.5;270.0;270.0;270.0
247.5;2.5220;2.5691;8.4176;8.4093;404;161;-0.1417;150.0458;112.8092;88.8301;217.2500;241.8;270.0;270.0;270.0
248.0;2.5197;2.5691;7.8970;7.9093;406;159;-0.0342;150.0687;114.0534;89.0498;218.8492;240.4;270.0;270.0;270.0
248.5;2.5179;2.5691;7.4821;7.4245;406;161;-0.1026;150.0840;115.3435;89.2695;219.6488;238.9;270.0;270.0;270.0
249.0;2.5165;2.5691;7.0412;6.9547;406;167;-0.0147;150.0992;116.5878;89.4673;221.2480;237.3;270.0;270.0;270.0
249.5;2.5142;2.5691;6.7349;6.5000;408;167;-0.1711;150.1069;117.8321;89.6651;222.8472;238.9;270.0;270.0;270.0
250.0;2.5124;2.5691;6.2582;6.0591;406;175;-0.0635;150.1145;119.0382;89.8409;223.6469;238.3;270.0;270.0;270.0
250.5;2.5105;2.5691;5.9451;5.6346;408;177;-0.0440;150.1145;120.2443;90.0167;225.2461;240.4;270.0;270.0;270.0
251.0;2.5087;2.5691;5.2555;5.2239;396;189;-0.1124;150.1145;121.4885;90.1705;226.0457;242.3;270.0;270.0;270.0
251.5;2.5073;2.5691;4.7706;4.8297;392;195;-0.0929;150.1069;122.7328;90.3023;227.6449;242.3;270.0;270.0;270.0
252.0;2.5069;2.5691;4.3585;4.4492;386;200;-0.1613;150.0992;124.0229;90.4342;228.4445;248.1;270.0;270.0;270.0
252.5;2.5060;2.5691;3.9492;4.0838;384;204;-0.1417;150.0840;125.2290;90.5440;230.0437;249.7;270.0;270.0;270.0
253.0;2.5060;2.5691;3.6387;3.7349;382;208;-0.0538;150.0763;126.5573;90.6319;230.8433;254.2;270.0;270.0;270.0
253.5;2.5055;2.5691;3.0687;3.3997;372;218;-0.1124;150.0611;127.8397;90.7198;232.4426;260.5;270.0;270.0;270.0
254.0;2.5060;2.5691;2.8489;3.0797;370;218;-0.1026;150.0382;129.2061;90.8077;234.0418;266.6;270.0;270.0;270.0
254.5;2.5073;2.5691;2.2967;2.7747;363;230;-0.0831;150.0229;130.4886;90.8736;234.8414;270.0;270.0;270.0;270.0
255.0;2.5092;2.5691;2.2500;2.4849;365;226;-0.0831;150.0000;131.7786;90.9396;236.4406;270.0;270.0;270.0;270.0
255.5;2.5105;2.5691;1.8571;2.2088;355;232;-0.1515;149.9771;133.1069;91.0055;238.0398;270.0;270.0;270.0;270.0
256.0;2.5124;2.5691;1.3558;1.9492;345;241;-0.1320;149.9542;134.4275;91.0275;238.8394;270.0;270.0;270.0;270.0
256.5;2.5156;2.5691;1.0865;1.7047;337;243;-0.1222;149.9237;135.8397;91.0714;240.4387;270.0;270.0;270.0;270.0
257.0;2.5197;2.5691;0.6360;1.4739;327;253;-0.1026;149.9008;137.1603;91.0934;242.0379;270.0;270.0;270.0;270.0
257.5;2.5247;2.5691;0.6456;1.2596;327;247;-0.1906;149.8702;138.6107;91.0934;243.6371;270.0;270.0;270.0;270.0
258.0;2.5302;2.5691;0.3269;1.0591;316;251;-0.0929;149.8473;140.0153;91.1154;244.4367;270.0;270.0;270.0;270.0
258.5;2.5357;2.5691;0.2129;0.8750;312;251;-0.0147;149.8168;141.4657;91.1154;246.0359;270.0;270.0;270.0;270.0
259.0;2.5408;2.5691;-0.0742;0.7047;300;255;-0.0831;149.7863;142.8702;91.1154;247.6351;270.0;270.0;270.0;270.0
259.5;2.5453;2.5691;-0.0865;0.5495;296;253;-0.0831;149.7634;144.1908;91.1154;249.2344;270.0;270.0;270.0;270.0
260.0;2.5485;2.5691;-0.3159;0.4093;286;257;-0.0733;149.7328;145.6031;91.1154;250.0340;270.0;270.0;270.0;270.0
260.5;2.5527;2.5691;-0.2239;0.2843;286;255;-0.0733;149.7099;146.9237;91.0934;251.6332;270.0;270.0;270.0;270.0
261.0;2.5563;2.5691;-0.2418;0.1745;281;253;0.0049;149.6870;148.2901;91.0934;253.2324;270.0;270.0;270.0;270.0
261.5;2.5600;2.5691;-0.5082;0.0797;269;263;0.0929;149.6565;149.6183;91.0714;254.0320;270.0;270.0;270.0;270.0
262.0;2.5632;2.5691;-0.6016;0.0000;281;245;0.0147;149.6336;150.9847;91.0494;255.6312;270.0;270.0;270.0;270.0
262.5;2.5659;2.5691;-0.6827;0.0000;249;271;0.0147;149.6107;152.3512;91.0494;257.2305;270.0;270.0;270.0;270.0
263.0;2.5691;2.5691;-0.6209;0.0000;249;267;0.0147;149.5802;153.7176;91.0275;258.0301;270.0;270.0;270.0;270.0
263.5;2.5733;2.5691;-0.7843;0.0000;241;271;0.1808;149.5573;155.0840;91.0055;259.6293;270.0;270.0;270.0;270.0
264.0;2.5769;2.5691;-0.5824;0.0000;245;263;0.0929;149.5343;156.4122;90.9835;261.2285;270.0;270.0;270.0;270.0
264.5;2.5801;2.5691;-0.8503;0.0000;236;269;0.1026;149.5114;157.7328;90.9615;262.0281;270.0;270.0;270.0;270.0
265.0;2.5824;2.5691;-0.7459;0.0000;236;263;-0.0049;1.2824;0.0000;-0.0109;0.5557;270.0;270.0;270.0;258.4
265.5;2.5842;2.5691;-0.5920;0.0000;236;255;0.0147;2.6489;-0.0076;-0.0328;2.1549;270.0;270.0;270.0;236.2
266.0;2.5856;2.5691;-0.6305;0.0000;234;255;0.0147;3.9313;-0.0076;-0.0548;3.7542;270.0;270.0;270.0;218.3
266.5;2.5861;2.5691;-0.5124;0.0000;238;253;0.1711;5.2214;-0.0076;-0.0548;4.5538;270.0;270.0;270.0;203.8
267.0;2.5856;2.5691;-0.7445;0.0000;230;257;0.1026;6.5496;-0.0076;-0.0768;6.1530;270.0;270.0;270.0;190.8
267.5;2.5852;2.5691;-0.6992;0.0000;230;257;0.0147;7.8321;-0.0076;-0.0988;7.7522;270.0;270.0;270.0;178.7
268.0;2.5852;2.5691;-0.8283;0.0000;226;261;0.1026;9.1603;-0.0076;-0.1207;8.5518;270.0;270.0;270.0;160.5
268.5;2.5842;2.5691;-0.5797;0.0000;234;253;0.0147;10.4427;-0.0153;-0.1427;10.1510;270.0;270.0;270.0;154.7
269.0;2.5833;2.5691;-0.5591;0.0000;234;253;0.0147;11.7328;-0.0153;-0.1647;10.9506;270.0;270.0;270.0;150.7
269.5;2.5824;2.5691;-0.4052;0.0000;238;249;-0.0733;12.9771;-0.0229;-0.1647;12.5499;270.0;270.0;270.0;148.1
270.0;2.5824;2.5691;-0.5041;0.0000;236;251;0.0929;14.3053;-0.0229;-0.1867;14.1491;270.0;270.0;270.0;145.2
270.5;2.5824;2.5691;-0.6387;0.0000;234;255;0.0147;15.5878;-0.0305;-0.2086;14.9487;270.0;270.0;270.0;143.3
271.0;2.5820;2.5691;-0.4190;0.0000;238;249;0.0049;16.8779;-0.0305;-0.2086;16.5479;270.0;270.0;270.0;141.2
271.5;2.5815;2.5691;-0.3736;0.0000;238;247;-0.0733;18.2061;-0.0382;-0.2306;18.1471;270.0;270.0;270.0;138.6
272.0;2.5815;2.5691;-0.2349;0.0000;243;245;0.0049;19.4886;-0.0458;-0.2306;18.9467;270.0;270.0;270.0;137.0
272.5;2.5810;2.5691;-0.3420;0.0000;238;245;0.0049;20.7710;-0.0458;-0.2526;20.5460;270.0;270.0;270.0;136.5
273.0;2.5806;2.5687;-0.1772;0.0000;239;238;-0.0831;22.0229;-0.0534;-0.2526;21.3456;270.0;270.0;270.0;135.1
273.5;2.5797;2.5682;-0.3352;0.0000;234;239;0.0049;23.3893;-0.0611;-0.2526;22.9448;270.0;270.0;270.0;134.9
274.0;2.5797;2.5678;-0.0316;0.0000;238;230;-0.0049;24.6718;-0.0611;-0.2526;24.5440;270.0;270.0;270.0;135.9
274.5;2.5792;2.5668;-0.0234;0.0000;238;228;-0.0049;25.9618;-0.0687;-0.2526;25.3436;270.0;270.0;270.0;136.5
275.0;2.5783;2.5659;-0.2665;0.0000;228;232;0.0049;27.2443;-0.0763;-0.2746;26.9428;270.0;270.0;270.0;138.0
275.5;2.5783;2.5650;-0.2994;0.0000;224;228;0.0049;28.5344;-0.0840;-0.2746;27.7425;270.0;270.0;270.0;140.7
276.0;2.5778;2.5636;-0.3283;0.0000;220;228;0.0049;29.9008;-0.0840;-0.2746;29.3417;270.0;270.0;270.0;141.5
276.5;2.5778;2.5623;-0.0261;0.0000;224;216;-0.0049;31.1832;-0.0916;-0.2746;30.9409;270.0;270.0;270.0;142.8
277.0;2.5765;2.5609;-0.0783;0.0000;220;214;-0.0831;32.5115;-0.0992;-0.2965;31.7405;270.0;270.0;270.0;143.6
277.5;2.5746;2.5591;0.1758;0.0000;224;204;-0.0147;33.7176;-0.1069;-0.2746;33.3397;270.0;270.0;270.0;143.8
278.0;2.5723;2.5572;-0.0522;0.0000;214;208;-0.0049;35.0000;-0.1145;-0.2746;34.9389;270.0;270.0;270.0;143.8
278.5;2.5701;2.5549;0.0824;0.0000;218;202;-0.0929;36.2443;-0.1145;-0.2746;35.7386;270.0;270.0;270.0;144.4
279.0;2.5673;2.5531;-0.0975;0.0000;210;204;-0.0831;37.5725;-0.1221;-0.2746;37.3378;270.0;270.0;270.0;144.6
279.5;2.5646;2.5504;0.0220;0.0000;210;198;-0.0049;38.8626;-0.1298;-0.2746;38.1374;270.0;270.0;270.0;144.4
280.0;2.5632;2.5481;0.1745;0.0000;212;193;-0.0147;40.1450;-0.1374;-0.2746;39.7366;270.0;270.0;270.0;143.6
280.5;2.5595;2.5453;-0.0632;0.3997;65;335;0.0733;41.3893;-0.1450;-0.2746;41.3358;270.0;270.0;270.0;144.4
281.0;2.5554;2.5426;0.0000;0.7995;56;343;-0.0049;42.5954;-0.1450;-0.2746;42.1354;270.0;270.0;270.0;143.6
281.5;2.5513;2.5398;0.0000;1.1992;44;353;-0.0049;43.8855;-0.1527;-0.2746;43.7346;270.0;270.0;270.0;143.0
282.0;2.5476;2.5366;0.2651;1.5989;36;357;-0.0147;45.1679;-0.1603;-0.2746;44.5343;270.0;270.0;270.0;143.0
282.5;2.5435;2.5334;0.1841;1.9492;38;353;0.0733;46.4122;-0.1679;-0.2746;46.1335;270.0;270.0;270.0;143.3
283.0;2.5380;2.5298;0.5659;1.8997;175;210;0.2199;47.5802;-0.1679;-0.2526;46.9331;270.0;270.0;270.0;143.3
283.5;2.5325;2.5261;0.7692;1.8997;159;220;0.2102;48.8244;-0.1756;-0.2306;48.5323;270.0;270.0;270.0;143.3
284.0;2.5275;2.5224;1.4451;1.8997;177;200;0.0244;50.0763;-0.1832;-0.1867;49.3319;270.0;270.0;270.0;143.8
284.5;2.5224;2.5183;1.9038;1.8997;187;187;-0.0733;51.2824;-0.1832;-0.1427;50.9311;270.0;270.0;270.0;144.1
285.0;2.5179;2.5147;2.6484;1.8489;220;148;-0.0929;52.5649;-0.1832;-0.0548;52.5304;270.0;270.0;270.0;144.6
285.5;2.5151;2.5101;3.2321;1.7995;236;130;-0.0342;53.8931;-0.1832;0.0331;53.3300;270.0;270.0;270.0;145.4
286.0;2.5133;2.5060;3.2734;1.7995;216;142;-0.1222;55.2595;-0.1832;0.1210;54.9292;270.0;270.0;270.0;145.7
286.5;2.5114;2.5014;3.4629;1.7995;216;134;-0.0440;56.5038;-0.1756;0.2308;55.7288;270.0;270.0;270.0;146.0
287.0;2.5096;2.4968;3.3242;1.7500;226;116;-0.2004;57.8321;-0.1679;0.3187;57.3280;270.0;270.0;270.0;147.0
287.5;2.5078;2.4918;3.6003;1.7500;214;120;-0.2102;59.1527;-0.1603;0.4286;58.9272;270.0;270.0;270.0;147.3
288.0;2.5073;2.4867;3.0577;1.6992;212;112;-0.0342;60.5649;-0.1527;0.5165;60.5265;270.0;270.0;270.0;147.8
288.5;2.5073;2.4817;2.9451;1.6497;204;109;-0.0244;61.8855;-0.1374;0.6044;61.3261;270.0;270.0;270.0;148.9
289.0;2.5060;2.4762;2.4231;1.5989;189;116;-0.0049;63.1374;-0.1221;0.6703;62.9253;270.0;270.0;270.0;149.6
289.5;2.5041;2.4707;1.9368;1.6497;138;155;-0.0733;64.4198;-0.1069;0.7143;63.7249;270.0;270.0;270.0;148.9
290.0;2.5018;2.4652;1.9876;1.6497;150;134;0.0049;65.7481;-0.0916;0.7802;65.3241;270.0;270.0;270.0;148.9
290.5;2.5005;2.4592;1.8654;1.5989;159;114;-0.1515;67.1527;-0.0687;0.8461;66.9233;270.0;270.0;270.0;150.4
291.0;2.4973;2.4533;1.9135;1.5989;142;124;0.0147;68.3969;-0.0534;0.8901;67.7229;270.0;270.0;270.0;149.6
291.5;2.4936;2.4473;1.3008;1.5989;120;136;0.0342;69.6412;-0.0305;0.9340;69.3222;270.0;270.0;270.0;149.4
292.0;2.4895;2.4414;1.3942;1.5989;118;128;-0.0538;70.9313;-0.0076;0.9560;70.9214;270.0;270.0;270.0;149.4
292.5;2.4853;2.4350;1.0151;1.5989;105;134;-0.0440;72.2137;0.0153;0.9999;71.7210;270.0;270.0;270.0;149.4
293.0;2.4812;2.4281;1.3544;1.5989;109;120;0.0244;73.5420;0.0382;1.0439;73.3202;270.0;270.0;270.0;149.4
293.5;2.4762;2.4217;1.3544;1.5989;105;116;0.1124;74.7481;0.0611;1.0659;74.1198;270.0;270.0;270.0;149.6
294.0;2.4712;2.4148;1.6236;1.5989;107;107;0.0147;75.9924;0.0840;1.1098;75.7190;270.0;270.0;270.0;149.9
294.5;2.4652;2.4075;1.3929;1.5495;114;93;0.1026;77.1985;0.1069;1.1538;76.5187;270.0;270.0;270.0;150.4
295.0;2.4597;2.4002;1.1456;1.5000;105;95;0.1124;78.4885;0.1374;1.1977;78.1179;270.0;270.0;270.0;151.5
295.5;2.4538;2.3929;1.4423;1.5000;93;99;0.1026;79.6870;0.1603;1.2417;78.9175;270.0;270.0;270.0;151.5
296.0;2.4478;2.3855;1.1978;0.0000;429;-245;0.1124;80.8931;0.1832;1.2636;80.5167;270.0;270.0;270.0;151.5
296.5;2.4396;2.3777;1.6044;0.0000;136;52;0.0147;82.0611;0.2137;1.3076;81.3163;270.0;270.0;270.0;151.2
297.0;2.4322;2.3700;1.2184;0.0000;118;56;-0.0440;83.3435;0.2443;1.3515;82.9155;270.0;270.0;270.0;151.2
297.5;2.4235;2.3622;1.3214;0.0000;116;50;-0.0538;84.4733;0.2672;1.3955;83.7151;270.0;270.0;270.0;151.5
298.0;2.4144;2.3539;0.8036;0.0000;101;60;-0.0342;85.5954;0.2977;1.4174;85.3144;270.0;270.0;270.0;151.5
298.5;2.4052;2.3457;0.5563;0.0000;93;62;-0.0244;86.8015;0.3282;1.4174;86.1140;270.0;270.0;270.0;152.3
299.0;2.3951;2.3375;0.1291;0.0000;79;69;-0.0929;87.8855;0.3511;1.4394;87.7132;270.0;270.0;270.0;152.3
299.5;2.3851;2.3288;-0.6442;0.0000;60;87;-0.1417;89.0916;0.3817;1.4174;88.5128;270.0;270.0;270.0;152.0
300.0;2.3745;2.3201;-0.9437;0.0000;52;91;-0.0538;90.2595;0.4122;1.3735;90.1120;270.0;270.0;270.0;152.3
300.5;2.3631;2.3109;-1.4052;0.0000;38;99;0.1222;91.3435;0.4427;1.3515;90.9116;270.0;270.0;270.0;152.3
301.0;2.3516;2.3017;-1.2129;0.0000;40;95;0.2004;92.4657;0.4656;1.3076;91.7112;270.0;270.0;270.0;151.5
301.5;2.3397;2.2926;-1.3365;0.0000;36;95;0.0440;93.5954;0.4886;1.2636;93.3105;270.0;270.0;270.0;151.2
302.0;2.3278;2.2834;-0.8297;0.0000;48;81;0.1026;94.6794;0.5191;1.2417;94.1101;270.0;270.0;270.0;151.5
302.5;2.3159;2.2738;-0.7692;0.0000;48;77;0.1026;95.7634;0.5420;1.2197;95.7093;270.0;270.0;270.0;151.5
303.0;2.3040;2.2642;-0.3819;0.0000;56;65;0.0049;96.8855;0.5649;1.2197;96.5089;270.0;270.0;270.0;151.8
303.5;2.2930;2.2541;-0.3544;0.0000;54;64;0.0049;98.0153;0.5878;1.1977;97.3085;270.0;270.0;270.0;151.2
304.0;2.2807;2.2445;0.1209;0.0000;64;50;0.0733;99.0992;0.6107;1.1977;98.9077;270.0;270.0;270.0;151.2
304.5;2.2679;2.2340;0.3915;0.0000;69;40;-0.0147;100.1450;0.6336;1.2197;99.7073;270.0;270.0;270.0;151.5
305.0;2.2550;2.2239;0.0975;0.0000;60;48;-0.0049;101.1832;0.6565;1.2197;100.5069;270.0;270.0;270.0;151.2
305.5;2.2413;2.2134;0.3036;0.0000;64;40;-0.0147;102.2290;0.6794;1.2197;102.1062;270.0;270.0;270.0;151.2
306.0;2.2276;2.2028;0.0426;0.0000;56;46;-0.0049;103.2748;0.7023;1.2417;102.9058;270.0;270.0;270.0;151.8
306.5;2.2134;2.1918;0.5302;0.0000;67;32;-0.0244;104.3206;0.7252;1.2417;103.7054;270.0;270.0;270.0;151.5
307.0;2.1987;2.1809;0.5000;0.0000;65;32;0.0538;105.3282;0.7481;1.2636;105.3046;270.0;270.0;270.0;151.5
307.5;2.1845;2.1699;0.7885;0.0000;71;24;-0.0342;106.3664;0.7710;1.2856;106.1042;270.0;270.0;270.0;151.5
308.0;2.1694;2.1589;0.5440;0.0000;65;28;-0.0244;107.3359;0.7939;1.3076;106.9038;270.0;270.0;270.0;151.5
308.5;2.1543;2.1474;0.4464;0.0000;62;30;-0.0244;108.3817;0.8168;1.3076;107.7034;270.0;270.0;270.0;151.8
309.0;2.1387;2.1355;0.6168;0.0000;65;24;-0.1026;109.3053;0.8321;1.3295;109.3027;270.0;270.0;270.0;152.3
309.5;2.1227;2.1241;0.4148;0.0000;60;28;-0.0147;110.2672;0.8550;1.3515;110.1023;270.0;270.0;270.0;152.0
310.0;2.1062;2.1122;0.5055;0.0000;62;26;-0.1026;111.1908;0.8779;1.3515;110.9019;270.0;270.0;270.0;152.6
310.5;2.0888;2.1003;0.0206;0.0000;50;38;-0.0049;112.1527;0.9008;1.3515;111.7015;270.0;270.0;270.0;152.0
311.0;2.0728;2.0879;0.1621;0.0000;54;34;-0.0147;113.1221;0.9237;1.3515;112.5011;270.0;270.0;270.0;152.0
311.5;2.0559;2.0755;-0.1484;0.0000;44;40;-0.0831;114.0458;0.9466;1.3515;113.3007;270.0;270.0;270.0;152.6
312.0;2.0394;2.0632;0.0907;0.0000;50;34;-0.0049;115.0076;0.9695;1.3515;114.8999;270.0;270.0;270.0;152.3
312.5;2.0234;2.0504;0.1250;0.0000;52;34;-0.0049;115.9695;0.9924;1.3735;115.6995;270.0;270.0;270.0;152.6
313.0;2.0073;2.0380;0.3915;0.0000;60;28;-0.0147;116.9389;1.0153;1.3735;116.4991;270.0;270.0;270.0;152.3
313.5;1.9913;2.0256;0.2143;0.0000;58;34;-0.0929;117.8626;1.0382;1.3735;117.2988;270.0;270.0;270.0;152.3
314.0;1.9753;2.0133;0.1016;0.0000;56;38;-0.0929;118.7863;1.0611;1.3735;118.0984;270.0;270.0;270.0;152.0
314.5;1.9588;2.0005;0.3379;0.0000;64;34;-0.0147;119.6718;1.0840;1.3955;118.8980;270.0;270.0;270.0;152.3
315.0;1.9428;1.9881;0.1332;0.0000;60;40;-0.0049;120.5496;1.1069;1.3955;120.4972;270.0;270.0;270.0;152.3
315.5;1.9258;1.9757;0.3008;0.0000;65;38;-0.0147;121.4351;1.1298;1.3955;121.2968;270.0;270.0;270.0;152.3
316.0;1.9089;1.9629;-0.0302;0.0000;58;48;0.0733;122.2824;1.1450;1.3955;122.0964;270.0;270.0;270.0;152.8
316.5;1.8924;1.9505;0.0000;0.0000;60;50;-0.0049;123.1679;1.1679;1.3955;122.8960;270.0;270.0;270.0;152.3
317.0;1.8764;1.9382;-0.2541;0.0000;56;58;0.0049;124.0458;1.1908;1.3955;123.6956;270.0;270.0;270.0;152.0
317.5;1.8603;1.9254;-0.0179;0.0000;64;52;-0.0049;124.9313;1.2137;1.3955;124.4952;270.0;270.0;270.0;152.8
318.0;1.8448;1.9130;-0.0316;0.0000;64;54;-0.0049;125.8168;1.2366;1.3955;125.2948;270.0;270.0;270.0;152.6
318.5;1.8288;1.9006;0.1044;0.0000;69;50;-0.0929;126.6565;1.2595;1.3955;126.0945;270.0;270.0;270.0;152.6
319.0;1.8127;1.8883;0.0426;0.0000;69;54;-0.0831;127.5038;1.2748;1.3955;126.8941;270.0;270.0;270.0;152.3
319.5;1.7981;1.8755;-0.2294;0.0000;64;62;0.0049;128.3893;1.2977;1.3955;127.6937;270.0;270.0;270.0;152.6
320.0;1.7839;1.8631;0.0343;0.0000;69;56;-0.0049;129.2748;1.3206;1.3955;128.4933;270.0;270.0;270.0;152.3
320.5;1.7692;1.8507;-0.1580;0.0000;65;60;0.0049;130.0763;1.3435;1.3955;130.0925;270.0;270.0;270.0;152.3
321.0;1.7541;1.8379;-0.0041;0.0000;69;56;-0.0831;130.9160;1.3588;1.3955;130.8921;270.0;270.0;270.0;152.3
321.5;1.7408;1.8255;-0.2445;0.0000;65;64;0.0049;131.8015;1.3817;1.3735;131.6917;270.0;270.0;270.0;152.6
322.0;1.7280;1.8132;-0.1854;0.0000;65;62;0.0049;132.6870;1.4046;1.3735;132.4913;270.0;270.0;270.0;152.3
322.5;1.7161;1.8004;-0.4780;0.0000;58;67;0.0147;133.5725;1.4275;1.3735;133.2909;270.0;270.0;270.0;152.8
323.0;1.7042;1.7880;-0.1882;0.0000;65;60;-0.0831;134.4122;1.4427;1.3515;134.0906;270.0;270.0;270.0;152.8
323.5;1.6918;1.7756;-0.0549;0.0000;67;56;-0.0831;135.2595;1.4656;1.3515;134.8902;270.0;270.0;270.0;153.1
324.0;1.6809;1.7633;-0.2775;0.0000;62;60;0.0049;136.1450;1.4886;1.3515;135.6898;270.0;270.0;270.0;153.1
324.5;1.6694;1.7505;-0.1332;0.0000;64;56;-0.1613;137.0229;1.5115;1.3515;136.4894;270.0;270.0;270.0;152.6
325.0;1.6575;1.7381;-0.3159;0.0000;58;58;0.0049;137.8321;1.5267;1.3295;137.2890;270.0;270.0;270.0;153.1
325.5;1.6461;1.7257;-0.0714;0.0000;62;52;-0.0831;138.6718;1.5496;1.3295;138.0886;270.0;270.0;270.0;152.6
326.0;1.6351;1.7129;-0.1758;0.0000;60;52;-0.0831;139.5191;1.5649;1.3295;138.8882;270.0;270.0;270.0;153.3
326.5;1.6236;1.7005;0.0247;0.0000;62;46;-0.0049;140.3206;1.5878;1.3295;139.6878;267.1;270.0;270.0;152.8
327.0;1.6117;1.6882;-0.2074;0.0000;56;50;0.0049;141.1221;1.6031;1.3295;140.4874;263.7;270.0;270.0;153.1
327.5;1.5998;1.6754;-0.1484;0.0000;56;48;-0.1613;141.9313;1.6260;1.3295;141.2870;256.8;270.0;270.0;152.8
328.0;1.5879;1.6630;-0.3049;0.0000;50;50;-0.0733;142.7710;1.6412;1.3076;142.0867;253.4;270.0;270.0;152.8
328.5;1.5769;1.6506;-0.1387;0.0000;54;46;-0.0049;143.5725;1.6641;1.3076;142.8863;249.7;270.0;270.0;152.3
329.0;1.5655;1.6383;0.0687;0.0000;56;38;-0.0049;144.3817;1.6794;1.3076;143.6859;244.4;270.0;270.0;152.3
329.5;1.5531;1.6255;-0.2170;0.0000;48;44;0.0831;145.1450;1.6947;1.3076;144.4855;240.7;270.0;270.0;152.0
330.0;1.5403;1.6131;-0.0893;0.0000;50;40;0.0831;145.9084;1.7176;1.3076;145.2851;237.8;270.0;270.0;152.8
330.5;1.5266;1.6007;-0.2981;0.0000;44;46;0.0049;146.6260;1.7328;1.2856;146.0847;236.5;270.0;270.0;152.6
331.0;1.5137;1.5879;-0.1607;0.0000;46;42;0.0831;147.3893;1.7481;1.2856;146.8843;234.1;270.0;270.0;153.3
331.5;1.5014;1.5755;-0.2912;0.0000;42;46;0.0831;148.1527;1.7634;1.2856;147.6839;231.5;270.0;270.0;152.6
332.0;1.4890;1.5632;-0.0907;0.0000;46;38;-0.0831;148.9160;1.7863;1.2856;148.4835;228.3;269.2;270.0;152.3
332.5;1.4766;1.5504;-0.2994;0.0000;38;44;0.0831;149.6794;1.8015;1.2636;149.2831;227.0;268.7;270.0;152.0
333.0;1.4647;1.5380;-0.4313;0.0000;34;46;0.0147;150.4046;1.8168;1.2636;150.0827;224.9;267.6;270.0;152.8
333.5;1.4533;1.5380;-0.1731;0.0000;204;202;0.0733;0.7634;0.0000;-0.0109;0.5557;225.1;266.8;270.0;152.8
334.0;1.4455;1.5380;-0.2321;0.0000;214;216;0.0049;1.4809;-0.0076;-0.0109;1.3553;223.5;258.9;270.0;152.8
334.5;1.4414;1.5380;-0.1071;0.0000;222;218;-0.0049;2.2901;-0.0076;-0.0109;2.1549;222.8;259.7;270.0;152.8
335.0;1.4396;1.5380;-0.3201;0.0000;220;226;0.0831;3.0534;-0.0076;-0.0328;2.9546;221.2;260.2;270.0;152.3
335.5;1.4391;1.5380;-0.3187;0.0000;220;226;0.0831;3.8168;-0.0076;-0.0328;3.7542;222.0;262.1;270.0;152.3
336.0;1.4400;1.5380;-0.6003;0.0000;212;234;0.0147;4.6183;-0.0076;-0.0548;4.5538;219.9;262.9;270.0;152.6
336.5;1.4423;1.5380;-0.4231;0.0000;218;230;0.0049;5.4198;-0.0076;-0.0768;5.3534;222.0;265.0;270.0;153.3
337.0;1.4446;1.5380;-0.5069;0.0000;214;232;0.0929;6.1832;-0.0076;-0.0768;6.1530;222.0;268.7;270.0;152.3
337.5;1.4469;1.5380;-0.3558;0.0000;218;228;0.0831;6.9466;-0.0076;-0.0988;6.9526;221.4;270.0;270.0;152.6
338.0;1.4483;1.5380;-0.3791;0.0000;214;226;0.0049;7.6718;-0.0076;-0.0988;6.9526;221.4;270.0;270.0;152.0
338.5;1.4492;1.5380;-0.5302;0.0000;210;230;0.0929;8.4351;-0.0076;-0.1207;7.7522;223.5;270.0;270.0;152.0
339.0;1.4505;1.5380;-0.2624;0.0000;218;222;-0.0733;9.1985;-0.0153;-0.1207;8.5518;222.2;270.0;270.0;151.5
339.5;1.4528;1.5380;-0.2280;0.0000;218;220;0.0049;10.0000;-0.0153;-0.1427;9.3514;221.4;270.0;270.0;152.3
340.0;1.4556;1.5380;-0.1525;0.0000;218;216;0.0049;10.8092;-0.0153;-0.1427;10.1510;222.8;270.0;270.0;152.0
340.5;1.4579;1.5380;-0.4739;0.0000;208;224;0.0929;11.5725;-0.0153;-0.1427;10.9506;222.8;270.0;270.0;151.5
341.0;1.4611;1.5380;-0.3805;0.0000;208;220;0.0929;12.4122;-0.0153;-0.1647;11.7503;223.8;270.0;270.0;151.5
341.5;1.4638;1.5380;-0.6195;0.0000;200;224;-0.0635;13.1756;-0.0229;-0.1867;12.5499;223.3;270.0;270.0;152.3
342.0;1.4670;1.5380;-0.4835;0.0000;204;220;0.0147;13.9847;-0.0229;-0.1867;13.3495;223.3;270.0;270.0;151.8
342.5;1.4693;1.5380;-0.3214;0.0000;204;212;0.0049;14.7863;-0.0229;-0.2086;14.1491;223.3;270.0;270.0;151.5
343.0;1.4712;1.5380;-0.5041;0.0000;200;218;0.0147;15.5115;-0.0305;-0.2086;14.9487;224.1;270.0;270.0;151.0
343.5;1.4734;1.5380;-0.4794;0.0000;198;214;0.0147;16.3130;-0.0305;-0.2306;15.7483;223.5;270.0;270.0;151.8
344.0;1.4762;1.5380;-0.4863;0.0000;196;210;0.0147;17.1145;-0.0382;-0.2526;16.5479;225.1;270.0;270.0;151.0
344.5;1.4789;1.5380;-0.3255;0.0000;198;206;0.0831;17.9618;-0.0382;-0.2526;17.3475;224.9;270.0;270.0;150.7
345.0;1.4821;1.5380;-0.5522;0.0000;193;210;0.0147;18.7634;-0.0382;-0.2746;18.1471;223.5;270.0;270.0;150.2
345.5;1.4849;1.5380;-0.3516;0.0000;195;204;0.0831;19.5267;-0.0458;-0.2746;18.9467;223.5;270.0;270.0;149.9
346.0;1.4863;1.5380;-0.6607;0.0000;183;208;0.1026;20.2901;-0.0458;-0.2965;19.7464;224.6;270.0;270.0;149.1
346.5;1.4876;1.5375;-0.6690;0.0000;181;204;-0.0635;21.0534;-0.0534;-0.3185;20.5460;223.3;270.0;270.0;148.9
347.0;1.4886;1.5371;-0.7294;0.0000;175;202;-0.0635;21.8168;-0.0534;-0.3405;21.3456;224.6;270.0;270.0;147.8
347.5;1.4890;1.5366;-0.6593;0.0000;175;198;0.0147;22.5420;-0.0611;-0.3624;22.1452;224.1;270.0;270.0;147.3
348.0;1.4890;1.5357;-0.5618;0.0000;175;193;-0.0635;23.3053;-0.0687;-0.3624;22.9448;224.6;270.0;270.0;146.5
348.5;1.4886;1.5348;-0.7005;0.0000;167;195;0.1026;24.0687;-0.0687;-0.3844;23.7444;224.6;270.0;270.0;145.2
349.0;1.4895;1.5339;-0.6992;0.0000;165;193;0.0244;24.8702;-0.0763;-0.4064;24.5440;224.6;270.0;270.0;144.1
349.5;1.4890;1.5325;-0.7953;0.0000;157;191;0.0244;25.5954;-0.0840;-0.4284;25.3436;222.8;270.0;270.0;142.8
350.0;1.4895;1.5311;-0.4135;0.0000;165;179;0.0049;26.4046;-0.0840;-0.4503;26.1432;224.1;270.0;270.0;142.5
350.5;1.4899;1.5293;-0.4547;0.0000;161;177;0.0147;27.2061;-0.0916;-0.4503;26.9428;224.1;270.0;270.0;141.5
351.0;1.4895;1.5279;-0.2363;0.0000;163;165;-0.0733;27.9695;-0.0992;-0.4723;27.7425;223.8;270.0;270.0;139.9
351.5;1.4886;1.5256;-0.2720;0.0000;159;165;0.0831;28.7328;-0.1069;-0.4723;28.5421;222.5;270.0;270.0;138.3
352.0;1.4872;1.5238;-0.2747;0.0000;155;161;0.0049;29.4580;-0.1145;-0.4723;29.3417;222.8;270.0;270.0;137.5
352.5;1.4863;1.5215;-0.1181;0.0000;155;155;-0.0049;30.2595;-0.1221;-0.4943;30.1413;222.8;270.0;270.0;136.2
353.0;1.4844;1.5192;-0.0357;0.0000;155;152;-0.0049;30.9847;-0.1221;-0.4943;30.9409;221.2;270.0;270.0;135.7
353.5;1.4826;1.5169;-0.0536;0.0000;153;148;-0.0831;31.7481;-0.1298;-0.4943;31.7405;222.5;270.0;270.0;134.9
354.0;1.4808;1.5142;-0.1552;0.0000;148;148;0.0049;32.5496;-0.1374;-0.4943;32.5401;221.2;270.0;270.0;134.9
354.5;1.4785;1.5114;-0.0398;0.0000;148;142;-0.0049;33.2748;-0.1450;-0.4943;32.5401;223.0;270.0;270.0;134.6
355.0;1.4757;1.5082;-0.1264;0.0000;142;142;-0.0049;34.0000;-0.1527;-0.4943;33.3397;223.3;270.0;270.0;134.3
355.5;1.4730;1.5050;0.1635;0.0000;148;132;-0.0147;34.7176;-0.1527;-0.4943;34.1393;225.4;270.0;270.0;134.9
356.0;1.4707;1.5018;0.1525;0.0000;144;128;-0.0147;35.5267;-0.1603;-0.4943;34.9389;222.5;269.7;270.0;134.9
356.5;1.4684;1.4986;0.2898;0.0000;144;122;-0.0147;36.2443;-0.1679;-0.4723;35.7386;223.5;266.0;270.0;135.9
357.0;1.4661;1.4950;0.1648;0.0000;138;122;-0.0147;37.0534;-0.1756;-0.4723;36.5382;220.9;264.2;270.0;137.2
357.5;1.4629;1.4913;0.1552;0.0000;136;120;-0.0147;37.7710;-0.1832;-0.4723;37.3378;221.4;265.0;270.0;137.8
358.0;1.4606;1.4872;0.2363;0.0000;134;114;-0.0147;38.5802;-0.1908;-0.4723;38.1374;220.1;266.0;270.0;138.6
358.5;1.4583;1.4831;0.2047;0.0000;130;112;-0.0147;39.3053;-0.1908;-0.4503;38.9370;220.1;265.2;270.0;142.0
359.0;1.4556;1.4789;0.2459;0.0000;128;109;-0.0147;40.0229;-0.1985;-0.4503;39.7366;220.1;264.2;270.0;144.1
359.5;1.4533;1.4748;0.0316;0.0000;118;110;-0.0049;40.8321;-0.2061;-0.4503;40.5362;220.4;266.6;270.0;146.5
360.0;1.4510;1.4702;0.1799;0.0000;118;105;-0.0147;41.5496;-0.2137;-0.4503;41.3358;219.6;269.2;270.0;149.9
360.5;1.4483;1.4652;0.0563;0.0000;112;103;-0.0831;42.3130;-0.2137;-0.4503;42.1354;219.6;269.5;270.0;153.3
361.0;1.4455;1.4606;0.0865;0.0000;110;99;0.0733;43.0763;-0.2214;-0.4503;42.9350;219.3;268.4;270.0;157.6
361.5;1.4418;1.4556;0.0275;0.0000;105;97;-0.0049;43.8015;-0.2290;-0.4503;43.7346;219.3;266.8;270.0;161.0
362.0;1.4373;1.4505;-0.1236;0.0000;99;97;-0.0049;44.5267;-0.2366;-0.4503;43.7346;220.4;265.2;270.0;165.2
362.5;1.4327;1.4451;-0.2624;0.0000;93;97;0.0049;45.2519;-0.2366;-0.4503;44.5343;222.0;262.3;270.0;169.4
363.0;1.4286;1.4396;-0.2349;0.0000;89;93;0.0049;45.9695;-0.2443;-0.4503;45.3339;219.9;258.7;270.0;174.2
363.5;1.4245;1.4341;-0.1374;0.0000;89;89;-0.0049;46.6947;-0.2519;-0.4723;46.1335;220.1;255.2;270.0;179.7
364.0;1.4199;1.4281;-0.1607;0.0000;85;85;0.0049;47.4198;-0.2519;-0.4723;46.9331;220.1;254.4;268.9;184.5
364.5;1.4144;1.4222;0.0179;0.0000;87;77;-0.0049;48.0611;-0.2595;-0.4723;47.7327;219.9;254.4;268.4;190.3
365.0;1.4080;1.4162;-0.0838;0.0000;79;77;-0.0049;48.7863;-0.2672;-0.4723;48.5323;219.6;253.1;267.1;196.9
365.5;1.4016;1.4098;0.0962;0.0000;81;71;-0.0049;49.5115;-0.2748;-0.4723;49.3319;220.6;251.3;265.0;204.5
366.0;1.3956;1.4034;0.0714;0.0000;77;69;-0.0049;50.2366;-0.2748;-0.4723;50.1315;220.4;249.4;263.7;212.7
366.5;1.3887;1.3970;0.2912;0.0000;79;62;-0.0147;50.9542;-0.2824;-0.4503;50.9311;222.0;247.0;263.7;223.3
367.0;1.3814;1.3901;0.2555;0.0000;77;60;-0.0147;51.6031;-0.2901;-0.4503;50.9311;222.0;245.2;262.3;235.2
367.5;1.3741;1.3832;0.1813;0.0000;71;60;-0.0147;52.2443;-0.2901;-0.4503;51.7307;220.4;242.6;262.3;247.0
368.0;1.3668;1.3764;0.1154;0.0000;67;60;0.0733;52.9237;-0.2977;-0.4503;52.5304;219.9;239.6;260.0;261.0
368.5;1.3603;1.3690;0.0124;0.0000;64;60;-0.0049;53.6489;-0.3053;-0.4503;53.3300;220.1;237.5;258.7;270.0
369.0;1.3544;1.3617;0.2115;0.0000;65;50;-0.0929;54.3359;-0.3053;-0.4284;54.1296;219.3;237.5;257.1;270.0
369.5;1.3480;1.3544;0.0495;0.0000;58;52;0.0733;55.0153;-0.3130;-0.4284;54.9292;220.4;238.1;257.1;270.0
370.0;1.3411;1.3466;0.1332;0.0000;58;46;-0.0049;55.6565;-0.3206;-0.4284;54.9292;219.6;239.1;255.7;270.0
370.5;1.3338;1.3388;0.0852;0.0000;54;44;-0.0929;56.3435;-0.3206;-0.4284;55.7288;218.5;238.9;253.9;270.0
371.0;1.3260;1.3310;0.2102;0.0000;54;36;-0.0147;56.9847;-0.3282;-0.4284;56.5284;218.5;239.6;252.8;270.0
371.5;1.3187;1.3228;0.0604;0.0000;48;38;-0.0831;57.6718;-0.3359;-0.4284;57.3280;218.0;240.4;251.0;270.0
372.0;1.3123;1.3146;0.2995;0.0000;52;28;-0.0929;58.3511;-0.3359;-0.4064;58.1276;218.0;241.5;249.9;270.0
372.5;1.3049;1.3059;0.2143;0.0000;46;26;-0.0147;58.9924;-0.3435;-0.4064;58.9272;217.5;240.7;249.4;270.0
373.0;1.2962;1.2976;0.0756;0.0000;38;26;-0.0831;59.5954;-0.3435;-0.4064;58.9272;218.0;238.6;247.0;270.0
373.5;1.2885;1.2885;-0.0014;0.0000;34;26;-0.0049;60.2366;-0.3511;-0.4064;59.7268;216.9;237.5;244.9;270.0
374.0;1.2807;1.2798;-0.1099;0.0000;28;24;-0.0831;60.9237;-0.3588;-0.4064;60.5265;219.3;235.2;243.3;270.0
374.5;1.2734;1.2706;0.0000;0.0000;28;19;-0.0049;61.5649;-0.3588;-0.4064;61.3261;217.5;232.8;239.9;270.0
375.0;1.2651;1.2614;-0.1882;0.0000;21;21;-0.0831;62.1679;-0.3664;-0.4064;62.1257;216.7;230.7;238.6;270.0
375.5;1.2569;1.2523;-0.0659;0.0000;21;15;-0.0049;62.8092;-0.3664;-0.4064;62.1257;218.0;229.6;238.3;270.0
376.0;1.2482;1.2427;-0.2404;0.0000;13;15;-0.0733;63.4122;-0.3740;-0.4284;62.9253;218.0;229.4;237.8;270.0
376.5;1.2390;1.2331;-0.1058;0.0000;13;7;-0.0831;64.0153;-0.3740;-0.4284;63.7249;217.5;229.1;237.5;270.0
377.0;1.2312;1.2230;-0.0810;0.0000;11;3;-0.0831;64.7023;-0.3817;-0.4284;64.5245;218.3;228.8;237.3;270.0
377.5;1.2230;1.2129;-0.0069;0.0000;9;-3;-0.0831;65.3053;-0.3893;-0.4284;64.5245;217.2;227.5;236.0;270.0
378.0;1.2143;1.2028;0.0055;0.0000;5;-7;-0.0831;65.9084;-0.3893;-0.4284;65.3241;217.5;225.7;236.0;270.0
378.5;1.2060;1.1928;-0.1937;0.0000;-3;-5;0.0049;66.5496;-0.3969;-0.4284;66.1237;217.5;224.3;235.2;270.0
379.0;1.1964;1.1822;-0.0563;0.0000;-3;-11;-0.0049;67.1145;-0.3969;-0.4284;66.9233;216.4;223.0;234.9;270.0
379.5;1.1873;1.1717;-0.1621;0.0000;-9;-13;0.0049;67.7557;-0.4046;-0.4284;67.7229;217.2;222.2;234.4;270.0
380.0;1.1777;1.1607;-0.0893;0.0000;-11;-19;-0.0049;68.3206;-0.4122;-0.4284;67.7229;216.9;221.7;233.8;270.0
380.5;1.1680;1.1497;-0.1690;0.0000;-17;-19;-0.0831;68.9237;-0.4122;-0.4503;68.5226;218.3;222.2;233.8;270.0
381.0;1.1593;1.1387;0.0302;0.0000;-17;-28;-0.0049;69.5649;-0.4198;-0.4503;69.3222;216.9;223.0;233.6;270.0
381.5;1.1502;1.1273;-0.1566;0.0000;-24;-26;0.0049;70.1298;-0.4198;-0.4503;70.1218;217.2;224.3;233.6;270.0
382.0;1.1406;1.1158;-0.0907;0.0000;-26;-32;-0.0049;70.6870;-0.4275;-0.4503;70.1218;216.4;225.4;233.0;270.0
382.5;1.1296;1.1044;0.0165;0.0000;-28;-40;-0.0049;71.2519;-0.4275;-0.4503;70.9214;216.9;227.2;232.3;270.0
383.0;1.1186;1.0929;0.0385;0.0000;-32;-42;-0.0049;71.8168;-0.4351;-0.4503;71.7210;217.2;227.8;233.6;270.0
383.5;1.1081;1.0810;0.0426;0.0000;-34;-48;-0.0049;72.3740;-0.4427;-0.4503;71.7210;218.0;229.6;232.5;270.0
384.0;1.0975;1.0687;-0.1662;0.0000;-44;-46;0.0049;72.9389;-0.4427;-0.4503;72.5206;216.4;230.4;232.8;270.0
384.5;1.0870;1.0568;-0.0522;0.0000;-46;-52;-0.0049;73.5038;-0.4504;-0.4503;73.3202;217.2;228.0;232.3;270.0
385.0;1.0755;1.0444;-0.2005;0.0000;-54;-52;-0.0831;74.0229;-0.4504;-0.4503;73.3202;216.2;226.7;231.5;270.0
385.5;1.0636;1.0316;0.0137;0.0000;-52;-62;0.0733;74.5496;-0.4580;-0.4503;74.1198;217.2;225.4;229.6;270.0
386.0;1.0513;1.0192;-0.1209;0.0000;-58;-60;-0.0049;75.0305;-0.4580;-0.4503;74.9194;218.3;224.3;228.6;270.0
386.5;1.0394;1.0069;-0.1168;0.0000;-60;-60;0.0831;75.5496;-0.4656;-0.4723;74.9194;218.0;223.5;228.8;270.0
387.0;1.0261;0.9945;-0.1291;0.0000;-62;-60;0.0831;75.9924;-0.4656;-0.4723;75.7190;217.2;222.0;227.5;270.0
387.5;1.0137;0.9817;-0.1250;0.0000;-62;-62;0.0831;76.5191;-0.4733;-0.4723;76.5187;216.9;221.4;226.2;270.0
388.0;1.0009;0.9693;0.0728;0.0000;-58;-67;-0.0049;77.0000;-0.4733;-0.4723;76.5187;216.4;221.4;225.7;270.0
388.5;0.9872;0.9570;0.1607;0.0000;-58;-69;-0.0147;77.4046;-0.4809;-0.4723;77.3183;217.5;220.9;224.6;270.0
389.0;0.9739;0.9441;0.1841;0.0000;-58;-69;0.1515;77.8855;-0.4809;-0.4503;77.3183;218.5;220.4;223.8;270.0
389.5;0.9606;0.9318;0.0206;0.0000;-62;-67;-0.0831;78.3282;-0.4885;-0.4503;78.1179;216.9;217.7;223.3;270.0
390.0;0.9469;0.9194;0.1484;0.0000;-60;-71;-0.0147;78.8092;-0.4885;-0.4503;78.1179;217.2;216.4;222.0;270.0
390.5;0.9332;0.9066;-0.0948;0.0000;-65;-65;-0.0831;79.2519;-0.4962;-0.4503;78.9175;215.9;214.8;221.7;270.0
391.0;0.9180;0.8942;0.0220;0.0000;-64;-69;-0.0831;79.6107;-0.4962;-0.4503;78.9175;216.4;214.8;221.2;270.0
391.5;0.9034;0.8819;-0.0220;0.0000;-64;-67;-0.0049;80.0153;-0.4962;-0.4503;79.7171;216.7;216.9;221.4;270.0