general_params = {
fan_speed = 600.000000,
angular_kp = 0.090000,
angular_ki = 0.000500,
angular_kd = 0.050000,
angular_acc_feed_forward_k = 0.000600,
angular_brake_feed_forward_k = 0.000600,
angular_vel_feed_forward_k = 0.005600,
linear_vel_acc_feed_forward_k = 0.033000,
linear_vel_brake_feed_forward_k = 0.025000,
linear_vel_feed_forward_k = 0.141000,
wall_kp = 0.025000,
wall_ki = 0.000000,
wall_kd = 0.000000,
linear_vel_kp = 2.500000,
linear_vel_ki = 0.010000,
linear_vel_kd = 0.000000,
diagonal_walls_kp = 0.015000,
diagonal_walls_ki = 0.000000,
diagonal_walls_kd = 0.000000,
start_wall_break_mm_left = 56.000000,
start_wall_break_mm_right = 64.000000,
enable_wall_break_correction = 1.000000,
max_linear_acc_jerk = 625.000000,
max_linear_brake_jerk = 625.000000,
wheel_radius_mm = 13.100000,
coulomb_ff = 0.180000,
angular_coulomb_ff = 0.070000,
angular_static_ff = 0.250000,
angular_coulomb_ff_inplace = 0.000000,
angular_static_ff_inplace = 0.000000,
};
t;Vel;TgtVel;AngVel;TgtAngVel;PWM_L;PWM_R;ImuDiff;PosX;PosY;Angle;Dist;SensL;SensFL;SensFR;SensR
0.0;0.0000;0.0000;0.0014;0.0000;-1;-1;-0.3275;0.1603;0.0000;-0.0109;-0.2439;196.6;270.0;270.0;179.7
0.5;0.0000;0.0005;0.0014;0.0000;-1;-1;-0.0049;0.1603;0.0000;-0.0109;-0.2439;197.4;270.0;270.0;179.7
1.0;0.0000;0.0009;0.0206;0.0000;1;-1;-0.0049;0.1603;0.0000;-0.0109;-0.2439;197.4;270.0;270.0;179.7
1.5;0.0000;0.0014;0.0096;0.0000;56;56;-0.0049;0.1603;0.0000;-0.0109;-0.2439;197.4;270.0;270.0;179.7
2.0;0.0000;0.0023;0.0027;0.0000;58;58;-0.0049;0.1603;0.0000;-0.0109;-0.2439;197.4;270.0;270.0;179.7
2.5;0.0005;0.0032;-0.0549;0.0000;60;64;-0.0049;0.1603;0.0000;-0.0109;-0.2439;197.4;270.0;270.0;179.7
3.0;0.0009;0.0041;-0.0316;0.0000;64;65;-0.0049;0.1603;0.0000;-0.0109;-0.2439;197.4;270.0;270.0;179.7
3.5;0.0014;0.0055;-0.0151;0.0000;67;67;-0.0049;0.1603;0.0000;-0.0109;-0.2439;197.4;270.0;270.0;179.7
4.0;0.0023;0.0069;0.0412;0.0000;71;69;-0.0049;0.1603;0.0000;-0.0109;-0.2439;197.4;270.0;270.0;179.7
4.5;0.0032;0.0082;0.0234;0.0000;75;73;-0.0049;0.1603;0.0000;-0.0109;-0.2439;196.6;270.0;270.0;179.7
5.0;0.0041;0.0101;0.0124;0.0000;77;77;-0.0049;0.1603;0.0000;-0.0109;-0.2439;196.6;270.0;270.0;179.7
5.5;0.0055;0.0119;-0.0302;0.0000;79;81;-0.0049;0.1603;0.0000;-0.0109;-0.2439;197.7;270.0;270.0;179.7
6.0;0.0069;0.0142;-0.0220;0.0000;83;83;-0.0049;0.1603;0.0000;-0.0109;-0.2439;197.7;270.0;270.0;179.7
6.5;0.0082;0.0160;-0.0165;0.0000;87;89;-0.0049;0.1603;0.0000;-0.0109;-0.2439;197.7;270.0;270.0;179.7
7.0;0.0096;0.0183;-0.0165;0.0000;91;91;-0.0049;0.1603;0.0000;-0.0109;-0.2439;196.4;270.0;270.0;179.7
7.5;0.0114;0.0211;-0.0014;0.0000;95;95;-0.0049;0.1603;0.0000;-0.0109;-0.2439;196.4;270.0;270.0;179.7
8.0;0.0128;0.0238;0.0096;0.0000;97;97;-0.0049;0.1603;0.0000;-0.0109;-0.2439;197.2;270.0;270.0;179.7
8.5;0.0147;0.0266;0.0701;0.0000;103;99;-0.0049;0.1603;0.0000;-0.0109;-0.2439;197.2;270.0;270.0;179.7
9.0;0.0188;0.0293;-0.0261;0.0000;103;107;0.0733;0.1985;0.0000;-0.0109;-0.2439;197.2;270.0;270.0;179.7
9.5;0.0220;0.0325;-0.0934;0.0000;105;110;-0.0049;0.1985;0.0000;-0.0109;-0.2439;197.2;270.0;270.0;179.7
10.0;0.0266;0.0357;-0.1085;0.0000;109;112;-0.0831;0.2366;0.0000;-0.0109;-0.2439;197.2;270.0;270.0;179.7
10.5;0.0307;0.0394;-0.0742;0.0000;110;112;-0.0049;0.2366;0.0000;-0.0109;-0.2439;196.9;270.0;270.0;179.7
11.0;0.0357;0.0430;-0.0494;0.0000;112;118;0.0733;0.2748;0.0000;-0.0109;-0.2439;196.9;270.0;270.0;180.0
11.5;0.0403;0.0467;0.0014;0.0000;116;118;-0.0049;0.2748;0.0000;-0.0109;-0.2439;196.9;270.0;270.0;180.0
12.0;0.0458;0.0504;-0.0096;0.0000;120;118;-0.0831;0.3206;0.0000;-0.0109;-0.2439;196.4;270.0;270.0;180.0
12.5;0.0513;0.0545;-0.1071;0.0000;118;124;0.0831;0.3588;-0.0076;-0.0109;-0.2439;197.7;270.0;270.0;179.2
13.0;0.0559;0.0586;-0.1580;0.0000;120;128;0.0049;0.3588;-0.0076;-0.0109;-0.2439;197.7;270.0;270.0;179.5
13.5;0.0595;0.0632;-0.0453;0.0000;126;128;-0.0049;0.3588;-0.0076;-0.0328;-0.2439;197.2;270.0;270.0;179.5
14.0;0.0636;0.0678;-0.0893;0.0000;128;134;-0.0831;0.3969;-0.0076;-0.0328;-0.2439;197.7;270.0;270.0;179.7
14.5;0.0687;0.0723;-0.0852;0.0000;132;138;0.1613;0.4809;-0.0076;-0.0328;-0.2439;196.9;270.0;270.0;179.7
15.0;0.0733;0.0774;-0.0494;0.0000;138;140;-0.0831;0.5191;-0.0076;-0.0328;-0.2439;197.2;270.0;270.0;179.7
15.5;0.0788;0.0824;-0.0577;0.0000;140;142;-0.0049;0.5954;-0.0076;-0.0328;0.5557;198.5;270.0;270.0;179.7
16.0;0.0847;0.0875;-0.1030;0.0000;142;148;-0.0049;0.6794;-0.0076;-0.0328;0.5557;197.9;270.0;270.0;179.7
16.5;0.0911;0.0929;-0.1607;0.0000;144;152;0.0049;0.7634;-0.0076;-0.0328;0.5557;197.9;270.0;270.0;179.7
17.0;0.0975;0.0980;-0.2335;0.0000;144;155;0.0049;0.8397;-0.0076;-0.0548;0.5557;197.7;270.0;270.0;179.7
17.5;0.1039;0.1039;-0.2788;0.0000;146;161;0.0049;0.9237;-0.0076;-0.0548;0.5557;197.7;270.0;270.0;179.5
18.0;0.1103;0.1094;-0.2555;0.0000;150;161;0.0049;1.0000;-0.0076;-0.0548;0.5557;196.6;270.0;270.0;179.2
18.5;0.1172;0.1154;-0.2912;0.0000;152;165;0.0049;1.0840;-0.0076;-0.0768;0.5557;198.2;270.0;270.0;179.5
19.0;0.1232;0.1218;-0.2047;0.0000;157;167;-0.0733;1.1221;-0.0076;-0.0768;0.5557;197.4;270.0;270.0;179.2
19.5;0.1300;0.1277;-0.1951;0.0000;159;169;0.0831;1.2443;-0.0076;-0.0768;0.5557;197.2;270.0;270.0;179.5
20.0;0.1369;0.1342;-0.2308;0.0000;161;175;0.0049;1.3206;-0.0076;-0.0768;0.5557;197.7;270.0;270.0;179.2
20.5;0.1442;0.1410;-0.1662;0.0000;167;177;-0.0831;1.4427;-0.0076;-0.0988;1.3553;197.4;270.0;270.0;178.9
21.0;0.1516;0.1474;-0.2541;0.0000;169;183;0.0049;1.5267;-0.0076;-0.0988;1.3553;197.7;270.0;270.0;179.2
21.5;0.1589;0.1543;-0.3324;0.0000;169;187;0.0831;1.6412;-0.0076;-0.0988;1.3553;198.5;270.0;270.0;179.7
22.0;0.1671;0.1616;-0.3036;0.0000;175;189;-0.0733;1.7634;-0.0076;-0.1207;1.3553;197.4;270.0;270.0;179.7
22.5;0.1745;0.1685;-0.3214;0.0000;177;193;0.0049;1.8473;-0.0076;-0.1207;1.3553;197.9;270.0;270.0;178.9
23.0;0.1827;0.1758;-0.3777;0.0000;177;196;0.0049;2.0076;-0.0076;-0.1427;1.3553;199.0;270.0;270.0;178.9
23.5;0.1905;0.1836;-0.3132;0.0000;183;198;0.0049;2.0840;-0.0076;-0.1427;1.3553;198.5;270.0;270.0;179.2
24.0;0.1992;0.1914;-0.2734;0.0000;187;200;0.0049;2.2443;-0.0076;-0.1647;2.1549;198.7;270.0;270.0;178.9
24.5;0.2083;0.1992;-0.2486;0.0000;191;202;0.0049;2.4046;-0.0076;-0.1647;2.1549;197.9;270.0;270.0;178.9
25.0;0.2179;0.2070;-0.2170;0.0000;193;204;0.0049;2.5649;-0.0076;-0.1647;2.1549;197.7;270.0;270.0;178.7
25.5;0.2280;0.2152;-0.1690;0.0000;198;206;0.0049;2.7328;-0.0076;-0.1647;2.1549;197.9;270.0;270.0;178.7
26.0;0.2372;0.2234;-0.2047;0.0000;200;210;-0.0733;2.8473;-0.0076;-0.1867;2.1549;198.2;270.0;270.0;178.7
26.5;0.2463;0.2317;-0.2129;0.0000;202;214;0.0049;3.0076;-0.0076;-0.1867;2.9546;197.7;270.0;270.0;178.4
27.0;0.2560;0.2404;-0.2706;0.0000;202;216;0.0049;3.1679;-0.0076;-0.1867;2.9546;198.5;270.0;270.0;178.4
27.5;0.2656;0.2486;-0.3626;0.0000;200;220;0.0049;3.3282;-0.0076;-0.2086;2.9546;197.2;270.0;270.0;178.2
28.0;0.2761;0.2573;-0.3049;0.0000;202;220;0.0831;3.5344;-0.0076;-0.2086;2.9546;197.7;270.0;270.0;177.9
28.5;0.2866;0.2660;-0.2898;0.0000;202;218;-0.0733;3.7328;-0.0076;-0.2086;2.9546;197.4;270.0;270.0;178.2
29.0;0.2967;0.2743;-0.2706;0.0000;202;218;0.0049;3.8931;-0.0076;-0.2306;3.7542;198.5;270.0;270.0;178.2
29.5;0.3068;0.2830;-0.1978;0.0000;204;214;-0.0831;4.0992;-0.0153;-0.2306;3.7542;197.7;270.0;270.0;177.9
30.0;0.3168;0.2912;-0.2294;0.0000;202;214;0.0049;4.3359;-0.0153;-0.2306;3.7542;200.1;270.0;270.0;178.7
30.5;0.3255;0.2999;-0.2253;0.0000;202;214;0.0049;4.4962;-0.0153;-0.2526;3.7542;199.0;270.0;270.0;178.2
31.0;0.3356;0.3082;-0.2047;0.0000;204;214;0.0049;4.7405;-0.0153;-0.2526;4.5538;198.5;270.0;270.0;177.9
31.5;0.3466;0.3168;-0.2885;0.0000;200;218;0.0049;4.9771;-0.0153;-0.2526;4.5538;198.7;270.0;270.0;177.4
32.0;0.3567;0.3251;-0.2912;0.0000;200;218;0.0831;5.1832;-0.0153;-0.2746;4.5538;198.7;270.0;270.0;177.4
32.5;0.3672;0.3338;-0.2665;0.0000;198;214;0.0049;5.4198;-0.0153;-0.2746;5.3534;198.7;270.0;270.0;177.4
33.0;0.3768;0.3425;-0.3297;0.0000;198;218;0.0049;5.5802;-0.0153;-0.2746;5.3534;200.1;270.0;270.0;177.4
33.5;0.3869;0.3507;-0.2624;0.0000;200;216;0.0831;5.8626;-0.0229;-0.2965;5.3534;199.3;270.0;270.0;178.4
34.0;0.3979;0.3594;-0.3036;0.0000;196;214;0.0049;6.1069;-0.0229;-0.2965;5.3534;199.0;270.0;270.0;177.6
34.5;0.4084;0.3677;-0.3544;0.0000;195;214;0.0049;6.3435;-0.0229;-0.3185;6.1530;199.5;270.0;270.0;177.4
35.0;0.4185;0.3764;-0.3475;0.0000;195;214;0.0049;6.5878;-0.0229;-0.3185;6.1530;198.5;270.0;270.0;177.1
35.5;0.4286;0.3846;-0.3214;0.0000;193;212;0.0049;6.8321;-0.0229;-0.3405;6.1530;200.1;270.0;270.0;176.8
36.0;0.4391;0.3933;-0.3063;0.0000;195;212;0.0831;7.1069;-0.0229;-0.3405;6.9526;199.8;270.0;270.0;176.8
36.5;0.4501;0.4020;-0.2981;0.0000;195;212;-0.0733;7.3893;-0.0305;-0.3405;6.9526;200.1;270.0;270.0;176.6
37.0;0.4602;0.4103;-0.2775;0.0000;193;210;0.0049;7.6336;-0.0305;-0.3624;6.9526;199.8;270.0;270.0;176.8
37.5;0.4712;0.4190;-0.3022;0.0000;193;210;0.0049;7.9542;-0.0305;-0.3624;7.7522;199.5;270.0;270.0;176.6
38.0;0.4817;0.4272;-0.2088;0.0000;193;206;0.0049;8.1985;-0.0305;-0.3624;7.7522;199.5;270.0;270.0;176.8
38.5;0.4908;0.4359;-0.2033;0.0000;195;206;0.0831;8.4733;-0.0382;-0.3844;7.7522;200.1;270.0;270.0;176.6
39.0;0.5009;0.4441;-0.2514;0.0000;193;208;-0.0733;8.7557;-0.0382;-0.3844;8.5518;200.6;270.0;270.0;176.6
39.5;0.5110;0.4528;-0.2308;0.0000;193;206;0.0049;9.0763;-0.0382;-0.3844;8.5518;201.6;270.0;270.0;176.3
40.0;0.5211;0.4611;-0.2266;0.0000;193;206;-0.0733;9.3588;-0.0382;-0.4064;9.3514;201.6;270.0;270.0;176.3
40.5;0.5298;0.4698;-0.2280;0.0000;193;206;0.0049;9.6031;-0.0458;-0.4064;9.3514;201.4;270.0;270.0;176.3
41.0;0.5398;0.4785;-0.2198;0.0000;193;206;0.0049;9.9237;-0.0458;-0.4064;9.3514;199.5;270.0;270.0;176.0
41.5;0.5490;0.4867;-0.2720;0.0000;193;206;-0.0733;10.2061;-0.0458;-0.4064;10.1510;200.6;270.0;270.0;176.6
42.0;0.5582;0.4954;-0.3201;0.0000;191;210;0.0831;10.4886;-0.0458;-0.4284;10.1510;200.1;270.0;270.0;176.8
42.5;0.5673;0.5037;-0.2239;0.0000;193;206;0.0049;10.8092;-0.0534;-0.4284;10.1510;200.1;270.0;270.0;176.6
43.0;0.5769;0.5124;-0.2335;0.0000;193;206;0.0049;11.1298;-0.0534;-0.4284;10.9506;201.4;270.0;270.0;176.0
43.5;0.5875;0.5206;-0.2170;0.0000;195;206;-0.0733;11.4886;-0.0534;-0.4503;10.9506;201.9;270.0;270.0;176.3
44.0;0.5975;0.5293;-0.1497;0.0000;193;202;0.0049;11.8092;-0.0611;-0.4503;11.7503;200.3;270.0;270.0;175.8
44.5;0.6076;0.5380;-0.1786;0.0000;193;204;0.0049;12.1298;-0.0611;-0.4503;11.7503;200.3;270.0;270.0;175.8
45.0;0.6177;0.5462;-0.1181;0.0000;195;202;-0.0831;12.4962;-0.0611;-0.4503;11.7503;200.1;270.0;270.0;175.8
45.5;0.6273;0.5549;-0.0783;0.0000;193;198;-0.0049;12.8168;-0.0687;-0.4503;12.5499;200.6;270.0;270.0;175.5
46.0;0.6369;0.5632;-0.0797;0.0000;195;200;-0.0049;13.1374;-0.0687;-0.4723;12.5499;201.4;270.0;270.0;175.5
46.5;0.6465;0.5719;-0.0714;0.0000;193;198;0.0733;13.4962;-0.0687;-0.4723;13.3495;201.1;270.0;270.0;175.8
47.0;0.6561;0.5801;-0.0632;0.0000;193;198;-0.0831;13.8626;-0.0763;-0.4723;13.3495;201.4;270.0;270.0;176.0
47.5;0.6667;0.5888;-0.1071;0.0000;193;200;-0.0049;14.2672;-0.0763;-0.4723;14.1491;200.8;270.0;270.0;175.8
48.0;0.6763;0.5975;-0.1470;0.0000;191;200;0.0049;14.5878;-0.0763;-0.4723;14.1491;200.8;270.0;270.0;175.8
48.5;0.6859;0.6058;-0.0865;0.0000;193;198;-0.0831;14.9466;-0.0840;-0.4723;14.9487;200.1;270.0;270.0;176.3
49.0;0.6955;0.6145;-0.1264;0.0000;191;200;-0.0049;15.3511;-0.0840;-0.4723;14.9487;201.1;270.0;270.0;175.8
49.5;0.7051;0.6227;-0.1497;0.0000;189;200;0.0831;15.7099;-0.0916;-0.4943;14.9487;201.1;270.0;270.0;176.3
50.0;0.7138;0.6314;-0.1635;0.0000;189;200;0.0049;16.0305;-0.0916;-0.4943;15.7483;202.2;270.0;270.0;176.0
50.5;0.7234;0.6397;-0.1442;0.0000;191;202;0.0831;16.4733;-0.0992;-0.4943;15.7483;201.4;270.0;270.0;175.8
51.0;0.7331;0.6484;-0.1552;0.0000;189;200;-0.0831;16.8321;-0.0992;-0.4943;16.5479;200.8;270.0;270.0;175.8
51.5;0.7422;0.6566;-0.1374;0.0000;191;200;-0.0049;17.2366;-0.0992;-0.4943;16.5479;201.1;270.0;270.0;175.8
52.0;0.7509;0.6653;-0.2239;0.0000;187;202;0.0049;17.6412;-0.1069;-0.5163;17.3475;201.6;270.0;270.0;175.8
52.5;0.7596;0.6740;-0.2033;0.0000;189;200;-0.0831;18.0000;-0.1069;-0.5163;17.3475;200.8;270.0;270.0;175.8
53.0;0.7679;0.6822;-0.1992;0.0000;191;202;0.0049;18.4046;-0.1145;-0.5163;18.1471;201.4;270.0;270.0;175.5
53.5;0.7766;0.6909;-0.2294;0.0000;189;204;0.0049;18.8015;-0.1145;-0.5163;18.1471;200.3;270.0;270.0;176.0
54.0;0.7853;0.6992;-0.1827;0.0000;191;202;0.0049;19.2061;-0.1221;-0.5382;18.9467;200.6;270.0;270.0;175.5
54.5;0.7940;0.7079;-0.1964;0.0000;191;204;0.0049;19.6107;-0.1221;-0.5382;18.9467;200.1;270.0;270.0;175.5
55.0;0.8031;0.7161;-0.2019;0.0000;191;204;0.0831;20.0534;-0.1298;-0.5382;19.7464;202.2;270.0;270.0;176.6
55.5;0.8118;0.7248;-0.1580;0.0000;193;204;0.0049;20.4504;-0.1298;-0.5382;19.7464;204.3;270.0;270.0;175.8
56.0;0.8205;0.7335;-0.1140;0.0000;195;204;-0.0049;20.8550;-0.1374;-0.5602;20.5460;203.8;270.0;270.0;176.0
56.5;0.8301;0.7418;-0.0962;0.0000;195;202;-0.0049;21.3359;-0.1374;-0.5602;20.5460;201.4;270.0;270.0;175.8
57.0;0.8388;0.7505;-0.0852;0.0000;193;202;-0.0049;21.7405;-0.1450;-0.5602;21.3456;201.9;270.0;270.0;175.8
57.5;0.8480;0.7587;-0.0701;0.0000;195;202;0.0733;22.1832;-0.1450;-0.5602;22.1452;203.0;270.0;270.0;176.0
58.0;0.8567;0.7674;-0.0975;0.0000;193;202;-0.0831;22.6260;-0.1527;-0.5602;22.1452;202.4;270.0;270.0;175.8
58.5;0.8649;0.7756;-0.0632;0.0000;195;202;-0.0049;23.0229;-0.1527;-0.5602;22.9448;202.7;270.0;270.0;175.8
59.0;0.8727;0.7843;-0.0604;0.0000;196;204;-0.0049;23.4275;-0.1603;-0.5602;22.9448;202.4;270.0;270.0;175.5
59.5;0.8805;0.7926;-0.1044;0.0000;195;204;-0.0831;23.8702;-0.1603;-0.5602;23.7444;201.9;270.0;270.0;175.8
60.0;0.8887;0.8013;-0.0371;0.0000;198;204;-0.0049;24.3511;-0.1679;-0.5602;23.7444;200.8;270.0;270.0;175.5
60.5;0.8979;0.8100;-0.0728;0.0000;196;204;-0.0049;24.8321;-0.1756;-0.5602;24.5440;202.2;270.0;270.0;175.5
61.0;0.9057;0.8182;-0.0948;0.0000;198;206;-0.0049;25.2366;-0.1756;-0.5822;24.5440;201.4;270.0;270.0;175.2
61.5;0.9135;0.8269;-0.0618;0.0000;200;206;-0.0831;25.6794;-0.1832;-0.5822;25.3436;202.2;270.0;270.0;175.5
62.0;0.9203;0.8352;-0.1538;0.0000;198;210;0.0049;26.0763;-0.1832;-0.5822;25.3436;202.4;270.0;270.0;175.2
62.5;0.9272;0.8439;-0.0659;0.0000;202;208;-0.0831;26.5191;-0.1908;-0.5822;26.1432;201.9;270.0;270.0;175.5
63.0;0.9345;0.8521;-0.1003;0.0000;202;212;-0.0049;27.0000;-0.1908;-0.5822;26.9428;201.4;270.0;270.0;175.0
63.5;0.9428;0.8608;-0.1071;0.0000;204;214;-0.0049;27.4886;-0.1985;-0.5822;26.9428;201.9;270.0;270.0;175.0
64.0;0.9505;0.8695;-0.1401;0.0000;204;216;0.0049;27.9695;-0.2061;-0.5822;27.7425;201.9;270.0;270.0;174.7
64.5;0.9579;0.8777;-0.1154;0.0000;206;216;-0.0831;28.4122;-0.2061;-0.5822;27.7425;201.6;270.0;270.0;174.7
65.0;0.9670;0.8864;-0.1937;0.0000;204;220;0.0049;28.9695;-0.2137;-0.6042;28.5421;202.7;270.0;270.0;175.0
65.5;0.9748;0.8947;-0.1717;0.0000;208;220;-0.0831;29.4122;-0.2214;-0.6042;29.3417;202.7;270.0;270.0;175.0
66.0;0.9826;0.9034;-0.1236;0.0000;210;220;0.0831;29.9389;-0.2214;-0.6042;29.3417;201.9;270.0;270.0;175.0
66.5;0.9904;0.9116;-0.1937;0.3997;67;361;0.0049;30.4198;-0.2290;-0.6042;30.1413;203.5;270.0;270.0;174.7
67.0;0.9973;0.9203;-0.1731;0.3997;200;234;-0.0831;30.9389;-0.2366;-0.6261;30.9409;203.0;270.0;270.0;174.5
67.5;1.0046;0.9290;-0.0975;0.3997;202;234;0.0831;31.4657;-0.2366;-0.6261;30.9409;204.8;270.0;270.0;175.0
68.0;1.0119;0.9373;-0.0893;0.4492;187;251;-0.0049;31.9466;-0.2443;-0.6261;31.7405;204.0;270.0;270.0;174.7
68.5;1.0206;0.9460;-0.0137;0.4245;212;226;-0.0049;32.5115;-0.2519;-0.6261;31.7405;204.8;270.0;270.0;175.5
69.0;1.0293;0.9542;0.1827;0.4245;210;228;-0.0929;33.0305;-0.2595;-0.6261;32.5401;204.8;270.0;270.0;175.2
69.5;1.0389;0.9629;0.3887;0.3997;226;212;-0.1026;33.6336;-0.2595;-0.6042;33.3397;203.0;270.0;270.0;175.0
70.0;1.0481;0.9712;0.5247;0.3997;222;220;-0.1026;34.1603;-0.2672;-0.5822;34.1393;202.7;270.0;270.0;174.7
70.5;1.0577;0.9799;0.6538;0.3750;236;206;-0.0244;34.7176;-0.2748;-0.5822;34.1393;203.0;270.0;270.0;175.5
71.0;1.0673;0.9881;0.4986;0.3997;212;228;-0.0244;35.2824;-0.2824;-0.5602;34.9389;203.0;270.0;270.0;175.0
71.5;1.0769;0.9968;0.5069;0.3997;222;220;-0.0244;35.8473;-0.2824;-0.5382;35.7386;203.0;270.0;270.0;174.7
72.0;1.0870;1.0055;0.3681;0.3997;218;224;-0.1026;36.4504;-0.2901;-0.5382;35.7386;203.0;270.0;270.0;174.7
72.5;1.0952;1.0137;0.3049;0.3750;226;218;-0.0147;36.9313;-0.2977;-0.5163;36.5382;201.6;270.0;270.0;174.7
73.0;1.1039;1.0224;0.2294;0.3750;216;228;-0.1711;37.4962;-0.2977;-0.5163;37.3378;201.9;270.0;270.0;174.5
73.5;1.1117;1.0307;0.1676;0.3750;214;228;-0.0929;38.0153;-0.3053;-0.5163;37.3378;201.9;270.0;270.0;175.2
74.0;1.1204;1.0394;0.1511;0.3997;206;239;-0.0147;38.6565;-0.3130;-0.5163;38.1374;204.0;270.0;270.0;175.2
74.5;1.1287;1.0476;0.1525;0.3750;224;222;-0.0929;39.1832;-0.3130;-0.4943;38.9370;202.4;270.0;270.0;175.5
75.0;1.1369;1.0563;0.1442;0.3997;206;239;-0.0147;39.7405;-0.3206;-0.4943;39.7366;203.5;270.0;270.0;175.8
75.5;1.1456;1.0650;0.0124;0.4245;204;245;-0.0831;40.3435;-0.3282;-0.4943;39.7366;203.8;270.0;270.0;174.7
76.0;1.1543;1.0733;0.0467;0.3997;224;228;-0.0831;40.9466;-0.3282;-0.4943;40.5362;202.4;270.0;270.0;174.5
76.5;1.1635;1.0820;-0.0646;0.4245;204;247;-0.0831;41.5496;-0.3359;-0.4943;41.3358;202.7;270.0;270.0;174.2
77.0;1.1726;1.0902;-0.0659;0.3997;222;234;-0.0049;42.1908;-0.3435;-0.4943;42.1354;203.0;270.0;270.0;174.7
77.5;1.1809;1.0989;-0.0481;0.3997;212;239;-0.0831;42.7939;-0.3435;-0.4943;42.1354;203.0;270.0;270.0;174.5
78.0;1.1886;1.1071;0.0536;0.3750;226;230;-0.0049;43.3588;-0.3511;-0.4943;42.9350;203.0;270.0;270.0;175.5
78.5;1.1960;1.1158;0.0055;0.3997;208;249;-0.0049;44.0000;-0.3588;-0.4943;43.7346;202.7;270.0;270.0;175.2
79.0;1.2033;1.1241;0.0385;0.4245;208;249;-0.0831;44.6031;-0.3588;-0.4943;44.5343;203.0;270.0;270.0;174.5
79.5;1.2102;1.1328;0.0096;0.4245;216;241;-0.0049;45.1679;-0.3664;-0.4943;44.5343;203.5;270.0;270.0;174.5
80.0;1.2170;1.1415;-0.0343;0.3997;226;236;-0.0831;45.7710;-0.3740;-0.4943;45.3339;202.7;270.0;270.0;174.5
80.5;1.2244;1.1497;0.0591;0.4492;204;261;-0.0831;46.3740;-0.3740;-0.4943;46.1335;203.5;270.0;270.0;174.2
81.0;1.2321;1.1584;-0.0920;0.4245;226;241;-0.0049;47.0153;-0.3817;-0.4943;46.9331;204.3;270.0;270.0;174.7
81.5;1.2390;1.1667;0.0549;0.4245;224;247;-0.0049;47.5802;-0.3893;-0.4943;46.9331;203.0;270.0;270.0;174.2
82.0;1.2454;1.1754;0.0797;0.4492;216;257;-0.0929;48.1832;-0.3893;-0.4943;47.7327;203.5;270.0;270.0;174.2
82.5;1.2518;1.1836;0.1456;0.4245;238;241;0.0733;48.7863;-0.3969;-0.4943;48.5323;203.5;270.0;270.0;174.7
83.0;1.2578;1.1923;0.0975;0.4492;222;263;-0.1711;49.4275;-0.4046;-0.4943;49.3319;203.5;270.0;270.0;174.2
83.5;1.2637;1.2010;0.1319;0.4492;232;255;-0.0049;49.9924;-0.4046;-0.4943;49.3319;204.3;270.0;270.0;174.2
84.0;1.2697;1.2092;0.0014;0.4492;232;263;0.0733;50.5954;-0.4122;-0.4943;50.1315;204.0;270.0;270.0;174.2
84.5;1.2747;1.2179;0.0508;0.4492;234;263;0.0733;51.1985;-0.4198;-0.4943;50.9311;203.2;270.0;270.0;173.7
85.0;1.2793;1.2262;0.0604;0.3997;253;247;-0.0049;51.7557;-0.4198;-0.4943;51.7307;202.2;270.0;270.0;173.7
85.5;1.2848;1.2349;0.0824;0.4492;224;284;-0.0049;52.4046;-0.4275;-0.4723;51.7307;203.2;270.0;270.0;173.7
86.0;1.2908;1.2431;0.0192;0.4492;241;273;-0.0831;53.0076;-0.4351;-0.4723;52.5304;203.5;270.0;270.0;173.4
86.5;1.2962;1.2518;0.0330;0.4245;253;267;0.0733;53.6870;-0.4351;-0.4723;53.3300;203.0;270.0;270.0;173.7
87.0;1.3022;1.2601;0.1113;0.4245;249;275;-0.0049;54.3282;-0.4427;-0.4723;54.1296;203.0;270.0;270.0;174.2
87.5;1.3091;1.2688;0.1387;0.4245;253;277;-0.0929;55.0153;-0.4504;-0.4723;54.9292;203.8;270.0;270.0;174.5
88.0;1.3164;1.2775;0.2816;0.4492;249;284;-0.0147;55.6565;-0.4504;-0.4723;54.9292;204.3;270.0;270.0;173.9
88.5;1.3242;1.2857;0.1126;0.4739;247;292;0.0733;56.3435;-0.4580;-0.4723;55.7288;204.8;270.0;270.0;173.9
89.0;1.3324;1.2944;0.1827;0.4492;267;275;0.0733;57.0229;-0.4656;-0.4503;56.5284;204.5;270.0;270.0;174.5
89.5;1.3402;1.3027;0.0577;0.5000;238;306;-0.0049;57.6641;-0.4656;-0.4503;57.3280;205.9;270.0;270.0;173.9
90.0;1.3484;1.3114;0.0192;0.5000;255;290;-0.0049;58.3893;-0.4733;-0.4503;58.1276;204.8;270.0;270.0;173.7
90.5;1.3576;1.3196;0.1195;0.4492;277;271;-0.0049;59.1145;-0.4809;-0.4503;58.9272;203.2;270.0;270.0;174.2
91.0;1.3668;1.3283;0.0302;0.4492;255;290;0.0733;59.7939;-0.4885;-0.4503;59.7268;204.3;270.0;270.0;173.7
91.5;1.3759;1.3370;0.0536;0.4245;267;281;-0.0049;60.5191;-0.4885;-0.4503;60.5265;203.2;270.0;270.0;174.5
92.0;1.3851;1.3452;-0.0151;0.4739;239;310;-0.0049;61.2443;-0.4962;-0.4503;60.5265;204.8;270.0;270.0;174.2
92.5;1.3938;1.3539;0.0701;0.4492;267;283;0.1515;61.9695;-0.5038;-0.4503;61.3261;204.3;270.0;270.0;173.7
93.0;1.4020;1.3622;0.0604;0.4492;261;292;-0.0049;62.6947;-0.5038;-0.4503;62.1257;203.8;270.0;270.0;173.4
93.5;1.4103;1.3709;0.0879;0.4245;271;283;-0.0049;63.4122;-0.5114;-0.4503;62.9253;203.0;270.0;270.0;173.4
94.0;1.4185;1.3791;0.0769;0.4739;243;312;0.1515;64.1374;-0.5191;-0.4503;63.7249;204.8;270.0;270.0;173.1
94.5;1.4267;1.3878;0.0247;0.4492;271;288;-0.0831;64.9008;-0.5267;-0.4503;64.5245;203.5;270.0;270.0;173.1
95.0;1.4350;1.3965;0.0975;0.4492;265;294;0.0733;65.5878;-0.5267;-0.4284;65.3241;204.3;270.0;270.0;173.1
95.5;1.4428;1.4048;0.0234;0.4739;253;310;0.0733;66.3511;-0.5344;-0.4284;66.1237;204.5;270.0;270.0;173.1
96.0;1.4505;1.4135;0.1470;0.4739;267;300;0.0733;67.1145;-0.5420;-0.4284;66.9233;205.1;270.0;270.0;173.9
96.5;1.4583;1.4217;-0.0082;0.4739;263;304;-0.0049;67.8321;-0.5496;-0.4284;67.7229;205.1;270.0;270.0;174.2
97.0;1.4666;1.4304;0.1937;0.5000;261;310;0.0733;68.5954;-0.5496;-0.4284;68.5226;205.6;270.0;270.0;173.9
97.5;1.4739;1.4386;-0.1429;0.4739;271;302;0.0049;69.3206;-0.5573;-0.4284;69.3222;205.1;270.0;270.0;174.2
98.0;1.4826;1.4473;-0.1717;0.5000;253;322;0.0049;70.1221;-0.5649;-0.4284;70.1218;205.3;270.0;270.0;173.4
98.5;1.4913;1.4556;0.0467;0.5000;271;310;0.0733;70.8931;-0.5649;-0.4284;70.1218;204.5;270.0;270.0;172.9
99.0;1.5005;1.4643;-0.0247;0.4739;279;302;-0.0049;71.6947;-0.5725;-0.4284;70.9214;204.3;270.0;270.0;172.9
99.5;1.5096;1.4730;0.2967;0.4739;277;302;0.0635;72.4580;-0.5802;-0.4284;71.7210;203.2;270.0;270.0;172.6
100.0;1.5179;1.4812;0.1016;0.4739;273;308;0.0733;73.2214;-0.5878;-0.4284;72.5206;203.8;270.0;270.0;172.6
100.5;1.5252;1.4899;0.1126;0.5000;265;318;0.0733;73.9847;-0.5878;-0.4284;73.3202;204.8;270.0;270.0;172.6
101.0;1.5325;1.4982;-0.0440;0.5000;271;316;0.0733;74.7481;-0.5954;-0.4284;74.1198;205.1;270.0;270.0;172.9
101.5;1.5398;1.5069;0.0261;0.4739;283;308;0.0733;75.5115;-0.6031;-0.4284;74.9194;204.5;270.0;270.0;172.9
102.0;1.5476;1.5151;0.0934;0.4739;277;314;0.0733;76.2748;-0.6107;-0.4284;75.7190;203.2;270.0;270.0;172.9
102.5;1.5563;1.5238;0.0220;0.4739;275;316;0.0733;77.1221;-0.6107;-0.4284;76.5187;204.8;270.0;270.0;173.7
103.0;1.5664;1.5325;0.0481;0.5000;267;326;0.0733;77.9618;-0.6183;-0.4064;77.3183;205.6;270.0;270.0;173.1
103.5;1.5760;1.5408;0.0137;0.5000;273;318;0.0733;78.8092;-0.6260;-0.4064;78.1179;205.6;270.0;270.0;173.1
104.0;1.5852;1.5495;0.3613;0.5000;283;308;0.0635;79.5725;-0.6336;-0.4064;78.9175;205.3;270.0;270.0;173.7
104.5;1.5939;1.5577;0.1841;0.5247;271;324;0.0733;80.4122;-0.6336;-0.4064;79.7171;206.7;270.0;270.0;174.2
105.0;1.6026;1.5664;0.3887;0.4739;302;292;0.0635;81.2595;-0.6412;-0.3844;80.5167;205.9;270.0;270.0;174.5
105.5;1.6103;1.5746;0.2788;0.5000;275;322;0.0635;82.0992;-0.6489;-0.3844;81.3163;206.1;270.0;270.0;173.4
106.0;1.6186;1.5833;0.2651;0.5000;283;316;0.0635;82.9466;-0.6565;-0.3624;82.9155;205.3;270.0;270.0;173.1
106.5;1.6264;1.5916;0.0659;0.5247;271;331;0.0733;83.7939;-0.6565;-0.3624;83.7151;206.1;270.0;270.0;173.1
107.0;1.6346;1.6003;0.2940;0.4739;304;298;0.0635;84.6336;-0.6641;-0.3624;84.5147;204.8;270.0;270.0;173.1
107.5;1.6429;1.6090;0.5302;0.5000;286;320;-0.0244;85.4351;-0.6718;-0.3405;85.3144;205.6;270.0;270.0;173.1
108.0;1.6520;1.6172;0.4547;0.4739;300;306;0.1417;86.3206;-0.6718;-0.3405;86.1140;204.0;270.0;270.0;172.9
108.5;1.6616;1.6259;0.6566;0.4739;300;310;-0.0244;87.2061;-0.6794;-0.3185;86.9136;203.2;270.0;270.0;172.9
109.0;1.6708;1.6342;0.4904;0.4245;314;296;0.0538;88.0534;-0.6794;-0.2965;87.7132;203.0;270.0;270.0;173.1
109.5;1.6795;1.6429;0.7363;0.4492;292;316;0.0538;88.8931;-0.6870;-0.2746;88.5128;204.0;270.0;270.0;174.2
110.0;1.6886;1.6511;0.6992;0.4245;312;300;-0.0244;89.7786;-0.6870;-0.2526;89.3124;204.0;270.0;270.0;174.5
110.5;1.6973;1.6598;0.7967;0.4492;296;316;-0.0342;90.6641;-0.6947;-0.2306;90.1120;204.0;270.0;270.0;173.9
111.0;1.7060;1.6685;0.6126;0.4245;310;304;0.0538;91.5038;-0.6947;-0.2306;90.9116;202.4;270.0;270.0;173.9
111.5;1.7147;1.6767;0.4712;0.4739;281;335;0.0635;92.4275;-0.7023;-0.2086;91.7112;204.8;270.0;270.0;174.2
112.0;1.7239;1.6854;0.5824;0.4492;310;306;-0.0244;93.3130;-0.7023;-0.1867;93.3105;203.8;270.0;270.0;173.9
112.5;1.7326;1.6937;0.5302;0.4492;300;316;-0.0244;94.1985;-0.7099;-0.1647;94.1101;203.2;270.0;270.0;173.4
113.0;1.7399;1.7024;0.7060;0.4492;306;312;-0.1124;95.0458;-0.7099;-0.1647;94.9097;203.2;270.0;270.0;173.4
113.5;1.7473;1.7106;0.3956;0.3997;316;302;0.0635;95.8855;-0.7099;-0.1427;95.7093;202.2;270.0;270.0;173.4
114.0;1.7532;1.7193;0.6099;0.4245;296;324;-0.0244;96.7710;-0.7099;-0.1207;96.5089;203.0;270.0;270.0;173.7
114.5;1.7592;1.7280;0.4231;0.4245;302;322;0.0635;97.6183;-0.7176;-0.1207;97.3085;202.7;270.0;270.0;173.4
115.0;1.7656;1.7363;0.5440;0.4492;298;327;0.0538;98.5420;-0.7176;-0.0988;98.1081;203.8;270.0;270.0;173.9
115.5;1.7729;1.7450;0.5962;0.3997;329;302;-0.0244;99.4275;-0.7176;-0.0768;98.9077;203.0;270.0;270.0;174.5
116.0;1.7807;1.7532;0.7019;0.4245;310;329;0.0538;100.3511;-0.7176;-0.0548;99.7073;204.3;270.0;270.0;175.0
116.5;1.7894;1.7619;0.5412;0.3997;322;318;0.0538;101.2748;-0.7176;-0.0548;100.5069;203.0;270.0;270.0;174.5
117.0;1.7972;1.7701;0.4093;0.4245;302;339;0.0635;102.1985;-0.7176;-0.0328;102.1062;203.5;270.0;270.0;174.7
117.5;1.8054;1.7788;0.5920;0.4245;318;327;0.0538;103.1221;-0.7176;-0.0109;102.9058;202.4;270.0;270.0;173.9
118.0;1.8132;1.7871;0.3654;0.3997;322;326;-0.0147;104.0076;-0.7176;-0.0109;103.7054;202.2;270.0;270.0;173.9
118.5;1.8205;1.7958;0.5865;0.3750;331;320;-0.0244;104.8931;-0.7176;0.0111;104.5050;201.4;270.0;270.0;174.7
119.0;1.8283;1.8045;0.3668;0.4245;300;355;0.0635;105.8168;-0.7176;0.0111;105.3046;203.5;270.0;270.0;174.5
119.5;1.8365;1.8127;0.4121;0.4245;318;337;0.0635;106.8168;-0.7176;0.0331;106.1042;203.2;270.0;270.0;175.2
120.0;1.8448;1.8214;0.2967;0.4245;318;341;-0.0147;107.7023;-0.7176;0.0331;107.7034;203.2;270.0;270.0;175.0
120.5;1.8535;1.8301;0.4093;0.0247;470;196;0.0733;1.0000;0.0000;-0.0109;0.5557;201.6;270.0;270.0;175.2
121.0;1.8617;1.8388;0.4725;0.0000;355;327;-0.1026;1.9237;0.0000;0.0111;1.3553;203.0;270.0;270.0;174.7
121.5;1.8700;1.8475;0.2473;0.0000;343;343;-0.1711;2.8931;0.0000;0.0111;2.1549;201.4;270.0;270.0;175.0
122.0;1.8791;1.8567;0.3544;0.0000;353;343;-0.1808;3.8550;0.0000;0.0111;3.7542;202.4;270.0;270.0;174.7
122.5;1.8878;1.8663;0.0124;0.0000;345;357;-0.0831;4.7786;0.0000;0.0111;4.5538;202.2;270.0;270.0;174.5
123.0;1.8965;1.8755;0.0220;0.0000;353;363;-0.0049;5.7405;0.0000;0.0111;5.3534;203.0;270.0;270.0;174.2
123.5;1.9048;1.8851;-0.3049;0.0000;347;376;0.0049;6.7099;0.0000;0.0111;6.1530;201.9;270.0;270.0;174.5
124.0;1.9139;1.8951;-0.3228;0.0000;353;382;0.0049;7.7557;0.0000;0.0111;7.7522;201.4;270.0;270.0;174.2
124.5;1.9226;1.9048;-0.3571;0.0000;355;384;-0.0733;8.6794;0.0000;-0.0109;8.5518;201.6;270.0;270.0;175.0
125.0;1.9327;1.9148;-0.3255;0.0000;361;388;-0.0733;9.6794;0.0000;-0.0109;9.3514;203.8;270.0;270.0;175.2
125.5;1.9418;1.9249;-0.2953;0.0000;367;390;-0.1515;10.6489;0.0000;-0.0328;10.1510;202.4;270.0;270.0;174.7
126.0;1.9528;1.9354;-0.1593;0.0000;376;394;-0.0831;11.7328;0.0000;-0.0328;10.9506;201.4;270.0;270.0;174.5
126.5;1.9638;1.9460;-0.0343;0.0000;384;394;-0.0831;12.7328;0.0000;-0.0328;12.5499;203.2;270.0;270.0;174.7
127.0;1.9757;1.9565;-0.2569;0.0000;382;402;-0.1613;13.7786;0.0000;-0.0328;13.3495;202.7;270.0;270.0;175.0
127.5;1.9886;1.9675;-0.1964;0.0000;390;406;-0.0831;14.8702;0.0000;-0.0328;14.1491;203.0;270.0;270.0;174.5
128.0;2.0023;1.9785;-0.5549;0.0000;380;417;-0.0635;15.9542;0.0000;-0.0548;15.7483;202.4;270.0;270.0;174.5
128.5;2.0160;1.9899;-0.4725;0.0000;388;419;-0.0635;17.0382;-0.0076;-0.0768;16.5479;200.8;270.0;270.0;174.5
129.0;2.0288;2.0009;-0.4821;0.0000;394;425;-0.0733;18.0382;-0.0076;-0.0768;17.3475;200.1;270.0;270.0;174.5
129.5;2.0408;2.0124;-0.3159;0.0000;400;423;-0.1515;19.0840;-0.0076;-0.0988;18.9467;199.3;270.0;270.0;174.2
130.0;2.0527;2.0243;-0.3585;0.0000;404;427;-0.1515;20.1298;-0.0076;-0.0988;19.7464;198.2;270.0;270.0;174.2
130.5;2.0646;2.0357;-0.4217;0.0000;408;435;-0.0733;21.2137;-0.0076;-0.1207;20.5460;197.2;270.0;270.0;173.1
131.0;2.0765;2.0476;-0.2473;0.0000;417;435;-0.1613;22.2595;-0.0153;-0.1207;22.1452;194.3;270.0;270.0;172.6
131.5;2.0893;2.0600;-0.3709;0.0000;419;443;-0.0733;23.3435;-0.0153;-0.1427;22.9448;192.9;270.0;270.0;172.9
132.0;2.1021;2.0723;-0.1387;0.0000;429;443;-0.0831;24.4351;-0.0153;-0.1427;23.7444;191.3;270.0;270.0;173.1
132.5;2.1149;2.0847;-0.4162;0.0000;423;453;0.0929;25.5191;-0.0229;-0.1427;25.3436;192.1;270.0;270.0;173.9
133.0;2.1282;2.0966;-0.4286;0.0000;421;453;0.0147;26.6412;-0.0229;-0.1647;26.1432;189.8;270.0;270.0;172.9
133.5;2.1410;2.1090;-0.6401;0.0000;415;460;0.0147;27.6870;-0.0229;-0.1867;26.9428;187.9;270.0;270.0;172.3
134.0;2.1534;2.1209;-0.7541;0.0000;408;458;0.1026;28.8550;-0.0305;-0.2086;28.5421;187.9;270.0;270.0;172.1
134.5;2.1653;2.1328;-0.6799;0.0000;406;457;0.0147;29.9771;-0.0305;-0.2306;29.3417;188.4;270.0;270.0;171.6
135.0;2.1772;2.1442;-0.6772;0.1497;345;509;0.1808;31.1069;-0.0382;-0.2526;30.9409;187.4;270.0;270.0;171.3
135.5;2.1891;2.1557;-0.7665;0.0742;419;427;0.1026;32.1908;-0.0458;-0.2746;31.7405;184.8;270.0;270.0;170.5
136.0;2.2019;2.1671;-0.9533;0.0742;384;457;0.1124;33.3511;-0.0458;-0.2965;33.3397;185.0;270.0;270.0;170.8
136.5;2.2147;2.1781;-0.6882;0.0742;386;445;0.1026;34.5191;-0.0534;-0.3185;34.1393;185.0;270.0;270.0;170.8
137.0;2.2276;2.1891;-0.8929;0.1250;359;466;0.0244;35.6412;-0.0611;-0.3405;34.9389;186.3;270.0;270.0;170.2
137.5;2.2399;2.2001;-0.7266;0.0989;386;431;0.0244;36.8473;-0.0687;-0.3624;36.5382;186.3;270.0;270.0;170.2
138.0;2.2518;2.2106;-0.7473;0.1745;345;464;0.1808;37.9771;-0.0763;-0.3844;37.3378;189.0;270.0;270.0;170.5
138.5;2.2642;2.2212;-0.7706;0.1992;359;447;0.1808;39.1832;-0.0840;-0.4064;38.9370;188.7;270.0;270.0;169.4
139.0;2.2752;2.2317;-0.8736;0.2239;353;449;0.0244;40.3053;-0.0916;-0.4284;39.7366;188.7;270.0;270.0;168.4
139.5;2.2857;2.2418;-0.7349;0.2500;351;441;0.1026;41.4733;-0.0992;-0.4503;41.3358;190.0;270.0;270.0;168.1
140.0;2.2967;2.2518;-0.4313;0.3489;327;460;0.0929;42.6412;-0.1069;-0.4503;42.1354;192.1;270.0;270.0;166.8
140.5;2.3068;2.2619;-0.2912;0.3997;343;439;0.0831;43.8015;-0.1145;-0.4723;43.7346;194.0;270.0;270.0;165.5
141.0;2.3164;2.2715;-0.0082;0.5000;327;447;0.0733;44.9695;-0.1298;-0.4723;44.5343;195.6;270.0;270.0;164.2
141.5;2.3265;2.2811;-0.1841;0.5247;345;425;0.0049;46.1756;-0.1374;-0.4723;46.1335;195.8;270.0;270.0;162.8
142.0;2.3375;2.2908;0.0192;0.5742;337;427;0.1515;47.4580;-0.1450;-0.4723;46.9331;197.4;270.0;270.0;162.3
142.5;2.3484;2.2999;-0.1099;0.6497;318;439;0.2395;48.6260;-0.1527;-0.4723;48.5323;198.7;270.0;270.0;160.7
143.0;2.3599;2.3091;0.1085;0.7747;300;451;0.0733;49.8702;-0.1679;-0.4723;49.3319;201.6;270.0;270.0;158.6
143.5;2.3695;2.3178;0.3283;0.7995;337;408;0.0635;51.0382;-0.1756;-0.4723;50.9311;200.6;270.0;270.0;156.8
144.0;2.3787;2.3269;0.5165;0.8750;320;419;0.0538;52.2061;-0.1832;-0.4503;51.7307;203.0;270.0;270.0;155.5
144.5;2.3883;2.3356;0.6305;0.8997;335;396;0.0538;53.4504;-0.1908;-0.4284;53.3300;203.0;270.0;270.0;154.7
145.0;2.3974;2.3439;0.6607;0.9245;329;392;0.0538;54.6107;-0.1985;-0.4064;54.1296;204.0;270.0;270.0;154.9
145.5;2.4057;2.3521;1.0769;0.9492;337;376;0.1222;55.8168;-0.2061;-0.3844;55.7288;203.5;270.0;270.0;153.9
146.0;2.4148;2.3603;1.0989;0.9492;343;367;0.0342;57.0687;-0.2137;-0.3405;56.5284;204.5;270.0;270.0;154.4
146.5;2.4240;2.3686;1.2843;0.9492;345;357;0.0342;58.3130;-0.2214;-0.3185;58.1276;203.5;270.0;270.0;153.9
147.0;2.4318;2.3764;1.2898;0.9739;331;361;-0.0538;59.5191;-0.2290;-0.2746;58.9272;207.2;270.0;270.0;155.7
147.5;2.4391;2.3842;1.4011;0.9739;337;345;0.0244;60.7634;-0.2366;-0.2306;60.5265;207.2;270.0;270.0;156.8
148.0;2.4469;2.3915;1.5357;0.8997;367;314;0.0244;62.0076;-0.2366;-0.1867;61.3261;205.6;270.0;270.0;158.1
148.5;2.4547;2.3993;1.7074;0.8997;343;331;0.0147;63.2519;-0.2443;-0.1427;62.9253;206.9;270.0;270.0;158.6
149.0;2.4615;2.4061;1.6635;0.8489;357;310;-0.0635;64.4580;-0.2443;-0.0988;63.7249;207.4;270.0;270.0;161.5
149.5;2.4693;2.4135;1.2747;0.7500;365;298;0.0342;65.7099;-0.2443;-0.0548;65.3241;204.8;270.0;270.0;162.3
150.0;2.4762;2.4203;1.3681;0.7239;339;320;0.0244;66.9542;-0.2443;-0.0109;66.9233;204.5;270.0;270.0;163.6
150.5;2.4831;2.4272;1.0920;0.7239;322;329;0.0342;68.1985;-0.2443;0.0111;67.7229;206.9;270.0;270.0;165.5
151.0;2.4895;2.4336;1.2335;0.6745;341;308;0.0342;69.4427;-0.2443;0.0551;69.3222;206.1;270.0;270.0;166.8
151.5;2.4959;2.4400;1.1058;0.6745;320;326;-0.0440;70.7328;-0.2443;0.0770;70.1218;206.7;270.0;270.0;167.6
152.0;2.5014;2.4464;1.2198;0.6250;337;298;-0.0440;71.9389;-0.2443;0.1210;71.7210;204.8;270.0;270.0;167.9
152.5;2.5060;2.4528;1.0975;0.5742;335;300;-0.0440;73.2214;-0.2366;0.1430;72.5206;204.5;270.0;270.0;169.4
153.0;2.5105;2.4588;1.0027;0.5495;322;308;-0.0440;74.4275;-0.2366;0.1649;74.1198;204.3;270.0;270.0;170.0
153.5;2.5151;2.4647;1.0687;0.5247;324;302;-0.1222;75.6718;-0.2290;0.2089;74.9194;203.8;270.0;270.0;170.2
154.0;2.5197;2.4702;0.9629;0.5000;322;302;-0.0342;76.9618;-0.2290;0.2308;76.5187;202.4;270.0;270.0;170.2
154.5;2.5243;2.4757;0.9533;0.5000;310;308;-0.0342;78.2443;-0.2214;0.2528;78.1179;203.0;270.0;270.0;171.0
155.0;2.5293;2.4812;0.6717;0.5247;292;324;-0.1124;79.4885;-0.2137;0.2748;78.9175;203.8;270.0;270.0;171.0
155.5;2.5348;2.4863;0.7967;0.5000;312;298;-0.1124;80.8168;-0.2061;0.2968;80.5167;204.5;270.0;270.0;172.3
156.0;2.5403;2.4913;0.6552;0.5742;269;333;-0.1124;82.0611;-0.1985;0.3187;81.3163;205.3;270.0;270.0;171.3
156.5;2.5458;2.4963;0.7651;0.5495;304;294;-0.0342;83.3511;-0.1908;0.3407;82.9155;204.8;270.0;270.0;171.0
157.0;2.5499;2.5009;0.7074;0.4739;320;275;-0.1124;84.5954;-0.1832;0.3627;84.5147;203.0;270.0;270.0;171.6
157.5;2.5540;2.5055;0.5234;0.5000;279;310;-0.0244;85.8855;-0.1756;0.3847;85.3144;203.2;270.0;270.0;171.8
158.0;2.5586;2.5101;0.4423;0.5000;281;300;-0.1026;87.2061;-0.1679;0.3847;86.9136;204.3;270.0;270.0;172.3
158.5;2.5632;2.5142;0.3901;0.4739;284;288;-0.1026;88.4504;-0.1603;0.4066;87.7132;202.7;270.0;270.0;171.8
159.0;2.5673;2.5183;0.6635;0.5000;273;294;-0.1124;89.7786;-0.1450;0.4286;89.3124;203.8;270.0;270.0;171.3
159.5;2.5714;2.5224;0.4863;0.4739;283;279;-0.1026;91.0229;-0.1374;0.4286;90.9116;203.0;270.0;270.0;171.8
160.0;2.5765;2.5261;0.6992;0.4739;277;277;-0.1906;92.3893;-0.1298;0.4506;91.7112;203.0;270.0;270.0;171.8
160.5;2.5801;2.5298;0.5082;0.4739;271;281;-0.0244;93.6794;-0.1145;0.4726;93.3105;203.0;270.0;270.0;171.8
161.0;2.5833;2.5334;0.5055;0.4739;267;277;-0.1026;94.9237;-0.1069;0.4945;94.9097;202.7;270.0;270.0;171.8
161.5;2.5852;2.5366;0.3269;0.4492;269;271;-0.0929;96.1679;-0.0992;0.4945;95.7093;201.6;270.0;270.0;171.8
162.0;2.5870;2.5398;0.4712;0.4739;253;281;-0.1026;97.4198;-0.0840;0.5165;97.3085;203.5;270.0;270.0;172.6
162.5;2.5893;2.5430;0.4464;0.4739;257;271;-0.0244;98.7863;-0.0687;0.5165;98.1081;203.8;270.0;270.0;172.6
163.0;2.5916;2.5458;0.3654;0.4739;255;271;-0.0147;100.0687;-0.0611;0.5385;99.7073;203.0;270.0;270.0;172.1
163.5;2.5929;2.5485;0.4162;0.4492;265;261;-0.1026;101.3969;-0.0458;0.5385;101.3066;202.2;270.0;270.0;171.8
164.0;2.5934;2.5513;0.3159;0.4739;241;277;-0.0147;102.6794;-0.0382;0.5605;102.1062;202.4;270.0;270.0;172.1
164.5;2.5943;2.5536;0.6071;0.4245;273;241;-0.0244;103.9695;-0.0229;0.5605;103.7054;201.6;270.0;270.0;172.3
165.0;2.5952;2.5559;0.4203;0.4739;232;279;-0.0244;105.2519;-0.0076;0.5824;104.5050;203.5;270.0;270.0;173.1
165.5;2.5952;2.5582;0.5316;0.4739;249;257;-0.0244;106.4580;0.0076;0.6044;106.1042;203.2;270.0;270.0;172.6
166.0;2.5952;2.5600;0.3448;0.4492;251;253;0.0635;107.7863;0.0153;0.6044;107.7034;202.4;270.0;270.0;172.3
166.5;2.5952;2.5618;0.3832;0.4492;241;259;0.0635;109.0305;0.0305;0.6264;108.5030;202.4;270.0;270.0;172.6
167.0;2.5952;2.5632;0.4231;0.4739;232;267;0.0635;110.3588;0.0458;0.6264;110.1023;204.0;270.0;270.0;172.3
167.5;2.5957;2.5646;0.4231;0.4245;255;238;0.1417;111.6412;0.0611;0.6484;110.9019;201.6;270.0;270.0;172.6
168.0;2.5962;2.5659;0.4368;0.4492;228;261;0.0635;112.9695;0.0763;0.6484;112.5011;202.7;270.0;270.0;172.6
168.5;2.5966;2.5673;0.3022;0.4739;222;265;-0.0147;114.2519;0.0916;0.6703;114.1003;204.3;270.0;270.0;173.1
169.0;2.5971;2.5682;0.2582;0.4739;226;255;0.0635;115.5802;0.1069;0.6703;114.8999;204.0;270.0;270.0;172.6
169.5;2.5971;2.5691;0.2514;0.4492;230;243;0.0635;116.8244;0.1221;0.6703;116.4991;202.7;270.0;270.0;172.3
170.0;2.5971;2.5696;0.4148;0.4245;232;236;-0.0147;118.1145;0.1374;0.6923;118.0984;202.4;270.0;270.0;173.1
170.5;2.5975;2.5701;0.1896;0.4245;214;245;0.0733;119.4427;0.1527;0.6923;118.8980;203.0;270.0;270.0;173.7
171.0;2.5975;2.5705;0.3723;0.4245;216;239;0.0635;120.6870;0.1679;0.7143;120.4972;201.6;270.0;270.0;172.9
171.5;2.5980;2.5710;0.0522;0.4492;196;253;-0.0049;122.0534;0.1832;0.7143;121.2968;203.0;270.0;270.0;172.6
172.0;2.5980;2.5710;0.2788;0.4492;208;238;0.0635;123.2977;0.1985;0.7143;122.8960;203.0;270.0;270.0;172.6
172.5;2.5989;2.5710;0.4464;0.5000;193;247;0.0635;124.6260;0.2214;0.7363;124.4952;204.8;270.0;270.0;173.1
173.0;2.5980;2.5705;0.5797;0.4739;218;218;0.0538;125.8702;0.2366;0.7363;125.2948;203.8;270.0;270.0;173.1
173.5;2.5975;2.5701;0.5879;0.4492;216;214;0.1320;127.2366;0.2519;0.7582;126.8941;203.2;270.0;270.0;173.4
174.0;2.5975;2.5696;0.4327;0.4492;200;224;0.0635;128.5649;0.2748;0.7802;128.4933;203.2;270.0;270.0;173.1
174.5;2.5975;2.5687;0.6401;0.4492;204;218;-0.0244;129.8473;0.2901;0.8022;129.2929;203.0;270.0;270.0;172.6
175.0;2.5966;2.5682;0.5192;0.4245;206;208;0.0538;131.1756;0.3053;0.8022;130.8921;201.9;270.0;270.0;173.1
175.5;2.5962;2.5668;0.7212;0.4245;202;210;0.1320;132.4580;0.3282;0.8241;131.6917;201.4;270.0;270.0;172.9
176.0;2.5943;2.5659;0.4821;0.3489;218;187;0.1417;133.7481;0.3435;0.8461;133.2909;200.1;270.0;270.0;173.1
176.5;2.5920;2.5646;0.7912;0.4245;175;228;0.0440;134.9924;0.3664;0.8681;134.8902;201.4;270.0;270.0;173.1
177.0;2.5902;2.5627;0.5810;0.3997;200;198;0.0538;136.3206;0.3817;0.8901;135.6898;200.3;270.0;270.0;172.6
177.5;2.5879;2.5614;0.7266;0.3997;193;200;0.0538;137.5649;0.4046;0.9120;137.2890;200.6;270.0;270.0;172.9
178.0;2.5847;2.5595;0.8997;0.3750;204;187;-0.0342;138.8473;0.4275;0.9340;138.0886;200.1;270.0;270.0;172.6
178.5;2.5820;2.5577;1.0371;0.3489;206;179;0.0440;140.0916;0.4427;0.9560;139.6878;199.8;270.0;270.0;173.4
179.0;2.5774;2.5554;1.0041;0.3750;189;196;-0.0440;141.2977;0.4656;0.9780;141.2870;200.6;270.0;270.0;173.1
179.5;2.5723;2.5531;0.8695;0.3489;200;181;-0.1124;142.5496;0.4886;0.9999;142.0867;199.8;270.0;270.0;173.7
180.0;2.5673;2.5508;1.0577;0.3489;196;183;-0.0440;143.7481;0.5115;1.0439;143.6859;199.5;270.0;270.0;173.7
180.5;2.5614;2.5481;0.8132;0.3489;191;189;0.0440;145.0000;0.5344;1.0659;144.4855;199.5;270.0;270.0;173.9
181.0;2.5554;2.5453;1.0865;0.3242;204;171;0.0342;146.1603;0.5573;1.0878;146.0847;199.0;270.0;270.0;173.7
181.5;2.5495;2.5426;0.8049;0.3242;189;187;0.0440;147.4046;0.5802;1.1098;146.8843;198.5;270.0;270.0;173.7
182.0;2.5430;2.5394;0.7816;0.3242;187;185;-0.0342;148.6107;0.6031;1.1318;148.4835;199.5;270.0;270.0;174.7
182.5;2.5366;2.5362;0.6607;0.3242;185;189;0.0538;149.8626;0.6260;1.1538;149.2831;200.3;270.0;270.0;175.5
183.0;2.5302;2.5330;0.7088;0.3489;177;195;0.0538;151.1069;0.6565;1.1757;150.8824;200.6;270.0;270.0;175.2
183.5;2.5243;2.5293;0.7679;0.2747;210;159;0.1320;152.3130;0.6794;1.1977;151.6820;198.5;270.0;270.0;175.8
184.0;2.5188;2.5256;0.6085;0.2995;173;195;0.0538;153.5573;0.7099;1.2197;153.2812;198.7;270.0;270.0;175.0
184.5;2.5124;2.5215;0.7266;0.2995;183;183;0.0538;154.8015;0.7328;1.2417;154.0808;199.0;270.0;270.0;174.7
185.0;2.5060;2.5179;0.5797;0.3489;161;202;-0.0244;156.0840;0.7634;1.2636;155.6800;200.3;270.0;270.0;175.0
185.5;2.5000;2.5137;0.9464;0.2995;204;159;-0.0342;157.2901;0.7863;1.2856;157.2792;198.5;270.0;270.0;174.7
186.0;2.4940;2.5092;0.8324;0.2995;183;177;-0.0342;158.5802;0.8168;1.3076;158.0788;199.3;270.0;270.0;175.8
186.5;2.4876;2.5046;1.0398;0.2995;189;169;0.0342;159.8244;0.8473;1.3295;159.6781;199.8;270.0;270.0;175.8
187.0;2.4821;2.5000;0.9986;0.2995;187;169;-0.1222;161.0687;0.8779;1.3735;160.4777;199.5;270.0;270.0;175.8
187.5;2.4766;2.4954;0.9657;0.2747;193;157;-0.1222;162.3130;0.9084;1.3955;162.0769;198.7;270.0;270.0;175.5
188.0;2.4721;2.4904;0.8585;0.2500;189;157;-0.1124;163.5573;0.9389;1.4174;162.8765;197.7;270.0;270.0;175.5
188.5;2.4675;2.4853;0.9643;0.1992;198;144;-0.1222;164.8092;0.9695;1.4394;164.4757;195.8;270.0;270.0;175.5
189.0;2.4625;2.4799;1.1181;0.2500;167;169;-0.1222;166.0534;1.0000;1.4834;165.2753;197.4;270.0;270.0;175.8
189.5;2.4574;2.4748;0.9148;0.2239;187;148;-0.2004;167.3359;1.0382;1.5053;166.8746;197.4;270.0;270.0;176.3
190.0;2.4528;2.4693;1.0371;0.1992;187;140;-0.1222;168.5802;1.0687;1.5273;168.4738;197.2;270.0;270.0;176.3
190.5;2.4487;2.4634;0.9011;0.2239;163;155;-0.1124;169.8321;1.0992;1.5493;169.2734;196.9;270.0;270.0;176.0
191.0;2.4432;2.4574;0.9080;0.1497;196;120;-0.0342;171.0305;1.1374;1.5932;170.8726;196.1;270.0;270.0;177.6
191.5;2.4377;2.4515;0.8022;0.2239;140;167;-0.1124;172.2824;1.1679;1.6152;171.6722;197.7;270.0;270.0;177.1
192.0;2.4318;2.4455;0.8571;0.1992;171;132;-0.1124;173.5267;1.2061;1.6372;173.2714;197.7;270.0;270.0;177.4
192.5;2.4254;2.4391;0.6470;0.1745;163;134;-0.1026;174.6870;1.2366;1.6592;174.0710;195.6;270.0;270.0;177.1
193.0;2.4185;2.4322;0.5673;0.1497;159;130;-0.1026;175.9313;1.2748;1.6592;175.6703;194.8;270.0;270.0;176.8
193.5;2.4112;2.4258;0.5646;0.1992;134;153;-0.1026;177.0992;1.3130;1.6811;176.4699;196.6;270.0;270.0;176.8
194.0;2.4043;2.4190;0.4533;0.1992;144;138;-0.0244;178.3053;1.3435;1.7031;178.0691;197.7;270.0;270.0;177.4
194.5;2.3974;2.4121;0.4547;0.1992;140;136;-0.0244;179.5115;1.3817;1.7031;178.8687;197.4;270.0;270.0;177.6
195.0;2.3910;2.4048;0.2734;0.1497;150;120;-0.0929;180.7557;1.4198;1.7251;180.4679;195.8;270.0;270.0;177.6
195.5;2.3842;2.3974;0.2857;0.1745;122;142;-0.0147;181.9618;1.4580;1.7251;181.2675;196.9;270.0;270.0;177.4
196.0;2.3773;2.3901;0.2843;0.1745;128;132;-0.0147;183.1679;1.4962;1.7251;182.8667;196.9;270.0;270.0;177.6
196.5;2.3704;2.3828;0.3874;0.1745;126;126;-0.0147;184.3741;1.5267;1.7471;183.6664;197.2;270.0;270.0;177.6
197.0;2.3631;2.3750;0.3984;0.1250;142;107;0.0635;185.5343;1.5649;1.7471;185.2656;194.8;270.0;270.0;178.2
197.5;2.3549;2.3668;0.5302;0.1250;126;116;0.0538;186.7023;1.6031;1.7690;186.0652;195.3;270.0;270.0;178.4
198.0;2.3457;2.3590;0.4148;0.1745;103;134;-0.0147;187.8244;1.6336;1.7910;187.6644;196.9;270.0;270.0;177.6
198.5;2.3365;2.3507;0.3420;0.1745;114;118;0.0635;188.9924;1.6718;1.7910;188.4640;196.4;270.0;270.0;177.6
199.0;2.3278;2.3425;0.4670;0.1250;132;97;0.0635;190.1527;1.7099;1.8130;190.0632;194.3;270.0;270.0;177.9
199.5;2.3201;2.3338;0.3805;0.1745;95;128;0.0635;191.3206;1.7481;1.8130;190.8629;196.6;270.0;270.0;177.6
200.0;2.3109;2.3251;0.3269;0.0989;130;87;0.1417;192.4427;1.7863;1.8350;192.4621;194.8;270.0;270.0;178.4
200.5;2.3017;2.3164;0.3736;0.1497;89;124;0.0635;193.6107;1.8244;1.8350;193.2617;195.6;270.0;270.0;178.2
201.0;2.2926;2.3072;0.3448;0.0742;124;81;0.0635;194.7786;1.8626;1.8569;194.0613;194.0;270.0;270.0;178.9
201.5;2.2843;2.2981;0.3530;0.0742;99;101;-0.0147;195.9008;1.8931;1.8569;195.6605;193.2;270.0;270.0;178.7
202.0;2.2743;2.2889;0.4011;0.0989;89;105;0.0635;197.0611;1.9313;1.8789;196.4601;192.1;270.0;270.0;178.2
202.5;2.2642;2.2793;0.4657;0.0495;112;75;-0.0244;198.1908;1.9695;1.8789;198.0593;191.6;270.0;270.0;178.4
203.0;2.2541;2.2697;0.3434;0.0000;109;75;0.0635;199.3512;2.0076;1.9009;198.8589;190.0;270.0;270.0;178.7
203.5;2.2445;2.2601;0.3654;0.0247;81;97;0.1417;200.4809;2.0458;1.9009;200.4582;191.3;270.0;270.0;179.5
204.0;2.2344;2.2500;0.3049;0.0000;93;79;0.0635;201.6412;2.0840;1.9228;201.2578;189.8;270.0;270.0;178.9
204.5;2.2248;2.2399;0.1346;-0.0508;95;71;0.0733;202.8092;2.1221;1.9228;202.0574;187.4;270.0;270.0;178.4
205.0;2.2152;2.2294;0.0687;-0.0755;81;77;0.1515;203.9313;2.1603;1.9228;203.6566;186.6;270.0;270.0;178.7
205.5;2.2056;2.2193;-0.1071;-0.1250;83;69;0.0831;205.0992;2.2061;1.9228;204.4562;185.0;270.0;270.0;178.4
206.0;2.1964;2.2088;0.0302;-0.1250;67;79;0.0733;206.1832;2.2366;1.9228;206.0554;184.8;270.0;270.0;178.4
206.5;2.1873;2.1978;0.0920;-0.1758;83;58;0.0733;207.3512;2.2748;1.9228;206.8550;184.0;270.0;270.0;179.5
207.0;2.1786;2.1868;0.2459;-0.2005;77;56;-0.0147;208.4733;2.3130;1.9228;208.4543;183.2;270.0;270.0;179.5
207.5;2.1699;2.1758;0.0756;-0.2005;62;64;-0.0049;209.5954;2.3511;1.9228;209.2539;181.3;270.0;270.0;178.9
208.0;2.1607;2.1648;0.0069;-0.2005;56;62;0.0733;210.6794;2.3893;1.9228;210.0535;180.5;270.0;270.0;177.9
208.5;2.1520;2.1534;0.0357;-0.2761;77;30;0.0733;211.7634;2.4275;1.9228;211.6527;178.2;270.0;270.0;177.4
209.0;2.1415;2.1419;-0.0096;-0.3008;58;44;0.0733;212.8473;2.4656;1.9228;212.4523;176.8;270.0;270.0;177.4
209.5;2.1300;2.1305;0.0797;-0.2761;38;54;0.0733;213.8550;2.4962;1.9228;213.2519;177.1;270.0;270.0;176.3
210.0;2.1186;2.1186;-0.0330;-0.2500;36;58;-0.0049;214.9008;2.5344;1.9228;214.8512;176.8;270.0;270.0;175.5
210.5;2.1071;2.1076;0.0481;-0.2253;40;58;-0.0049;215.9466;2.5725;1.9228;215.6508;175.5;270.0;270.0;174.2
211.0;2.0966;2.0962;0.0495;-0.2253;50;50;0.0733;217.0305;2.6031;1.9228;216.4504;174.5;270.0;270.0;172.9
211.5;2.0842;2.0852;0.1635;-0.2500;62;38;0.0733;218.0305;2.6412;1.9448;218.0496;173.7;270.0;270.0;172.3
212.0;2.0719;2.0742;0.2953;-0.1511;24;79;0.0635;219.0382;2.6718;1.9448;218.8492;175.5;270.0;270.0;170.5
212.5;2.0591;2.0636;0.3887;-0.1511;62;48;-0.0147;220.0000;2.7099;1.9668;219.6488;174.2;270.0;270.0;168.9
213.0;2.0453;2.0531;0.3736;-0.1003;46;67;-0.0147;220.9618;2.7405;1.9668;220.4484;174.7;270.0;270.0;167.9
213.5;2.0325;2.0426;0.3324;-0.0755;56;64;0.0635;221.9695;2.7786;1.9888;221.2480;175.2;270.0;270.0;166.3
214.0;2.0197;2.0325;0.5536;-0.0261;54;69;-0.0244;222.9313;2.8092;1.9888;222.8472;174.7;270.0;270.0;165.0
214.5;2.0078;2.0224;0.5701;-0.0261;71;56;0.0538;223.9389;2.8473;2.0107;223.6469;177.9;270.0;270.0;164.4
215.0;1.9950;2.0124;0.7033;0.0742;44;89;0.0538;224.8626;2.8779;2.0327;224.4465;177.6;270.0;270.0;164.2
215.5;1.9817;2.0027;0.8118;0.1250;64;73;0.0440;225.7863;2.9084;2.0547;225.2461;179.2;270.0;270.0;163.1
216.0;1.9698;1.9931;0.9341;0.0989;93;52;0.1222;226.7481;2.9466;2.0767;226.0457;177.9;270.0;270.0;162.6
216.5;1.9579;1.9835;0.9629;0.1497;71;77;-0.0440;227.7099;2.9771;2.0986;227.6449;178.7;270.0;270.0;161.8
217.0;1.9460;1.9744;1.1374;0.0000;146;11;0.0342;228.6336;3.0153;2.1426;228.4445;179.2;270.0;270.0;161.5
217.5;1.9345;1.9652;1.1085;0.0000;101;60;0.0342;229.5573;3.0534;2.1646;229.2441;180.3;270.0;270.0;162.1
218.0;1.9231;1.9560;1.0096;0.0000;101;65;0.0440;230.4809;3.0840;2.2085;230.0437;181.1;270.0;270.0;162.3
218.5;1.9112;1.9473;0.9959;0.0000;105;67;-0.0440;231.3664;3.1221;2.2305;230.8433;181.1;270.0;270.0;163.1
219.0;1.8997;1.9386;0.7885;0.0000;101;75;-0.0342;232.3282;3.1603;2.2525;231.6429;181.6;270.0;270.0;166.3
219.5;1.8892;1.9299;0.7486;0.0000;103;79;0.0538;233.2519;3.1908;2.2744;233.2422;182.1;270.0;270.0;168.7
220.0;1.8800;1.9217;0.6552;0.0000;105;85;-0.0244;234.2214;3.2366;2.2964;234.0418;182.1;270.0;270.0;172.1
220.5;1.8709;1.9135;0.5563;0.0000;105;89;0.0538;235.1450;3.2672;2.3184;234.8414;183.4;270.0;270.0;176.8
221.0;1.8613;1.9052;0.4574;0.0000;105;93;0.0635;236.0687;3.3053;2.3184;235.6410;185.0;270.0;270.0;180.8
221.5;1.8521;1.8974;0.3874;0.0000;107;97;-0.1026;236.9924;3.3435;2.3404;236.4406;185.5;270.0;270.0;185.8
222.0;1.8434;1.8897;0.3516;0.0000;109;99;-0.0147;237.9542;3.3817;2.3404;237.2402;186.1;270.0;270.0;191.3
222.5;1.8352;1.8819;0.3022;0.0000;109;103;-0.0929;238.8779;3.4198;2.3623;238.8394;186.9;270.0;270.0;197.4
223.0;1.8269;1.8745;0.3915;0.0000;114;103;-0.0147;239.7557;3.4580;2.3623;239.6391;186.9;270.0;270.0;203.8
223.5;1.8187;1.8672;0.2981;0.0000;114;105;-0.0929;240.6794;3.4962;2.3623;240.4387;187.7;270.0;270.0;211.4
224.0;1.8109;1.8603;0.3159;0.0000;116;107;-0.0147;241.5649;3.5344;2.3843;243.6371;189.5;270.0;270.0;220.1
224.5;1.8049;1.8535;0.2885;0.0000;118;109;-0.1711;242.5267;3.5725;2.3843;244.4367;189.2;270.0;270.0;229.9
225.0;1.7972;1.8466;0.2473;0.0000;118;110;-0.0929;243.3741;3.6107;2.4063;245.2363;188.2;270.0;270.0;241.0
225.5;1.7903;1.8397;0.2871;0.0000;122;110;-0.0929;244.2977;3.6489;2.4063;246.0359;187.9;270.0;270.0;255.0
226.0;1.7839;1.8333;0.3736;0.0000;126;110;-0.1026;245.2214;3.6870;2.4063;247.6351;189.5;270.0;270.0;270.0
226.5;1.7788;1.8269;0.3091;0.0000;126;112;-0.0929;246.1450;3.7252;2.4282;248.4348;189.2;270.0;270.0;270.0
227.0;1.7738;1.8210;0.2857;0.0000;126;114;-0.0929;247.0687;3.7710;2.4282;249.2344;188.7;270.0;270.0;270.0
227.5;1.7679;1.8146;0.3901;0.0000;132;112;-0.1026;247.9084;3.8015;2.4502;250.0340;187.9;270.0;270.0;270.0
228.0;1.7624;1.8091;0.2898;0.0000;130;116;-0.0929;248.8321;3.8397;2.4502;250.8336;187.9;270.0;270.0;270.0
228.5;1.7569;1.8031;0.3571;0.0000;134;116;-0.1808;249.7176;3.8779;2.4722;251.6332;187.7;270.0;270.0;270.0
229.0;1.7505;1.7976;0.3146;0.0000;136;118;-0.0929;250.2672;3.9237;2.4722;252.4328;188.7;270.0;270.0;270.0
229.5;1.7440;1.7921;0.2610;0.0000;136;120;-0.0929;250.2672;3.9542;2.4722;253.2324;189.2;270.0;270.0;270.0
230.0;1.7372;1.7871;0.1181;0.0000;136;128;-0.0929;250.2672;4.0000;2.4722;254.8316;188.4;270.0;270.0;270.0
230.5;1.7312;1.7821;0.1016;0.0000;138;130;-0.0049;250.2672;4.0382;2.4942;255.6312;189.2;270.0;270.0;270.0
231.0;1.7262;1.7770;-0.0206;0.0000;138;136;-0.1613;250.2672;4.0763;2.4942;256.4308;188.7;270.0;270.0;270.0
231.5;1.7212;1.7720;-0.0316;0.0000;140;138;-0.0049;250.2672;4.1145;2.4722;257.2305;188.2;270.0;270.0;270.0
232.0;1.7157;1.7674;0.0261;0.0000;142;138;-0.0831;250.2672;4.1527;2.4942;258.0301;190.0;270.0;270.0;270.0
232.5;1.7111;1.7628;-0.0687;0.0000;142;144;-0.0831;250.2672;4.1908;2.4722;258.8297;189.8;270.0;270.0;270.0
233.0;1.7074;1.7587;0.0728;0.0000;148;142;-0.0049;250.2672;4.2290;2.4942;259.6293;189.2;270.0;270.0;270.0
233.5;1.7042;1.7546;0.0948;0.0000;150;144;-0.0049;250.2672;4.2672;2.4942;260.4289;187.9;270.0;270.0;270.0
234.0;1.7015;1.7505;0.0893;0.0000;150;144;-0.0929;250.2672;4.3053;2.4942;261.2285;189.0;270.0;270.0;270.0
234.5;1.6992;1.7468;0.0756;0.0000;152;146;-0.0049;250.2672;4.3435;2.4942;262.8277;188.2;270.0;270.0;270.0
235.0;1.6969;1.7431;0.0989;0.0000;152;146;-0.0049;250.2672;4.3817;2.4942;263.6273;188.2;270.0;270.0;270.0
235.5;1.6955;1.7395;0.0082;0.0000;152;150;-0.0049;250.2672;4.4198;2.4942;264.4269;189.8;270.0;270.0;270.0
236.0;1.6937;1.7363;0.0756;0.0000;153;150;-0.0049;250.2672;4.4656;2.4942;265.2266;189.5;270.0;270.0;270.0
236.5;1.6918;1.7331;0.1154;0.0000;155;150;-0.0049;250.2672;4.5038;2.4942;266.0262;189.5;270.0;270.0;270.0
237.0;1.6900;1.7299;0.0371;0.0000;155;153;-0.0049;250.2672;4.5420;2.4942;266.8258;187.9;270.0;270.0;270.0
237.5;1.6882;1.7266;0.1429;0.0000;153;146;0.0733;250.2672;4.5802;2.5161;267.6254;187.9;270.0;270.0;270.0
238.0;1.6854;1.7234;0.1003;0.0000;153;148;-0.0049;250.2672;4.6183;2.5161;268.4250;188.7;270.0;270.0;270.0
238.5;1.6827;1.7207;0.0646;0.0000;153;152;0.0733;250.2672;4.6565;2.5161;269.2246;190.3;270.0;270.0;270.0
239.0;1.6813;1.7179;0.0385;0.0000;153;153;0.0733;250.2672;4.6947;2.5161;270.8238;189.2;270.0;270.0;270.0
239.5;1.6804;1.7152;0.0838;0.0000;155;153;-0.0049;250.2672;4.7328;2.5161;271.6234;190.3;270.0;270.0;270.0
240.0;1.6799;1.7129;-0.0055;0.0000;155;157;-0.0049;250.2672;4.7710;2.5161;272.4230;188.7;270.0;270.0;270.0
240.5;1.6799;1.7106;0.0082;0.0000;155;157;-0.0049;250.2672;4.8168;2.5161;273.2227;188.2;270.0;270.0;270.0
241.0;1.6790;1.7083;-0.0027;0.0000;155;159;0.0733;250.2672;4.8473;2.5161;274.0223;188.4;270.0;270.0;270.0
241.5;1.6777;1.7065;-0.0962;0.0000;155;163;0.0831;250.2672;4.8855;2.5161;274.8219;188.2;270.0;270.0;270.0
242.0;1.6767;1.7047;-0.0604;0.0000;157;163;0.0733;250.2672;4.9237;2.5161;275.6215;187.9;270.0;270.0;270.0
242.5;1.6758;1.7028;-0.1360;0.0000;155;167;0.0831;250.2672;4.9618;2.5161;276.4211;187.4;270.0;270.0;270.0
243.0;1.6745;1.7015;-0.1264;0.0000;157;171;-0.0049;250.2672;5.0000;2.4942;277.2207;187.4;270.0;270.0;270.0
243.5;1.6735;1.7001;-0.0975;0.0000;161;171;-0.0049;250.2672;5.0382;2.4942;278.0203;186.9;270.0;270.0;270.0
244.0;1.6735;1.6996;-0.0659;0.0000;175;183;-0.0049;250.2672;5.0763;2.4942;278.8199;188.2;270.0;270.0;270.0
244.5;1.6749;1.6996;-0.0288;0.0000;183;189;-0.0049;250.2672;5.1145;2.4942;279.6195;188.7;270.0;270.0;270.0
245.0;1.6754;1.6996;-0.0591;0.0000;181;189;0.0733;250.2672;5.1527;2.4942;281.2188;187.7;270.0;270.0;270.0
245.5;1.6767;1.6996;-0.0453;0.0000;181;187;-0.0049;250.2672;5.1908;2.4942;282.0184;187.4;270.0;270.0;270.0
246.0;1.6786;1.6996;-0.0769;0.0000;179;187;-0.0049;250.2672;5.2290;2.4942;282.8180;186.6;270.0;270.0;270.0
246.5;1.6813;1.6996;0.0137;0.0000;179;185;0.0733;250.2672;5.2748;2.4942;283.6176;186.9;270.0;270.0;270.0
247.0;1.6832;1.6996;-0.0618;0.0000;175;185;0.1613;250.2672;5.3130;2.4942;284.4172;187.4;270.0;270.0;270.0
247.5;1.6859;1.6996;-0.0591;0.0000;175;183;0.0733;250.2672;5.3511;2.4942;285.2168;188.4;270.0;270.0;270.0
248.0;1.6882;1.6996;-0.0343;0.0000;171;181;-0.0049;250.2672;5.3893;2.4942;286.0164;187.9;270.0;270.0;270.0
248.5;1.6900;1.6996;0.1030;0.0000;175;177;0.0733;250.2672;5.4275;2.4942;286.8160;187.9;270.0;270.0;270.0
249.0;1.6909;1.6996;0.0769;0.0000;171;175;-0.0049;250.2672;5.4656;2.4942;287.6156;187.1;270.0;270.0;270.0
249.5;1.6909;1.6996;0.1305;0.0000;171;171;0.0733;250.2672;5.5038;2.4942;288.4153;186.9;270.0;270.0;270.0
250.0;1.6905;1.6996;0.1126;0.0000;171;173;-0.0049;250.2672;5.5344;2.4942;290.0145;187.4;270.0;270.0;270.0
250.5;1.6909;1.6996;0.1415;0.0000;171;171;-0.0147;250.2672;5.5725;2.4942;290.8141;187.4;270.0;270.0;270.0
251.0;1.6918;1.6996;0.1374;0.0000;173;171;-0.0049;250.2672;5.6107;2.5161;291.6137;187.7;270.0;270.0;270.0
251.5;1.6932;1.6996;0.0082;0.0000;169;175;-0.0049;250.2672;5.6565;2.5161;292.4133;186.6;270.0;270.0;270.0
252.0;1.6941;1.6996;0.0192;0.0000;169;171;-0.0831;250.2672;5.6870;2.5161;293.2129;186.9;270.0;270.0;270.0
252.5;1.6951;1.6996;-0.0481;0.0000;167;175;-0.0049;250.2672;5.7252;2.5161;294.0125;185.8;270.0;270.0;270.0
253.0;1.6951;1.6996;0.0495;0.0000;169;169;-0.0049;250.2672;5.7634;2.5161;294.8121;188.7;270.0;270.0;270.0
253.5;1.6960;1.6996;-0.0357;0.0000;167;173;-0.0049;250.2672;5.8015;2.5161;295.6117;187.4;270.0;270.0;270.0
254.0;1.6969;1.6996;0.0165;0.0000;167;171;-0.0049;250.2672;5.8397;2.5161;296.4113;186.9;270.0;270.0;270.0
254.5;1.6973;1.6996;0.0536;0.0000;169;169;-0.0049;250.2672;5.8779;2.5161;297.2109;187.4;270.0;270.0;270.0
255.0;1.6969;1.6996;0.0673;0.0000;167;169;0.0733;250.2672;5.9160;2.5161;298.0106;187.4;270.0;270.0;270.0
255.5;1.6964;1.6996;0.1717;-0.0206;243;95;-0.0049;0.8015;0.0000;-0.0109;0.5557;187.9;270.0;270.0;270.0
256.0;1.6960;1.6996;0.1731;-0.0604;251;87;0.0733;1.6412;0.0000;-0.0109;1.3553;188.2;270.0;270.0;270.0
256.5;1.6960;1.6996;0.0975;-0.1209;259;81;-0.0049;2.5267;0.0000;-0.0109;2.1549;188.7;270.0;270.0;270.0
257.0;1.6955;1.6996;0.0124;-0.2005;265;75;-0.0049;3.3282;0.0000;-0.0109;2.9546;188.2;270.0;270.0;270.0
257.5;1.6941;1.6996;-0.0069;-0.3008;275;67;-0.0049;4.1374;0.0000;-0.0109;3.7542;187.7;270.0;270.0;270.0
258.0;1.6918;1.6996;-0.2102;-0.4203;281;62;-0.0733;4.9008;0.0000;-0.0109;4.5538;187.4;270.0;270.0;270.0
258.5;1.6896;1.6996;-0.2486;-0.5604;292;56;-0.0733;5.7405;0.0000;-0.0109;5.3534;186.3;270.0;270.0;270.0
259.0;1.6864;1.6996;-0.6662;-0.7212;245;105;0.0147;6.5496;0.0000;-0.0328;6.1530;186.3;270.0;270.0;270.0
259.5;1.6841;1.6996;-1.1484;-0.9011;245;107;-0.0440;7.3893;-0.0076;-0.0768;6.9526;186.3;270.0;270.0;270.0
260.0;1.6827;1.6996;-1.5467;-1.1003;249;105;-0.0342;8.2366;-0.0076;-0.1207;7.7522;186.3;270.0;270.0;270.0
260.5;1.6827;1.6996;-2.0082;-1.3201;247;105;0.0635;9.1221;-0.0076;-0.1647;8.5518;188.2;270.0;270.0;270.0
261.0;1.6822;1.6996;-2.3420;-1.5604;253;101;-0.0049;9.9618;-0.0076;-0.2306;9.3514;188.4;270.0;270.0;270.0
261.5;1.6827;1.6996;-2.6456;-1.8201;261;95;0.0049;10.8092;-0.0153;-0.3185;10.1510;191.6;270.0;270.0;270.0
262.0;1.6827;1.6996;-2.7788;-2.1003;271;83;0.0147;11.6489;-0.0229;-0.3844;10.9506;191.3;270.0;270.0;270.0
262.5;1.6818;1.6996;-3.0934;-2.4011;279;77;-0.0635;12.4580;-0.0229;-0.4723;11.7503;190.8;270.0;270.0;270.0
263.0;1.6809;1.6996;-3.1456;-2.7212;292;64;-0.0538;13.2595;-0.0305;-0.5602;12.5499;190.0;270.0;270.0;270.0
263.5;1.6804;1.6996;-3.2734;-3.0604;308;50;-0.1320;14.0992;-0.0382;-0.6701;13.3495;191.6;270.0;270.0;270.0
264.0;1.6804;1.6996;-3.3915;-3.4203;322;36;-0.0440;14.9847;-0.0534;-0.7580;14.9487;190.8;270.0;270.0;270.0
264.5;1.6804;1.6996;-3.4684;-3.8008;339;22;-0.1222;15.8321;-0.0611;-0.8679;15.7483;192.1;270.0;270.0;270.0
265.0;1.6809;1.6996;-3.8599;-4.2005;349;15;-0.1124;16.6718;-0.0763;-0.9777;16.5479;192.7;270.0;270.0;270.0
265.5;1.6813;1.6996;-4.2074;-4.6209;359;5;-0.0147;17.5573;-0.0916;-1.0876;17.3475;194.0;270.0;270.0;270.0
266.0;1.6809;1.6996;-4.6552;-5.0604;367;-3;-0.0831;18.4046;-0.1069;-1.2194;18.1471;195.0;270.0;270.0;270.0
266.5;1.6813;1.6996;-5.1882;-5.5206;374;-9;-0.1417;19.2901;-0.1298;-1.3733;18.9467;195.8;270.0;270.0;270.0
267.0;1.6822;1.6996;-5.8558;-6.0000;380;-11;-0.1222;20.1679;-0.1527;-1.5490;19.7464;197.9;270.0;270.0;270.0
267.5;1.6836;1.6996;-6.2843;-6.5000;388;-22;-0.0244;21.0916;-0.1756;-1.7248;20.5460;199.0;270.0;270.0;270.0
268.0;1.6850;1.6996;-6.9657;-7.0206;392;-26;-0.1613;21.9389;-0.2061;-1.9226;21.3456;199.5;270.0;270.0;270.0
268.5;1.6868;1.6996;-7.4492;-7.5604;402;-36;-0.1417;22.8626;-0.2366;-2.1423;22.1452;201.6;270.0;270.0;270.0
269.0;1.6891;1.6996;-7.8613;-8.1085;410;-48;-0.2102;23.8244;-0.2748;-2.3621;23.7444;202.4;270.0;270.0;270.0
269.5;1.6905;1.6996;-8.3104;-8.6429;412;-48;-0.1222;24.6718;-0.3130;-2.6038;24.5440;204.8;270.0;270.0;270.0
270.0;1.6923;1.6996;-8.8255;-9.1662;408;-48;-0.1711;25.5496;-0.3511;-2.8455;25.3436;207.2;270.0;270.0;270.0
270.5;1.6941;1.6996;-9.4547;-9.6758;402;-42;-0.2395;26.4733;-0.4046;-3.1092;26.1432;208.0;270.0;270.0;270.0
271.0;1.6969;1.6996;-10.0687;-10.1731;396;-38;-0.2102;27.3969;-0.4504;-3.4168;26.9428;210.6;270.0;270.0;270.0
271.5;1.7001;1.6996;-10.7115;-10.6580;386;-34;-0.2004;28.3206;-0.5114;-3.7245;27.7425;213.0;270.0;270.0;270.0
272.0;1.7042;1.6996;-11.2953;-11.1305;378;-30;-0.2493;29.2824;-0.5725;-4.0321;28.5421;218.5;270.0;270.0;270.0
272.5;1.7088;1.6996;-12.1305;-11.5907;363;-21;-0.1417;30.2061;-0.6412;-4.3837;30.1413;219.3;270.0;270.0;270.0
273.0;1.7120;1.6996;-12.8310;-12.0385;349;-15;-0.1906;31.0840;-0.7176;-4.7573;30.9409;222.0;270.0;270.0;270.0
273.5;1.7147;1.6996;-13.3695;-12.4725;341;-11;-0.0244;31.9695;-0.7939;-5.1528;31.7405;226.5;270.0;270.0;270.0
274.0;1.7175;1.6996;-13.9753;-12.8956;331;-5;-0.1711;32.8473;-0.8702;-5.5263;32.5401;228.8;270.0;270.0;270.0
274.5;1.7189;1.6996;-14.3997;-13.3063;326;-5;-0.1417;33.7252;-0.9618;-5.9438;33.3397;232.0;270.0;270.0;270.0
275.0;1.7207;1.6996;-14.6717;-13.7033;326;-7;-0.1417;34.6031;-1.0534;-6.3614;34.1393;235.2;270.0;270.0;270.0
275.5;1.7216;1.6996;-15.0398;-14.0879;322;-5;-0.1906;35.5267;-1.1603;-6.8008;34.9389;238.9;270.0;270.0;270.0
276.0;1.7234;1.6996;-15.4547;-14.4602;318;-3;-0.1222;36.4046;-1.2672;-7.2403;35.7386;242.6;270.0;270.0;270.0
276.5;1.7257;1.6996;-15.7308;-14.8201;318;-3;-0.1808;37.3206;-1.3893;-7.7018;37.3378;246.0;270.0;270.0;270.0
277.0;1.7262;1.6996;-16.0440;-15.1676;314;-3;-0.0831;38.1985;-1.5114;-8.1632;38.1374;249.7;270.0;270.0;270.0
277.5;1.7262;1.6996;-16.2734;-15.5027;312;-3;-0.1417;39.1069;-1.6489;-8.6247;38.9370;250.5;270.0;270.0;270.0
278.0;1.7257;1.6996;-16.6016;-15.8255;310;-1;-0.0733;39.9847;-1.7786;-9.1081;39.7366;252.1;270.0;270.0;270.0
278.5;1.7253;1.6996;-17.1552;-16.1360;300;9;-0.1417;40.8168;-1.9160;-9.5915;40.5362;254.2;270.0;270.0;270.0
279.0;1.7253;1.6996;-17.4025;-16.4327;298;11;-0.0342;41.6870;-2.0687;-10.0750;41.3358;255.0;270.0;270.0;270.0
279.5;1.7244;1.6996;-17.7734;-16.7184;290;17;-0.0244;42.4809;-2.2137;-10.6023;42.1354;252.1;270.0;270.0;270.0
280.0;1.7239;1.6996;-18.0467;-16.9904;286;21;-0.0733;43.3893;-2.3893;-11.1297;42.9350;251.8;270.0;270.0;270.0
280.5;1.7230;1.6996;-18.2885;-17.2500;284;22;-0.1026;44.2137;-2.5573;-11.6351;43.7346;251.8;270.0;270.0;270.0
281.0;1.7221;1.6996;-18.4890;-17.4986;283;24;-0.0049;45.0763;-2.7328;-12.1625;44.5343;253.9;270.0;270.0;270.0
281.5;1.7207;1.6996;-18.9244;-17.7335;275;34;-0.0635;45.9008;-2.9160;-12.7118;45.3339;258.7;270.0;270.0;270.0
282.0;1.7198;1.6996;-19.0865;-17.9560;273;36;-0.0440;46.7252;-3.1069;-13.2612;46.9331;264.2;270.0;270.0;270.0
282.5;1.7184;1.6996;-19.2019;-18.1662;273;38;-0.0635;47.5420;-3.3053;-13.8105;47.7327;270.0;270.0;270.0;270.0
283.0;1.7166;1.6996;-19.4327;-18.3626;269;44;-0.0635;48.2824;-3.4885;-14.3599;48.5323;270.0;270.0;270.0;270.0
283.5;1.7138;1.6996;-19.5975;-18.5481;267;48;-0.0440;49.0992;-3.7023;-14.9092;49.3319;270.0;270.0;270.0;270.0
284.0;1.7115;1.6996;-19.9162;-18.7212;261;56;-0.0342;49.9160;-3.9237;-15.4806;50.1315;270.0;270.0;270.0;270.0
284.5;1.7092;1.6996;-20.0769;-18.8805;257;62;-0.0049;50.7328;-4.1527;-16.0739;50.9311;270.0;270.0;270.0;270.0
285.0;1.7070;1.6996;-20.2720;-19.0288;253;67;0.0440;51.5038;-4.3817;-16.6452;51.7307;270.0;270.0;270.0;270.0
285.5;1.7047;1.6996;-20.2624;-19.1635;253;69;-0.0244;52.3053;-4.6260;-17.2165;52.5304;270.0;270.0;270.0;270.0
286.0;1.7028;1.6996;-20.5920;-19.2857;245;79;-0.0049;53.1145;-4.8779;-17.8098;53.3300;270.0;270.0;270.0;270.0
286.5;1.7019;1.6996;-20.5124;-19.3956;249;77;-0.0733;53.9542;-5.1527;-18.4251;54.1296;270.0;270.0;270.0;270.0
287.0;1.7015;1.6996;-20.7665;-19.4931;241;87;-0.0147;54.7557;-5.4275;-19.0184;54.9292;270.0;270.0;270.0;270.0
287.5;1.7010;1.6996;-20.8956;-19.5783;238;93;-0.0147;55.5496;-5.7023;-19.5897;55.7288;270.0;270.0;270.0;270.0
288.0;1.7005;1.6996;-20.7074;-19.6511;239;89;-0.0049;56.3435;-5.9924;-20.1830;56.5284;270.0;270.0;270.0;270.0
288.5;1.7005;1.6996;-20.7500;-19.7102;238;93;-0.0049;57.1374;-6.2901;-20.7763;57.3280;270.0;270.0;270.0;270.0
289.0;1.6996;1.6996;-20.6731;-19.7582;238;95;-0.0538;57.9618;-6.6031;-21.3916;58.1276;270.0;270.0;270.0;270.0
289.5;1.6987;1.6996;-20.7486;-19.7926;234;101;0.0538;58.7023;-6.9008;-21.9629;58.9272;270.0;270.0;270.0;270.0
290.0;1.6983;1.6996;-20.6882;-19.8159;232;103;-0.0049;59.4886;-7.2214;-22.5562;59.7268;270.0;270.0;270.0;270.0
290.5;1.6973;1.6996;-20.8681;-19.8255;224;110;0.0147;60.2672;-7.5496;-23.1715;60.5265;270.0;270.0;270.0;270.0
291.0;1.6964;1.6996;-20.6621;-19.8255;226;109;0.0147;61.0382;-7.8855;-23.7648;61.3261;270.0;270.0;270.0;270.0
291.5;1.6960;1.6996;-20.6690;-19.8255;226;110;-0.0147;61.8092;-8.2290;-24.3581;62.1257;270.0;270.0;270.0;270.0
292.0;1.6951;1.6996;-20.5659;-19.8255;228;109;0.0538;62.5420;-8.5649;-24.9294;62.9253;270.0;270.0;270.0;270.0
292.5;1.6941;1.6996;-20.5481;-19.8132;226;112;-0.0049;63.3053;-8.9237;-25.5227;64.5245;270.0;270.0;270.0;270.0
293.0;1.6937;1.6996;-20.5302;-19.7885;222;116;-0.0147;64.0611;-9.2901;-26.1160;65.3241;270.0;270.0;270.0;270.0
293.5;1.6937;1.6996;-20.4135;-19.7500;220;120;0.0929;64.8550;-9.6870;-26.7093;66.1237;270.0;270.0;270.0;270.0
294.0;1.6932;1.6996;-20.2926;-19.7005;216;122;0.0342;65.5725;-10.0458;-27.2806;66.9233;270.0;270.0;270.0;270.0
294.5;1.6932;1.6996;-20.1250;-19.6387;214;124;0.0538;66.3588;-10.4580;-27.8519;67.7229;270.0;270.0;270.0;270.0
295.0;1.6928;1.6996;-20.2569;-19.5632;206;134;-0.0147;67.0992;-10.8550;-28.4452;68.5226;270.0;270.0;270.0;270.0
295.5;1.6923;1.6996;-20.0137;-19.4753;204;136;0.0538;67.8779;-11.2824;-29.0166;69.3222;270.0;270.0;270.0;270.0
296.0;1.6868;1.6996;-20.0577;-19.3750;200;142;0.1417;68.6107;-11.6947;-29.5879;70.1218;270.0;270.0;270.0;270.0
296.5;1.6827;1.6996;-19.8832;-19.2637;200;148;0.0342;69.3053;-12.0916;-30.1592;70.9214;270.0;270.0;270.0;270.0
297.0;1.6804;1.6996;-19.6992;-19.1387;200;153;0.0440;70.0687;-12.5420;-30.7086;71.7210;270.0;270.0;270.0;270.0
297.5;1.6786;1.6996;-19.6827;-19.0000;193;161;-0.0440;70.7939;-12.9771;-31.2799;72.5206;270.0;270.0;270.0;270.0
298.0;1.6781;1.6996;-19.5549;-18.8503;189;169;0.1417;71.5802;-13.4580;-31.8512;73.3202;270.0;270.0;270.0;270.0
298.5;1.6777;1.6996;-19.3887;-18.6882;185;173;0.0147;72.2595;-13.8855;-32.4006;74.1198;270.0;270.0;270.0;270.0
299.0;1.6767;1.6996;-19.0865;-18.5137;185;175;0.0929;72.9771;-14.3435;-32.9499;74.9194;270.0;270.0;270.0;270.0
299.5;1.6767;1.6996;-18.9753;-18.3255;179;183;0.0244;73.7099;-14.8244;-33.4993;76.5187;270.0;268.7;270.0;270.0
300.0;1.6781;1.6996;-18.6071;-18.1250;179;183;-0.0733;74.4809;-15.3435;-34.0266;77.3183;270.0;265.2;270.0;270.0
300.5;1.6809;1.6996;-18.5275;-17.9135;171;191;-0.0831;75.2443;-15.8626;-34.5540;78.1179;270.0;260.0;270.0;270.0
301.0;1.6836;1.6996;-18.2898;-17.6882;165;193;-0.0244;75.9695;-16.3664;-35.0814;78.9175;270.0;255.5;270.0;270.0
301.5;1.6868;1.6996;-18.1731;-17.4505;155;198;0.0733;76.7252;-16.9008;-35.5868;79.7171;270.0;250.2;270.0;268.9
302.0;1.6896;1.6996;-17.8544;-17.2005;152;200;-0.0244;77.4427;-17.4198;-36.1142;80.5167;270.0;242.6;270.0;264.7
302.5;1.6937;1.6996;-17.5810;-16.9382;144;202;-0.0244;78.2214;-17.9924;-36.6196;81.3163;270.0;237.8;270.0;261.8
303.0;1.6978;1.6996;-17.2747;-16.6635;140;204;-0.1320;78.9618;-18.5420;-37.1030;82.9155;270.0;230.9;270.0;258.1
303.5;1.7033;1.6996;-17.0151;-16.3750;132;208;-0.0538;79.7252;-19.1298;-37.5864;83.7151;270.0;224.6;270.0;255.5
304.0;1.7079;1.6996;-16.8104;-16.0755;120;212;0.0342;80.4580;-19.6947;-38.0918;84.5147;270.0;217.7;270.0;253.6
304.5;1.7125;1.6996;-16.1868;-15.7637;122;206;-0.0049;81.1832;-20.2672;-38.5313;85.3144;270.0;211.9;270.0;251.3
305.0;1.7166;1.6996;-15.9176;-15.4382;112;210;0.0049;81.9008;-20.8473;-39.0147;86.1140;270.0;207.7;270.0;250.2
305.5;1.7202;1.6996;-15.5082;-15.1003;107;210;0.0440;82.5878;-21.4046;-39.4322;86.9136;270.0;202.7;270.0;247.8
306.0;1.7230;1.6996;-15.1662;-14.7500;99;214;0.0440;83.2672;-21.9695;-39.8717;87.7132;270.0;200.3;270.0;247.3
306.5;1.7253;1.6996;-14.8379;-14.3887;91;220;0.0342;83.9466;-22.5420;-40.2892;89.3124;270.0;200.6;270.0;246.0
307.0;1.7280;1.6996;-14.3571;-14.0137;87;220;0.1026;84.6489;-23.1374;-40.7067;90.1120;270.0;201.4;270.0;244.4
307.5;1.7303;1.6996;-13.9409;-13.6250;79;224;-0.0049;85.3130;-23.7176;-41.1023;90.9116;270.0;204.8;270.0;243.6
308.0;1.7335;1.6996;-13.5879;-13.2253;71;228;-0.0147;86.0382;-24.3588;-41.4978;91.7112;270.0;208.0;270.0;240.7
308.5;1.7358;1.6996;-13.2926;-12.8132;62;234;0.1417;86.7023;-24.9466;-41.8933;92.5108;270.0;215.1;270.0;239.4
309.0;1.7358;1.6996;-12.7761;-12.3887;58;236;0.0440;87.3282;-25.5114;-42.2449;93.3105;270.0;221.4;270.0;238.9
309.5;1.7353;1.6996;-12.4588;-11.9505;50;245;0.0342;87.9542;-26.0763;-42.6185;94.1101;270.0;228.8;270.0;235.7
310.0;1.7344;1.6996;-11.8571;-11.5000;48;245;0.0049;88.5725;-26.6489;-42.9481;94.9097;270.0;235.7;270.0;236.2
310.5;1.7331;1.6996;-11.3297;-11.0385;44;251;0.0733;89.2137;-27.2595;-43.2557;95.7093;270.0;243.9;270.0;236.0
311.0;1.7312;1.6996;-10.8297;-10.5632;38;255;0.1320;89.8321;-27.8397;-43.5853;96.5089;270.0;253.1;270.0;233.8
311.5;1.7299;1.6996;-10.4066;-10.0755;32;265;0.0440;90.4657;-28.4504;-43.8930;98.1081;270.0;263.1;270.0;233.6
312.0;1.7289;1.6996;-9.8297;-9.5755;28;269;0.0929;91.0763;-29.0305;-44.1567;98.9077;270.0;270.0;270.0;232.3
312.5;1.7276;1.6996;-9.2555;-9.0632;24;275;0.1515;91.6489;-29.5954;-44.4203;99.7073;270.0;270.0;270.0;233.0
313.0;1.7257;1.6996;-8.7170;-8.5385;19;281;0.2297;92.2519;-30.1832;-44.6840;100.5069;270.0;270.0;270.0;231.2
313.5;1.7244;1.6996;-8.0412;-8.0000;19;284;0.0342;92.8550;-30.7786;-44.9038;101.3066;270.0;270.0;270.0;229.9
314.0;1.7230;1.6996;-7.5316;-7.4533;13;292;0.1808;93.4504;-31.3740;-45.1235;102.1062;270.0;270.0;270.0;229.1
314.5;1.7216;1.6996;-6.7679;-6.9052;17;288;0.0635;94.0153;-31.9466;-45.3213;102.9058;270.0;270.0;270.0;228.3
315.0;1.7198;1.6996;-6.2335;-6.3777;22;284;0.1320;94.6107;-32.5496;-45.4971;103.7054;270.0;270.0;270.0;227.5
315.5;1.7184;1.6996;-5.5865;-5.8709;30;279;0.1124;95.1985;-33.1527;-45.6509;104.5050;270.0;270.0;270.0;227.5
316.0;1.7170;1.6996;-4.9231;-5.3832;40;269;0.0929;95.7863;-33.7557;-45.8047;105.3046;270.0;270.0;270.0;226.5
316.5;1.7152;1.6996;-4.2788;-4.9162;52;261;0.1417;96.3511;-34.3359;-45.9146;106.1042;270.0;270.0;270.0;227.5
317.0;1.7143;1.6996;-3.8063;-4.4684;58;255;0.0440;96.9313;-34.9389;-46.0244;106.9038;270.0;270.0;270.0;225.9
317.5;1.7129;1.6996;-3.2170;-4.0412;67;247;0.0244;97.5191;-35.5496;-46.1123;107.7034;270.0;270.0;270.0;224.9
318.0;1.7115;1.6996;-2.5728;-3.6332;77;236;0.0831;98.0763;-36.1298;-46.2002;108.5030;270.0;270.0;270.0;223.5
318.5;1.7097;1.6996;-2.1799;-3.2459;83;232;0.1515;98.6641;-36.7328;-46.2442;109.3027;270.0;270.0;270.0;223.3
319.0;1.7074;1.6996;-1.6882;-2.8777;93;226;0.1320;99.1908;-37.2901;-46.3101;110.1023;270.0;270.0;270.0;222.8
319.5;1.7056;1.6996;-1.3475;-2.5302;99;222;0.0440;99.8015;-37.9237;-46.3321;110.9019;270.0;270.0;270.0;221.4
320.0;1.7033;1.6996;-0.9725;-2.2033;107;218;0.0244;100.3511;-38.5114;-46.3760;111.7015;270.0;270.0;270.0;220.6
320.5;1.7015;1.6996;-0.7047;-1.8956;110;214;0.1026;100.9389;-39.1221;-46.3980;112.5011;270.0;270.0;270.0;221.2
321.0;1.6996;1.6996;-0.2486;-1.6085;122;204;0.0049;101.4885;-39.7023;-46.3980;113.3007;270.0;270.0;270.0;219.9
321.5;1.6973;1.6996;-0.0467;-1.3407;126;202;0.0733;102.0763;-40.3130;-46.3980;114.1003;270.0;270.0;270.0;218.3
322.0;1.6946;1.6996;0.1360;-1.0934;132;200;0.0733;102.6031;-40.8626;-46.3980;114.8999;270.0;270.0;270.0;216.9
322.5;1.6918;1.6996;0.3874;-0.8654;140;195;-0.0147;103.1527;-41.4504;-46.3760;115.6995;270.0;270.0;270.0;216.2
323.0;1.6891;1.6996;0.3929;-0.6580;144;196;0.0635;103.7405;-42.0611;-46.3760;116.4991;270.0;270.0;270.0;215.6
323.5;1.6859;1.6996;0.7184;-0.4712;153;189;-0.0342;104.2901;-42.6412;-46.3541;117.2988;270.0;270.0;270.0;215.4
324.0;1.6836;1.6996;0.7514;-0.3036;157;189;0.0538;104.8779;-43.2519;-46.3321;118.0984;270.0;270.0;270.0;215.4
324.5;1.6822;1.6996;0.8970;-0.1552;165;185;0.0440;105.4580;-43.8626;-46.3101;118.8980;270.0;270.0;270.0;214.0
325.0;1.6809;1.6996;0.9492;-0.0288;169;181;0.0440;106.0382;-44.4733;-46.2662;119.6976;270.0;270.0;270.0;213.3
325.5;1.6795;1.6996;1.0467;0.0000;185;165;-0.0440;106.5954;-45.0534;-46.2442;120.4972;270.0;270.0;270.0;212.2
326.0;1.6781;1.6996;1.1703;0.0000;198;155;-0.0440;107.1527;-45.6336;-46.2222;122.0964;270.0;270.0;270.0;211.4
326.5;1.6754;1.6996;1.3393;0.0000;204;152;-0.0538;107.7099;-46.2137;-46.1783;122.8960;270.0;270.0;270.0;211.4
327.0;1.6726;1.6996;1.4849;0.0000;208;150;0.0244;108.2366;-46.7634;-46.1343;122.8960;270.0;270.0;270.0;210.6
327.5;1.6708;1.6996;1.3640;0.0000;208;155;0.0244;108.8244;-47.3664;-46.0904;124.4952;247.3;270.0;270.0;209.6
328.0;1.6690;1.6996;1.3681;0.0000;208;155;0.0244;109.4122;-47.9771;-46.0464;125.2948;233.0;270.0;270.0;208.5
328.5;1.6667;1.6996;1.1813;0.0000;204;161;-0.0049;0.8015;0.0000;-0.0109;0.5557;220.4;270.0;270.0;208.2
329.0;1.6644;1.6996;1.0852;0.0000;204;165;-0.0440;1.6031;0.0000;0.0111;1.3553;209.0;270.0;270.0;207.7
329.5;1.6625;1.6996;0.9698;0.0000;202;169;0.0440;2.4504;0.0000;0.0551;2.1549;200.6;270.0;270.0;207.2
330.0;1.6607;1.6996;0.9890;0.0000;204;169;-0.0440;3.2519;0.0000;0.0770;2.9546;190.6;270.0;270.0;207.4
330.5;1.6598;1.6996;0.7569;0.0000;200;179;-0.0342;4.0534;0.0000;0.0990;3.7542;180.3;270.0;270.0;206.9
331.0;1.6589;1.6996;0.7266;0.0000;200;179;-0.1124;4.9008;0.0000;0.1210;4.5538;171.8;270.0;270.0;208.0
331.5;1.6580;1.6996;0.7335;0.0000;202;179;-0.0342;5.7023;0.0000;0.1430;5.3534;162.3;270.0;270.0;206.4
332.0;1.6580;1.6996;0.6525;0.0000;200;181;-0.0244;6.5878;0.0076;0.1649;6.1530;154.7;270.0;270.0;205.1
332.5;1.6575;1.6996;0.7665;0.0000;204;179;-0.0342;7.3893;0.0076;0.1869;6.9526;149.9;270.0;270.0;206.1
333.0;1.6571;1.6996;0.6401;0.0000;202;183;0.0538;8.2366;0.0076;0.2089;7.7522;144.9;270.0;270.0;205.1
333.5;1.6561;1.6996;0.6909;0.0000;204;181;-0.0342;9.0382;0.0153;0.2089;8.5518;140.9;270.0;270.0;205.6
334.0;1.6557;1.6996;0.5948;0.0000;202;185;-0.0244;9.9237;0.0153;0.2308;9.3514;137.8;270.0;270.0;205.6
334.5;1.6548;1.6996;0.6291;0.0000;204;185;-0.0244;10.7252;0.0229;0.2528;10.1510;135.9;270.0;270.0;205.6
335.0;1.6538;1.6996;0.4753;0.0000;200;191;0.0635;11.5725;0.0229;0.2748;10.9506;133.5;270.0;270.0;204.0
335.5;1.6534;1.6996;0.3942;0.0000;198;193;0.0635;12.4122;0.0305;0.2748;11.7503;131.4;270.0;270.0;203.5
336.0;1.6529;1.6996;0.2830;0.0000;198;196;-0.0147;13.2214;0.0305;0.2968;12.5499;130.1;270.0;270.0;202.7
336.5;1.6529;1.6996;0.1593;0.0000;195;198;-0.0147;14.0992;0.0382;0.2968;13.3495;129.1;270.0;270.0;202.4
337.0;1.6529;1.6996;0.3008;0.0000;198;196;-0.0147;14.9084;0.0458;0.2968;14.1491;129.1;270.0;270.0;201.4
337.5;1.6543;1.6996;0.2500;0.0000;198;196;-0.0147;15.7939;0.0458;0.2968;15.7483;130.1;270.0;270.0;201.6
338.0;1.6557;1.6996;0.2995;0.0000;198;195;-0.0147;16.6718;0.0534;0.3187;16.5479;129.9;270.0;270.0;200.8
338.5;1.6566;1.6996;0.3242;0.0000;200;193;-0.0929;17.5191;0.0611;0.3187;17.3475;130.1;270.0;270.0;200.3
339.0;1.6580;1.6996;0.3764;0.0000;200;191;0.0635;18.3664;0.0611;0.3407;18.1471;134.6;270.0;270.0;201.6
339.5;1.6584;1.6996;0.2486;0.0000;195;193;-0.0147;19.1679;0.0687;0.3407;18.9467;136.7;270.0;270.0;201.9
340.0;1.6598;1.7001;0.3668;0.0000;200;193;-0.0147;20.0534;0.0763;0.3627;19.7464;139.1;270.0;270.0;201.4
340.5;1.6607;1.7001;0.2981;0.0000;200;196;-0.0147;20.9389;0.0763;0.3627;20.5460;141.2;270.0;270.0;200.1
341.0;1.6616;1.7005;0.1896;0.0000;200;200;-0.0929;21.7786;0.0840;0.3627;21.3456;144.1;270.0;270.0;199.3
341.5;1.6612;1.7015;0.1250;0.0000;204;206;-0.1711;22.5802;0.0916;0.3627;22.1452;147.8;270.0;270.0;198.5
342.0;1.6612;1.7019;0.0343;0.0000;206;212;-0.0831;23.4275;0.0916;0.3627;22.9448;156.0;270.0;270.0;197.7
342.5;1.6612;1.7028;0.1058;0.0000;210;212;-0.0929;24.2672;0.0992;0.3847;23.7444;162.3;270.0;270.0;196.6
343.0;1.6621;1.7042;0.0769;0.0000;214;220;-0.0049;25.1527;0.1069;0.3847;24.5440;171.0;270.0;270.0;197.2
343.5;1.6635;1.7056;0.0701;0.0000;218;222;-0.0049;26.0382;0.1145;0.3847;25.3436;181.1;270.0;270.0;194.8
344.0;1.6648;1.7070;-0.0494;0.0000;218;230;-0.0049;26.9237;0.1221;0.3847;26.1432;190.8;270.0;270.0;194.0
344.5;1.6671;1.7083;0.0385;0.0000;224;232;-0.0049;27.8092;0.1221;0.3847;27.7425;200.8;270.0;270.0;193.5
345.0;1.6703;1.7102;-0.0302;0.0000;224;236;-0.0049;28.6947;0.1298;0.3847;28.5421;213.8;270.0;270.0;192.4
345.5;1.6745;1.7120;-0.0165;0.0000;228;236;-0.0831;29.6183;0.1374;0.3847;29.3417;222.5;270.0;270.0;191.3
346.0;1.6786;1.7138;0.0893;0.0000;234;236;-0.0049;30.5038;0.1450;0.3847;30.1413;231.2;270.0;270.0;190.8
346.5;1.6836;1.7161;0.0220;0.0000;234;239;-0.0049;31.4657;0.1527;0.3847;30.9409;241.5;270.0;270.0;189.8
347.0;1.6882;1.7184;0.0027;0.0000;236;241;-0.0049;32.3511;0.1527;0.3847;31.7405;250.7;270.0;270.0;189.0
347.5;1.6932;1.7212;-0.0234;0.0000;238;245;-0.0831;33.2748;0.1603;0.3847;32.5401;255.5;270.0;270.0;188.4
348.0;1.6909;1.7239;-0.0481;0.0000;243;241;-0.0049;34.2366;0.1679;0.3847;34.1393;263.1;270.0;270.0;189.0
348.5;1.6914;1.7266;-0.1099;0.0000;247;249;-0.0049;35.1221;0.1756;0.3847;34.9389;270.0;270.0;270.0;187.7
349.0;1.6941;1.7294;-0.1071;0.0000;251;255;-0.0049;36.0840;0.1832;0.3627;35.7386;270.0;270.0;270.0;187.1
349.5;1.6983;1.7326;-0.2115;0.0000;251;263;-0.0733;37.0076;0.1908;0.3627;36.5382;270.0;270.0;270.0;186.9
350.0;1.7038;1.7358;-0.1896;0.0000;255;265;0.0049;37.9771;0.1908;0.3627;37.3378;270.0;270.0;270.0;185.8
350.5;1.7088;1.7395;-0.0659;0.0000;261;265;-0.0831;38.8168;0.1985;0.3627;38.1374;270.0;270.0;270.0;185.8
351.0;1.7143;1.7427;-0.0398;0.0000;263;265;-0.0831;39.7405;0.2061;0.3627;39.7366;270.0;270.0;270.0;185.8
351.5;1.7202;1.7468;0.0165;0.0000;267;265;-0.0831;40.6718;0.2137;0.3627;40.5362;270.0;270.0;270.0;185.0
352.0;1.7257;1.7505;-0.0014;0.0000;269;269;-0.0049;41.6336;0.2137;0.3627;41.3358;270.0;270.0;270.0;183.4
352.5;1.7317;1.7546;-0.0343;0.0000;271;273;-0.0049;42.5954;0.2214;0.3627;42.1354;270.0;270.0;270.0;183.2
353.0;1.7376;1.7587;-0.1126;0.0000;271;277;-0.0049;43.4809;0.2290;0.3627;42.9350;270.0;270.0;270.0;182.1
353.5;1.7431;1.7633;-0.0357;0.0000;275;279;0.0733;44.4046;0.2366;0.3627;43.7346;270.0;270.0;270.0;181.8
354.0;1.7491;1.7679;-0.1511;0.0000;273;284;0.0831;45.3282;0.2443;0.3407;45.3339;270.0;270.0;270.0;181.1
354.5;1.7560;1.7724;-0.2074;0.0000;275;288;0.0049;46.2977;0.2443;0.3407;46.1335;270.0;270.0;270.0;180.3
355.0;1.7628;1.7775;-0.2500;0.0000;277;292;-0.0733;47.2214;0.2519;0.3407;46.9331;270.0;270.0;270.0;180.5
355.5;1.7706;1.7821;-0.3681;0.0000;275;296;0.0049;48.1832;0.2595;0.3187;47.7327;270.0;270.0;270.0;180.0
356.0;1.7779;1.7875;-0.3791;0.0000;275;300;0.0049;49.1450;0.2672;0.3187;48.5323;270.0;270.0;270.0;179.5
356.5;1.7848;1.7926;-0.3887;0.0000;277;304;0.0929;50.0687;0.2672;0.2968;49.3319;270.0;270.0;270.0;178.4
357.0;1.7917;1.7981;-0.4093;0.0000;279;308;0.1711;51.0382;0.2748;0.2968;50.9311;269.7;270.0;270.0;177.4
357.5;1.7981;1.8040;-0.4011;0.0000;281;310;0.0049;51.9237;0.2824;0.2748;51.7307;270.0;270.0;270.0;176.3
358.0;1.7967;1.8095;-0.3049;0.0000;283;318;0.0049;52.8855;0.2824;0.2748;52.5304;269.7;270.0;270.0;176.0
358.5;1.7981;1.8155;-0.3448;0.0000;288;326;0.0831;53.8092;0.2901;0.2528;53.3300;270.0;270.0;270.0;175.2
359.0;1.8013;1.8214;-0.2953;0.0000;296;329;-0.0733;54.8168;0.2901;0.2528;54.1296;270.0;270.0;270.0;174.5
359.5;1.8049;1.8278;-0.2706;0.0000;304;335;0.0049;55.7023;0.2977;0.2528;54.9292;268.2;270.0;270.0;174.2
360.0;1.8109;1.8342;-0.3984;0.0000;306;343;0.0929;56.7023;0.3053;0.2308;56.5284;268.2;270.0;270.0;173.1
360.5;1.8173;1.8407;-0.4780;0.0000;310;351;0.0147;57.6718;0.3053;0.2308;57.3280;264.7;270.0;270.0;172.1
361.0;1.8246;1.8475;-0.4863;0.0000;314;355;0.0147;58.6336;0.3130;0.2089;58.1276;264.7;270.0;270.0;171.3
361.5;1.8315;1.8544;-0.4643;0.0000;318;357;0.0147;59.5954;0.3130;0.1869;58.9272;264.2;270.0;270.0;170.5
362.0;1.8384;1.8613;-0.4203;0.0000;324;361;-0.0733;60.5191;0.3130;0.1869;60.5265;262.9;270.0;270.0;169.4
362.5;1.8457;1.8686;-0.2514;0.0000;333;361;0.0049;61.4886;0.3206;0.1649;61.3261;260.5;270.0;270.0;168.7
363.0;1.8539;1.8759;-0.2679;0.0000;335;363;0.0049;62.4504;0.3206;0.1649;62.1257;261.8;270.0;270.0;168.4
363.5;1.8622;1.8837;-0.2335;0.0000;341;367;-0.0733;63.4580;0.3282;0.1649;62.9253;260.5;270.0;270.0;167.6
364.0;1.8718;1.8910;-0.1758;0.0000;345;369;0.0831;64.4580;0.3282;0.1649;63.7249;262.9;270.0;270.0;166.8
364.5;1.8805;1.8988;-0.2019;0.0000;349;372;0.0831;65.3817;0.3282;0.1430;65.3241;260.8;270.0;270.0;166.3
365.0;1.8897;1.9071;-0.2582;0.0000;351;378;0.0831;66.3893;0.3359;0.1430;66.1237;257.3;270.0;270.0;165.0
365.5;1.8988;1.9153;-0.2953;0.0000;353;384;0.0831;67.3969;0.3359;0.1430;66.9233;255.0;270.0;270.0;164.2
366.0;1.9080;1.9235;-0.2418;0.0000;357;386;0.0831;68.3969;0.3359;0.1210;67.7229;254.2;270.0;270.0;162.6
366.5;1.9180;1.9318;-0.2129;0.0000;363;390;0.0831;69.4046;0.3435;0.1210;69.3222;251.3;270.0;270.0;162.1
367.0;1.9272;1.9405;-0.0522;0.0000;370;390;-0.0049;70.4504;0.3435;0.1210;70.1218;253.9;270.0;270.0;161.5
367.5;1.9364;1.9492;-0.0385;0.0000;374;392;0.0733;71.4504;0.3435;0.1210;70.9214;252.8;270.0;270.0;161.0
368.0;1.9460;1.9579;0.0137;0.0000;380;396;-0.0049;72.4962;0.3511;0.1210;71.7210;251.8;270.0;270.0;160.2
368.5;1.9565;1.9670;0.0907;0.0000;384;396;-0.0049;73.5420;0.3511;0.1210;73.3202;251.3;270.0;270.0;160.2
369.0;1.9670;1.9762;0.0852;0.0000;388;400;0.0733;74.5496;0.3511;0.1210;74.1198;251.3;270.0;270.0;159.4
369.5;1.9776;1.9853;0.0893;0.0000;388;400;-0.0049;75.5954;0.3588;0.1210;74.9194;249.9;270.0;270.0;158.4
370.0;1.9881;1.9945;0.0989;0.0000;384;394;0.0733;76.6794;0.3588;0.1210;76.5187;249.7;270.0;270.0;158.1
370.5;1.9991;2.0032;-0.0618;0.0000;376;396;0.0733;77.7634;0.3588;0.1210;77.3183;250.7;270.0;270.0;157.0
371.0;2.0105;2.0114;-0.0701;0.0000;370;392;-0.0049;78.8092;0.3664;0.1210;78.1179;249.7;270.0;270.0;156.8
371.5;2.0215;2.0201;-0.1374;0.0000;365;388;0.0831;79.8931;0.3664;0.1210;79.7171;248.4;270.0;270.0;156.0
372.0;2.0311;2.0284;0.0151;0.0000;367;380;-0.0049;80.9389;0.3664;0.1210;80.5167;249.9;270.0;270.0;155.2
372.5;2.0403;2.0366;0.0522;0.0000;365;376;0.0733;82.0229;0.3740;0.1210;81.3163;248.1;270.0;270.0;154.7
373.0;2.0495;2.0444;0.0838;0.0000;359;369;-0.0049;83.0687;0.3740;0.1210;82.9155;249.9;270.0;270.0;154.1
373.5;2.0591;2.0522;-0.0151;0.0000;353;367;-0.0049;84.1145;0.3740;0.1210;83.7151;249.1;270.0;270.0;153.6
374.0;2.0673;2.0600;-0.0192;0.0000;349;365;-0.0049;85.1603;0.3817;0.1210;84.5147;246.8;270.0;270.0;152.8
374.5;2.0769;2.0673;0.1016;0.0000;349;357;0.0733;86.2443;0.3817;0.1210;86.1140;246.0;270.0;270.0;152.0
375.0;2.0865;2.0746;0.0549;0.0000;345;357;-0.0049;87.3664;0.3817;0.1210;86.9136;240.7;270.0;270.0;152.0
375.5;2.0957;2.0820;0.0206;0.0000;339;353;-0.0049;88.4122;0.3893;0.1210;87.7132;239.9;270.0;270.0;150.2
376.0;2.1049;2.0888;0.0385;0.0000;333;345;-0.0049;89.5420;0.3893;0.1210;89.3124;242.3;270.0;270.0;149.6
376.5;2.1136;2.0957;0.0591;0.0000;331;343;-0.0049;90.6641;0.3893;0.1430;90.1120;243.3;270.0;270.0;148.6
377.0;2.1227;2.1026;0.1511;0.0000;329;335;-0.0147;91.7863;0.3969;0.1430;91.7112;242.3;270.0;270.0;147.8
377.5;2.1305;2.1090;0.1690;0.0000;327;331;0.0733;92.8779;0.3969;0.1430;92.5108;242.6;270.0;270.0;147.0
378.0;2.1378;2.1154;0.0865;0.0000;322;329;-0.0049;93.9237;0.3969;0.1430;93.3105;239.9;270.0;270.0;145.4
378.5;2.1442;2.1218;0.0412;0.0000;316;326;-0.0049;95.0458;0.4046;0.1430;94.9097;236.2;270.0;270.0;144.6
379.0;2.1516;2.1277;0.1319;0.0000;318;322;-0.0929;96.1298;0.4046;0.1430;95.7093;236.2;270.0;270.0;143.3
379.5;2.1584;2.1337;-0.0426;0.0000;308;322;-0.0049;97.2519;0.4122;0.1430;96.5089;235.4;270.0;270.0;142.8
380.0;2.1648;2.1397;-0.0288;0.0000;306;320;-0.0049;98.2977;0.4122;0.1430;98.1081;234.6;270.0;270.0;141.2
380.5;2.1717;2.1451;-0.0591;0.0000;302;316;-0.0049;99.4275;0.4122;0.1430;98.9077;234.6;270.0;270.0;140.4
381.0;2.1781;2.1506;-0.0673;0.0000;296;314;0.0733;100.5115;0.4198;0.1430;100.5069;233.8;270.0;270.0;139.9
381.5;2.1841;2.1561;-0.1305;0.0000;292;312;-0.0049;101.6336;0.4198;0.1430;101.3066;230.7;270.0;270.0;138.6
382.0;2.1909;2.1612;-0.1016;0.0000;290;308;-0.0831;102.8015;0.4275;0.1430;102.1062;229.4;270.0;270.0;137.5
382.5;2.1978;2.1662;-0.0797;0.0000;286;300;-0.1613;103.9237;0.4275;0.1430;103.7054;229.1;270.0;270.0;136.5
383.0;2.2047;2.1712;-0.0288;0.0000;284;296;-0.0831;105.0916;0.4275;0.1430;104.5050;228.6;270.0;270.0;135.4
383.5;2.2120;2.1758;0.0234;0.0000;283;290;-0.0831;106.3359;0.4351;0.1430;106.1042;229.9;270.0;270.0;135.4
384.0;2.2198;2.1804;-0.1346;0.0000;275;288;-0.0049;107.5420;0.4351;0.1210;106.9038;227.8;270.0;270.0;134.1
384.5;2.2276;2.1845;-0.1016;0.0000;269;283;-0.0831;108.7099;0.4427;0.1210;108.5030;224.6;270.0;270.0;133.0
385.0;2.2349;2.1886;-0.1223;0.0000;263;277;-0.0049;109.9160;0.4427;0.1210;109.3027;223.0;270.0;270.0;131.7
385.5;2.2418;2.1928;-0.1580;0.0000;255;275;0.0831;111.0840;0.4427;0.1210;110.9019;221.2;270.0;270.0;130.6
386.0;2.2495;2.1969;-0.1346;0.0000;253;269;-0.0831;112.3282;0.4504;0.1210;111.7015;222.0;270.0;270.0;129.3
386.5;2.2578;2.2005;-0.1552;0.0000;247;263;0.0049;113.5344;0.4504;0.1210;113.3007;222.2;270.0;270.0;128.8
387.0;2.2656;2.2042;-0.1648;0.0000;241;259;-0.0831;114.6947;0.4504;0.0990;114.1003;222.2;270.0;270.0;128.0
387.5;2.2724;2.2074;-0.0632;0.0000;239;249;-0.0831;115.8626;0.4580;0.0990;115.6995;218.8;270.0;270.0;127.5
388.0;2.2788;2.2111;0.0055;0.0000;236;241;-0.0831;117.0305;0.4580;0.0990;116.4991;218.5;270.0;270.0;125.9
388.5;2.2853;2.2138;-0.0604;0.0000;228;239;0.0733;118.2748;0.4580;0.0990;118.0984;218.3;270.0;270.0;123.8
389.0;2.2921;2.2170;-0.1099;0.0000;222;236;0.0831;119.4427;0.4656;0.0990;118.8980;218.3;270.0;270.0;122.7
389.5;2.2976;2.2198;-0.1607;0.0000;214;234;0.0049;120.6489;0.4656;0.0990;120.4972;216.7;270.0;270.0;121.9
390.0;2.3027;2.2225;-0.1896;0.0000;208;230;0.0831;121.8092;0.4656;0.0990;121.2968;217.2;270.0;270.0;120.6
390.5;2.3082;2.2248;-0.1099;0.0000;206;224;0.0831;123.0611;0.4733;0.0770;122.8960;214.3;270.0;270.0;119.6
391.0;2.3132;2.2271;0.0522;0.0000;204;214;-0.0049;124.2672;0.4733;0.0990;123.6956;214.0;270.0;270.0;118.5
391.5;2.3178;2.2294;0.0151;0.0000;198;210;0.0733;125.4275;0.4733;0.0990;125.2948;212.5;270.0;270.0;117.4
392.0;2.3214;2.2317;0.1099;0.0000;196;204;0.0733;126.5954;0.4733;0.0990;126.0945;213.0;270.0;270.0;117.2
392.5;2.3237;2.2335;0.1319;0.0000;193;200;0.0733;127.6794;0.4809;0.0990;126.8941;211.1;270.0;270.0;116.4
393.0;2.3255;2.2349;0.0989;0.0000;189;196;0.0733;128.9237;0.4809;0.0990;128.4933;213.0;270.0;270.0;116.1
393.5;2.3269;2.2367;0.0810;0.0000;185;195;0.1515;130.0534;0.4809;0.0990;129.2929;210.4;269.5;270.0;115.6
394.0;2.3278;2.2381;-0.0220;0.0000;179;196;0.0733;131.2137;0.4809;0.0990;130.8921;208.8;269.2;270.0;116.1
394.5;2.3288;2.2395;-0.0728;0.0000;175;193;0.0733;132.3817;0.4886;0.0990;131.6917;209.3;269.5;270.0;116.1
395.0;2.3288;2.2404;-0.1360;0.0000;169;193;-0.0049;133.5038;0.4886;0.0990;133.2909;208.8;270.0;270.0;116.7
395.5;2.3288;2.2413;-0.0893;0.0000;167;189;-0.0049;134.6336;0.4886;0.0990;134.0906;208.8;270.0;270.0;116.9
396.0;2.3278;2.2422;-0.0563;0.0000;165;183;-0.0049;135.7557;0.4962;0.0990;135.6898;207.2;270.0;270.0;116.7
396.5;2.3278;2.2427;0.0673;0.0000;167;179;-0.0049;136.9618;0.4962;0.0990;136.4894;206.9;269.5;270.0;115.6
397.0;2.3274;2.2431;0.1456;0.0000;165;171;0.0733;138.0458;0.4962;0.0990;137.2890;204.3;268.4;270.0;114.5
397.5;2.3260;2.2436;0.0343;0.0000;161;173;0.0733;139.2137;0.4962;0.0990;138.8882;204.5;268.4;270.0;114.5
398.0;2.3242;2.2436;0.0989;0.0000;161;169;-0.0929;140.2977;0.5038;0.0990;139.6878;204.3;266.8;270.0;115.1
398.5;2.3219;2.2436;0.0522;0.0000;157;167;-0.0049;141.4275;0.5038;0.0990;141.2870;203.8;267.1;270.0;116.1
399.0;2.3187;2.2436;-0.0508;0.0000;155;169;-0.0049;142.5496;0.5038;0.0990;142.0867;201.6;266.0;270.0;117.2
399.5;2.3155;2.2431;-0.0453;0.0000;155;169;-0.0049;143.6718;0.5115;0.0990;142.8863;199.3;266.0;270.0;118.8
400.0;2.3123;2.2427;0.0041;0.0000;155;167;0.0733;144.8397;0.5115;0.0990;144.4855;197.7;266.0;270.0;121.7
400.5;2.3091;2.2422;-0.1264;0.0000;152;169;0.0831;145.9237;0.5115;0.0990;145.2851;196.4;265.2;270.0;122.5
401.0;2.3063;2.2413;0.0343;0.0000;153;165;0.0733;147.0916;0.5115;0.0990;146.8843;194.8;265.8;270.0;124.3
401.5;2.3036;2.2404;0.2102;0.0000;155;159;0.0635;148.1756;0.5191;0.0990;147.6839;194.8;264.2;270.0;126.4
402.0;2.3008;2.2395;0.2624;0.0000;157;157;-0.0147;149.3053;0.5191;0.1210;149.2831;194.8;263.7;270.0;129.1
402.5;2.2976;2.2381;0.4162;0.0000;159;152;-0.1026;150.3893;0.5191;0.1210;150.0827;192.1;262.3;270.0;133.3
403.0;2.2949;2.2367;0.4396;0.0000;159;150;-0.0244;151.5114;0.5267;0.1430;150.8824;190.3;262.1;270.0;139.4
403.5;2.2917;2.2349;0.4011;0.0000;157;150;-0.0147;152.6412;0.5267;0.1430;152.4816;190.8;261.3;270.0;146.0
404.0;2.2889;2.2335;0.4093;0.0000;155;148;-0.0147;153.7634;0.5344;0.1649;153.2812;188.7;261.3;270.0;155.2
404.5;2.2857;2.2317;0.4643;0.0000;155;144;-0.0244;154.8855;0.5344;0.1649;154.8804;189.2;261.3;270.0;166.8
405.0;2.2830;2.2294;0.4272;0.0000;153;144;0.0635;155.9771;0.5344;0.1869;155.6800;189.2;261.3;270.0;181.6
405.5;2.2788;2.2271;0.4959;0.0000;152;140;-0.0244;157.0992;0.5420;0.2089;156.4796;187.9;261.0;270.0;200.1
406.0;2.2743;2.2248;0.5288;0.0000;152;138;-0.0244;158.1450;0.5420;0.2089;158.0788;185.8;260.0;270.0;222.0
406.5;2.2692;2.2225;0.4821;0.0000;150;138;-0.0244;159.2672;0.5496;0.2308;158.8785;184.5;259.2;270.0;248.4
407.0;2.2633;2.2198;0.6099;0.0000;153;134;-0.0244;160.3130;0.5573;0.2528;159.6781;182.1;258.9;270.0;270.0
407.5;2.2573;2.2175;0.5783;0.0000;155;138;-0.0244;161.3588;0.5573;0.2528;161.2773;181.3;258.7;270.0;270.0
408.0;2.2514;2.2147;0.6126;0.0000;159;140;0.0538;162.4427;0.5649;0.2748;162.0769;180.8;257.9;270.0;270.0
408.5;2.2459;2.2129;0.5852;0.0000;163;146;-0.0244;163.4886;0.5725;0.2968;162.8765;178.4;258.7;270.0;270.0
409.0;2.2399;2.2106;0.6085;0.0000;167;148;-0.1026;164.5725;0.5725;0.3187;164.4757;177.6;258.4;270.0;270.0
409.5;2.2353;2.2088;0.5426;0.0000;171;155;0.0538;165.6565;0.5802;0.3187;165.2753;176.0;257.6;270.0;270.0
410.0;2.2299;2.2070;0.5962;0.0000;175;155;-0.0244;166.7023;0.5878;0.3407;166.0750;175.2;256.8;270.0;270.0
410.5;2.2248;2.2056;0.6497;0.0000;181;159;-0.0244;167.7481;0.5954;0.3627;167.6742;174.5;255.7;270.0;270.0
411.0;2.2198;2.2042;0.5920;0.0000;185;163;-0.0244;168.7939;0.6031;0.3847;168.4738;175.8;256.3;270.0;270.0
411.5;2.2143;2.2028;0.6442;0.0000;191;167;0.0538;169.8779;0.6107;0.4066;169.2734;174.5;255.2;270.0;270.0
412.0;2.2097;2.2019;0.6799;0.0000;196;171;-0.0244;170.9237;0.6183;0.4286;170.8726;173.4;255.5;270.0;270.0
412.5;2.2047;2.2010;0.6758;0.0000;200;177;-0.0244;171.9695;0.6260;0.4286;171.6722;170.5;255.0;270.0;270.0
413.0;2.1996;2.2001;0.6648;0.0000;204;181;0.0538;173.0534;0.6336;0.4506;172.4718;169.4;255.0;270.0;270.0
413.5;2.1946;2.1996;0.6964;0.0000;214;189;-0.0342;174.0992;0.6412;0.4726;174.0710;170.8;255.0;270.0;270.0
414.0;2.1905;2.1996;0.6099;0.0000;222;198;0.0538;175.1832;0.6565;0.4945;174.8707;169.4;255.0;270.0;270.0
414.5;2.1868;2.1996;0.6951;0.0000;226;198;-0.1124;176.2672;0.6641;0.5165;175.6703;167.6;254.4;270.0;270.0
415.0;2.1841;2.1996;0.6195;0.0000;228;202;-0.0244;177.3130;0.6718;0.5385;177.2695;166.5;253.6;270.0;270.0
415.5;2.1813;2.1996;0.5508;0.0000;228;206;-0.1026;178.3969;0.6794;0.5605;178.0691;165.0;252.6;270.0;270.0
416.0;2.1795;2.1996;0.4986;0.0000;228;210;0.0538;179.4809;0.6947;0.5605;178.8687;164.7;252.3;270.0;270.0
416.5;2.1777;2.1996;0.2885;0.0000;224;218;-0.0147;180.5267;0.7023;0.5824;180.4679;163.4;252.6;270.0;270.0
417.0;2.1763;2.1996;0.0398;0.0000;220;226;-0.0831;181.6107;0.7176;0.5824;181.2675;164.2;252.3;270.0;270.0
417.5;2.1763;2.1996;-0.0591;0.0000;218;228;-0.0049;182.7405;0.7252;0.5824;182.0671;162.3;252.8;270.0;270.0
418.0;2.1777;2.1996;-0.0234;0.0000;220;228;-0.0049;183.9466;0.7405;0.5605;183.6664;161.5;253.6;270.0;270.0
418.5;2.1786;2.1996;-0.0275;0.0000;220;228;-0.0049;184.9924;0.7481;0.5605;184.4660;160.5;253.9;270.0;270.0
419.0;2.1790;2.1996;0.1003;0.0000;220;222;-0.0049;186.1145;0.7634;0.5824;186.0652;158.9;255.0;270.0;270.0
419.5;2.1795;2.1996;0.1923;0.0000;222;218;-0.0147;187.2443;0.7710;0.5824;186.8648;159.4;254.4;270.0;270.0
420.0;2.1813;2.1996;0.2665;0.0000;224;214;-0.0929;188.4046;0.7863;0.5824;187.6644;158.1;254.2;270.0;270.0
420.5;2.1827;2.1996;0.3297;0.0000;228;214;-0.1808;189.5343;0.7939;0.6044;189.2636;158.1;253.6;270.0;270.0
421.0;2.1850;2.1996;0.3503;0.0000;228;210;-0.0831;1.1603;0.0000;-0.0109;0.5557;157.8;253.9;270.0;270.0
421.5;2.1868;2.1996;0.1676;0.0000;222;214;-0.0147;2.2901;0.0000;-0.0109;2.1549;156.8;248.9;270.0;270.0
422.0;2.1886;2.1996;0.0055;0.0000;218;220;-0.0049;3.4122;0.0000;-0.0109;2.9546;154.9;250.2;270.0;270.0
422.5;2.1900;2.1996;-0.0673;0.0000;212;220;-0.0049;4.6183;0.0000;-0.0109;4.5538;154.9;252.6;270.0;270.0
423.0;2.1918;2.1996;-0.1484;0.0000;210;222;0.0049;5.7405;0.0000;-0.0109;5.3534;153.9;254.2;270.0;270.0
423.5;2.1946;2.1996;0.0124;0.0000;214;218;-0.0049;6.9466;0.0000;-0.0109;6.9526;153.6;256.5;270.0;270.0
424.0;2.1973;2.1996;0.0343;0.0000;212;214;-0.0049;8.0763;0.0000;-0.0109;7.7522;152.6;257.6;270.0;270.0
424.5;2.2010;2.1996;0.1319;0.0000;214;210;-0.0049;9.2824;0.0000;-0.0109;8.5518;152.3;259.7;270.0;270.0
425.0;2.2038;2.1996;0.1923;0.0000;212;206;-0.0147;10.4046;0.0000;-0.0109;10.1510;151.8;261.8;270.0;270.0
425.5;2.2065;2.1996;0.2692;0.0000;212;202;-0.0147;11.5344;0.0000;0.0111;10.9506;151.5;262.1;270.0;270.0
426.0;2.2097;2.1996;0.1717;0.0000;208;204;-0.0147;12.7328;0.0000;0.0111;12.5499;151.2;262.1;270.0;270.0
426.5;2.2120;2.1996;0.1044;0.0000;204;204;0.0733;13.9008;0.0000;0.0111;13.3495;150.7;262.3;270.0;270.0
427.0;2.2143;2.1996;-0.0096;0.0000;200;206;0.0733;15.0687;0.0000;0.0111;14.9487;150.7;261.8;270.0;270.0
427.5;2.2157;2.1996;-0.1497;0.0000;195;210;0.1613;16.1908;0.0000;0.0111;15.7483;149.6;261.8;270.0;270.0
428.0;2.2170;2.1996;0.0549;0.0000;198;202;0.0733;17.3588;0.0000;0.0111;17.3475;148.9;262.9;270.0;270.0
428.5;2.2175;2.1996;0.0014;0.0000;196;202;0.0733;18.4427;0.0000;0.0111;18.1471;149.1;262.9;270.0;270.0
429.0;2.2170;2.1996;0.1071;0.0000;198;200;0.0733;19.6107;0.0000;0.0111;18.9467;149.1;263.1;270.0;270.0
429.5;2.2161;2.1996;0.0907;0.0000;195;198;0.0733;20.6947;0.0000;0.0111;20.5460;148.9;263.1;270.0;270.0
430.0;2.2157;2.1992;0.0893;0.0000;191;196;0.0733;21.7786;0.0000;0.0111;21.3456;149.9;264.7;270.0;270.0
430.5;2.2147;2.1987;-0.0824;0.0000;185;196;-0.0831;22.8626;0.0000;0.0111;22.1452;146.7;264.7;270.0;270.0
431.0;2.2143;2.1983;0.0495;0.0000;187;191;-0.0049;23.9924;0.0000;0.0111;23.7444;146.5;265.8;270.0;270.0
431.5;2.2138;2.1973;-0.0426;0.0000;183;191;0.0733;25.1527;0.0000;0.0111;24.5440;144.9;265.2;270.0;270.0
432.0;2.2125;2.1964;-0.2940;0.0000;173;195;0.0049;26.1985;0.0000;0.0111;26.1432;144.6;265.2;270.0;270.0
432.5;2.2111;2.1955;-0.2033;0.0000;175;191;0.0049;27.3282;0.0000;0.0111;26.9428;144.1;266.6;270.0;270.0
433.0;2.2088;2.1941;-0.3214;0.0000;169;193;0.0049;28.3740;0.0076;-0.0109;27.7425;144.6;266.8;270.0;270.0
433.5;2.2065;2.1928;-0.2266;0.0000;169;187;0.0049;29.4962;0.0076;-0.0109;29.3417;142.5;269.5;270.0;270.0
434.0;2.2051;2.1914;-0.2115;0.0000;167;185;0.0049;30.6183;0.0076;-0.0109;30.1413;142.3;270.0;270.0;270.0
434.5;2.2024;2.1896;-0.0577;0.0000;169;181;0.0733;31.6260;0.0000;-0.0109;30.9409;140.9;270.0;270.0;270.0
435.0;2.1987;2.1877;-0.2555;0.0000;163;183;0.0049;32.6718;0.0000;-0.0328;32.5401;141.7;270.0;270.0;270.0
435.5;2.1951;2.1854;-0.2679;0.0000;161;183;0.0049;33.7176;0.0000;-0.0328;33.3397;139.4;270.0;270.0;270.0
436.0;2.1909;2.1832;-0.3132;0.0000;159;183;0.0831;34.8015;0.0000;-0.0328;34.1393;138.6;270.0;270.0;270.0
436.5;2.1864;2.1809;-0.2802;0.0000;159;181;0.0049;35.8473;0.0000;-0.0548;35.7386;136.5;270.0;270.0;270.0
437.0;2.1822;2.1786;-0.0632;0.0000;163;173;-0.0049;36.8931;0.0000;-0.0548;36.5382;135.9;270.0;270.0;270.0
437.5;2.1772;2.1758;-0.1868;0.0000;159;175;0.0049;37.9389;0.0000;-0.0548;37.3378;134.6;270.0;270.0;270.0
438.0;2.1731;2.1731;0.0014;0.0000;163;169;-0.0049;39.0611;0.0000;-0.0548;38.9370;134.3;270.0;270.0;270.0
438.5;2.1694;2.1699;0.0288;0.0000;161;167;-0.0049;40.1069;0.0000;-0.0548;39.7366;133.0;270.0;270.0;270.0
439.0;2.1653;2.1671;0.1154;0.0000;163;163;-0.0049;41.1527;0.0000;-0.0548;40.5362;133.5;270.0;270.0;270.0
439.5;2.1621;2.1635;0.2157;0.0000;163;157;-0.0147;42.2748;0.0000;-0.0548;42.1354;132.0;270.0;270.0;270.0
440.0;2.1584;2.1603;0.4176;0.0000;167;152;-0.0147;43.3206;0.0000;-0.0328;42.9350;130.9;270.0;270.0;270.0
440.5;2.1552;2.1566;0.4780;0.0000;165;146;-0.0244;44.4504;-0.0076;-0.0328;43.7346;129.1;270.0;270.0;270.0
441.0;2.1520;2.1529;0.3695;0.0000;157;146;-0.0147;45.4886;-0.0076;-0.0109;45.3339;128.3;270.0;270.0;270.0
441.5;2.1484;2.1488;0.4602;0.0000;157;142;-0.0244;46.5344;-0.0076;0.0111;46.1335;128.0;270.0;270.0;270.0
442.0;2.1424;2.1451;0.4203;0.0000;153;140;0.0635;47.5420;0.0000;0.0111;46.9331;126.2;270.0;270.0;270.0
442.5;2.1369;2.1406;0.4973;0.0000;155;136;-0.1026;48.6260;0.0000;0.0331;48.5323;125.6;270.0;270.0;270.0
443.0;2.1319;2.1364;0.4904;0.0000;153;134;-0.0244;49.6718;0.0000;0.0331;49.3319;125.1;270.0;270.0;270.0
443.5;2.1264;2.1319;0.5687;0.0000;152;130;-0.0244;50.7176;0.0000;0.0551;50.1315;123.3;270.0;270.0;270.0
444.0;2.1209;2.1273;0.4451;0.0000;148;132;0.0635;51.8015;0.0000;0.0770;51.7307;121.9;270.0;270.0;270.0
444.5;2.1149;2.1223;0.5220;0.0000;148;126;-0.1026;52.8092;0.0000;0.0770;52.5304;121.7;270.0;270.0;270.0
445.0;2.1085;2.1172;0.5467;0.0000;146;124;-0.0244;53.8550;0.0000;0.0990;53.3300;120.6;270.0;270.0;270.0
445.5;2.1030;2.1122;0.5275;0.0000;144;122;-0.0244;54.8931;0.0076;0.1210;54.1296;119.0;270.0;270.0;270.0
446.0;2.0966;2.1067;0.5508;0.0000;144;120;-0.0244;55.9389;0.0076;0.1430;55.7288;117.2;270.0;270.0;270.0
446.5;2.0888;2.1012;0.4190;0.0000;138;122;-0.0244;56.9084;0.0076;0.1430;56.5284;116.9;270.0;270.0;270.0
447.0;2.0810;2.0957;0.4396;0.0000;140;120;-0.1026;57.9084;0.0153;0.1649;57.3280;115.9;270.0;270.0;270.0
447.5;2.0733;2.0897;0.3654;0.0000;134;120;-0.0147;58.9542;0.0153;0.1649;58.9272;115.1;270.0;270.0;270.0
448.0;2.0655;2.0838;0.3846;0.0000;134;118;-0.0147;59.9237;0.0229;0.1869;59.7268;113.8;270.0;270.0;270.0
448.5;2.0572;2.0778;0.3393;0.0000;132;118;-0.0929;60.9237;0.0229;0.1869;60.5265;113.5;270.0;270.0;270.0
449.0;2.0495;2.0714;0.3214;0.0000;128;118;0.0635;61.9313;0.0305;0.1869;61.3261;111.9;270.0;270.0;270.0
449.5;2.0412;2.0650;0.2404;0.0000;126;118;-0.0929;62.9313;0.0305;0.2089;62.9253;111.6;270.0;270.0;270.0
450.0;2.0330;2.0586;0.2431;0.0000;126;116;0.0635;63.9389;0.0382;0.2089;63.7249;110.3;270.0;270.0;270.0
450.5;2.0247;2.0517;0.4492;0.0000;128;109;-0.0244;64.9008;0.0382;0.2308;64.5245;110.3;270.0;270.0;270.0
451.0;2.0174;2.0449;0.2679;0.0000;122;112;-0.0147;65.9466;0.0458;0.2308;65.3241;110.1;270.0;270.0;270.0
451.5;2.0101;2.0380;0.3558;0.0000;122;107;-0.1026;66.9542;0.0458;0.2528;66.9233;109.8;270.0;270.0;270.0
452.0;2.0032;2.0307;0.3118;0.0000;118;107;-0.0147;68.0000;0.0534;0.2528;67.7229;108.7;270.0;270.0;270.0
452.5;1.9959;2.0234;0.3489;0.0000;114;101;-0.0147;68.9618;0.0534;0.2528;68.5226;109.0;270.0;270.0;270.0
453.0;1.9886;2.0160;0.2486;0.0000;110;101;-0.0929;69.9695;0.0611;0.2748;69.3222;108.7;270.0;270.0;270.0
453.5;1.9821;2.0082;0.4753;0.0000;112;93;-0.1026;70.9695;0.0687;0.2748;70.9214;110.1;270.0;270.0;270.0
454.0;1.9757;2.0005;0.4766;0.0000;110;89;-0.0244;72.0153;0.0687;0.2968;71.7210;110.1;270.0;270.0;270.0
454.5;1.9693;1.9927;0.4574;0.0000;107;87;-0.0244;72.9847;0.0763;0.3187;72.5206;109.5;270.0;270.0;270.0
455.0;1.9620;1.9844;0.4286;0.0000;103;83;-0.0244;73.9466;0.0840;0.3187;73.3202;110.3;270.0;270.0;270.0
455.5;1.9542;1.9762;0.2445;0.0000;95;87;0.0635;74.9542;0.0916;0.3187;74.9194;110.3;270.0;270.0;270.0
456.0;1.9469;1.9679;0.3132;0.0000;95;79;-0.0929;75.9542;0.0916;0.3407;75.7190;110.3;270.0;270.0;270.0
456.5;1.9409;1.9592;0.1058;0.0000;87;81;-0.0049;77.0000;0.0992;0.3407;76.5187;110.3;270.0;270.0;270.0
457.0;1.9341;1.9505;0.1676;0.0000;83;77;0.0733;78.0076;0.1069;0.3407;77.3183;109.5;270.0;270.0;270.0
457.5;1.9277;1.9414;-0.0728;0.0000;73;79;-0.0049;79.0534;0.1145;0.3407;78.9175;108.7;270.0;270.0;270.0
458.0;1.9208;1.9322;0.0742;0.0000;73;71;-0.0049;80.0153;0.1221;0.3407;79.7171;108.7;270.0;270.0;270.0