Time(ms);ActualLinearVel;TargetLinearVel;ActualAngularVel;TargetAngularVel;PWML;PWMR;ImuDiff;VelP;VelI;AngP;AngI;RotationFF;LinearFF
general_params = {
fan_speed = 600.000000,
angular_kp = 0.090000,
angular_ki = 0.000500,
angular_kd = 0.050000,
angular_acc_feed_forward_k = 0.000650,
angular_vel_feed_forward_k = 0.008500,
linear_vel_acc_feed_forward_k = 0.033000,
linear_vel_brake_feed_forward_k = 0.025000,
linear_vel_feed_forward_k = 0.141000,
wall_kp = 0.000000,
wall_ki = 0.000000,
wall_kd = 0.000000,
linear_vel_kp = 2.500000,
linear_vel_ki = 0.010000,
linear_vel_kd = 0.000000,
diagonal_walls_kp = 0.000000,
diagonal_walls_ki = 0.000000,
diagonal_walls_kd = 0.000000,
start_wall_break_mm_left = 5.500000,
start_wall_break_mm_right = 7.200000,
enable_wall_break_correction = 1.000000,
max_linear_acc_jerk = 625.000000,
max_linear_brake_jerk = 625.000000,
wheel_radius_mm = 12.750000,
coulomb_ff = 0.180000,
angular_coulomb_ff = 0.000000,
};
t;Vel;TgtVel;AngVel;TgtAngVel;PWM_L;PWM_R;ImuDiff;VelP;VelI;AngP;AngI;RotFF;LinFF
0.0;0.0000;0.0000;-0.0779;0.0000;-1;3;0.2297;0.0003;-0.0012;0.0068;-0.0000;0.0000;0.0079
0.5;0.0000;0.0005;-0.1397;0.0000;1;7;-0.0049;0.0003;-0.0012;0.0117;-0.0000;0.0000;0.0157
1.0;0.0000;0.0009;0.0595;0.0000;7;5;-0.0049;0.0018;-0.0012;-0.0059;-0.0000;0.0000;0.0236
1.5;0.0000;0.0014;-0.0099;0.0000;48;48;-0.0049;0.0018;-0.0012;-0.0000;-0.0000;0.0000;0.2205
2.0;0.0005;0.0023;-0.0656;0.0000;50;52;-0.0049;0.0032;-0.0012;0.0049;-0.0000;0.0000;0.2283
2.5;0.0009;0.0032;-0.1244;0.0000;50;56;-0.0049;0.0047;-0.0012;0.0108;-0.0000;0.0000;0.2362
3.0;0.0014;0.0041;0.0344;0.0000;56;56;-0.0049;0.0062;-0.0012;-0.0039;-0.0000;0.0000;0.2520
3.5;0.0023;0.0055;0.1611;0.0000;62;54;-0.0049;0.0076;-0.0012;-0.0147;-0.0000;0.0000;0.2598
4.0;0.0032;0.0069;0.0809;0.0000;62;60;-0.0049;0.0091;-0.0012;-0.0078;-0.0000;0.0000;0.2677
4.5;0.0041;0.0082;-0.0916;0.0000;62;65;-0.0049;0.0105;-0.0012;0.0078;-0.0000;0.0000;0.2835
5.0;0.0050;0.0101;-0.2290;0.0000;62;71;-0.0049;0.0120;-0.0012;0.0205;-0.0000;0.0000;0.2913
5.5;0.0060;0.0119;-0.0275;0.0000;67;69;-0.0049;0.0135;0.0003;0.0020;-0.0000;0.0000;0.2992
6.0;0.0073;0.0142;0.0351;0.0000;73;71;-0.0049;0.0164;0.0003;-0.0039;-0.0000;0.0000;0.3150
6.5;0.0087;0.0160;0.0847;0.0000;77;73;-0.0049;0.0179;0.0003;-0.0078;-0.0000;0.0000;0.3228
7.0;0.0101;0.0183;-0.0779;0.0000;75;79;-0.0049;0.0193;0.0003;0.0068;-0.0000;0.0000;0.3307
7.5;0.0119;0.0211;-0.2084;0.0000;75;85;-0.0049;0.0223;0.0003;0.0186;-0.0000;0.0000;0.3465
8.0;0.0137;0.0238;-0.0847;0.0000;81;85;-0.0049;0.0252;0.0003;0.0068;-0.0000;0.0000;0.3543
8.5;0.0156;0.0266;-0.0603;0.0000;85;89;-0.0049;0.0267;0.0003;0.0049;-0.0000;0.0000;0.3622
9.0;0.0192;0.0293;-0.0412;0.0000;91;89;-0.0831;0.0252;0.0003;0.0029;-0.0000;0.0000;0.3780
9.5;0.0224;0.0325;-0.1779;0.0000;89;95;-0.0049;0.0252;0.0003;0.0156;-0.0000;0.0000;0.3858
10.0;0.0288;0.0357;-0.0351;0.0000;95;95;-0.0049;0.0164;0.0003;0.0029;-0.0000;0.0000;0.4016
10.5;0.0343;0.0394;0.0794;0.0000;97;93;-0.0049;0.0120;0.0003;-0.0078;-0.0000;0.0000;0.4094
11.0;0.0385;0.0430;0.2153;0.0000;103;93;-0.0049;0.0105;0.0003;-0.0196;-0.0000;0.0000;0.4173
11.5;0.0421;0.0467;-0.0008;0.0000;101;99;-0.0049;0.0105;0.0003;-0.0000;-0.0000;0.0000;0.4331
12.0;0.0490;0.0504;-0.1733;0.0000;99;105;-0.0049;0.0032;0.0003;0.0147;-0.0000;0.0000;0.4409
12.5;0.0545;0.0545;-0.0252;0.0000;103;105;-0.0049;0.0003;0.0003;0.0020;-0.0000;0.0000;0.4488
13.0;0.0591;0.0586;0.0099;0.0000;107;105;-0.0049;-0.0012;0.0003;-0.0010;-0.0000;0.0000;0.4646
13.5;0.0627;0.0632;0.1237;0.0000;112;107;-0.0049;0.0003;0.0003;-0.0117;-0.0000;0.0000;0.4724
14.0;0.0659;0.0678;-0.0076;0.0000;112;112;-0.0049;0.0047;0.0003;-0.0000;-0.0000;0.0000;0.4882
14.5;0.0701;0.0723;-0.1130;0.0000;112;116;-0.0049;0.0047;0.0003;0.0098;-0.0000;0.0000;0.4961
15.0;0.0751;0.0774;-0.0275;0.0000;116;118;-0.0049;0.0047;0.0003;0.0020;-0.0000;0.0000;0.5039
15.5;0.0810;0.0824;-0.1809;0.0000;116;124;0.0049;0.0032;0.0003;0.0156;-0.0000;0.0000;0.5197
16.0;0.0870;0.0875;-0.0679;0.0000;122;124;-0.0049;0.0003;0.0003;0.0059;-0.0000;0.0000;0.5276
16.5;0.0925;0.0929;-0.2481;0.0000;120;132;-0.0733;0.0003;0.0003;0.0215;-0.0000;0.0000;0.5433
17.0;0.0980;0.0980;-0.2092;0.0000;124;134;0.0049;-0.0012;0.0003;0.0186;-0.0000;0.0000;0.5512
17.5;0.1044;0.1039;-0.3435;0.0000;124;140;0.0049;-0.0012;0.0003;0.0303;-0.0000;0.0000;0.5591
18.0;0.1099;0.1094;-0.2618;0.0000;128;140;-0.0733;-0.0012;0.0003;0.0235;0.0010;0.0000;0.5748
18.5;0.1158;0.1154;-0.2702;0.0000;132;142;0.0049;-0.0012;0.0003;0.0235;0.0010;0.0000;0.5827
19.0;0.1218;0.1213;-0.3664;0.0000;132;146;0.0049;-0.0012;0.0003;0.0323;0.0010;0.0000;0.5906
19.5;0.1282;0.1277;-0.3603;0.0000;132;148;0.0049;-0.0026;0.0003;0.0323;0.0010;0.0000;0.5906
20.0;0.1342;0.1337;-0.4863;0.0000;130;150;0.0147;-0.0026;0.0003;0.0430;0.0010;0.0000;0.5906
20.5;0.1406;0.1397;-0.2954;0.0000;134;146;0.0049;-0.0026;0.0003;0.0264;0.0020;0.0000;0.5906
21.0;0.1474;0.1456;-0.3023;0.0000;134;146;-0.0733;-0.0056;0.0003;0.0264;0.0020;0.0000;0.5906
21.5;0.1538;0.1516;-0.2015;0.0000;136;144;0.0049;-0.0070;0.0003;0.0176;0.0020;0.0000;0.5906
22.0;0.1598;0.1575;-0.3221;0.0000;134;148;0.0049;-0.0070;0.0003;0.0283;0.0020;0.0000;0.5906
22.5;0.1658;0.1635;-0.2916;0.0000;134;146;0.0049;-0.0070;0.0003;0.0254;0.0020;0.0000;0.5984
23.0;0.1731;0.1694;-0.4282;0.0000;132;152;0.0147;-0.0100;0.0003;0.0381;0.0020;0.0000;0.5984
23.5;0.1795;0.1754;-0.3763;0.0000;134;150;0.0049;-0.0100;0.0003;0.0332;0.0029;0.0000;0.5984
24.0;0.1864;0.1818;-0.2985;0.0000;136;148;-0.0733;-0.0129;0.0003;0.0264;0.0029;0.0000;0.5984
24.5;0.1923;0.1877;-0.4702;0.0000;132;152;0.0929;-0.0129;0.0003;0.0420;0.0029;0.0000;0.5984
25.0;0.1983;0.1937;-0.4328;0.0000;134;150;-0.0635;-0.0129;0.0003;0.0381;0.0029;0.0000;0.5984
25.5;0.2042;0.1996;-0.4534;0.0000;132;152;0.0147;-0.0114;0.0003;0.0401;0.0029;0.0000;0.5984
26.0;0.2106;0.2056;-0.2824;0.0000;138;148;0.0049;-0.0129;0.0003;0.0244;0.0039;0.0000;0.5984
26.5;0.2179;0.2115;-0.3038;0.0000;136;150;0.0049;-0.0158;0.0003;0.0264;0.0039;0.0000;0.5984
27.0;0.2244;0.2175;-0.1206;0.0000;142;146;-0.0831;-0.0188;0.0003;0.0108;0.0039;0.0000;0.6063
27.5;0.2317;0.2234;-0.2053;0.0000;140;148;0.0049;-0.0217;0.0003;0.0176;0.0039;0.0000;0.6063
28.0;0.2390;0.2294;-0.2282;0.0000;138;148;0.0049;-0.0246;0.0003;0.0196;0.0039;0.0000;0.6063
28.5;0.2463;0.2353;-0.3298;0.0000;136;150;0.0049;-0.0275;0.0003;0.0293;0.0039;0.0000;0.6063
29.0;0.2532;0.2418;-0.2832;0.0000;136;148;-0.0733;-0.0305;0.0003;0.0254;0.0039;0.0000;0.6063
29.5;0.2605;0.2477;-0.2763;0.0000;136;148;0.0831;-0.0334;-0.0012;0.0244;0.0039;0.0000;0.6063
30.0;0.2683;0.2537;-0.3817;0.0000;134;152;0.0049;-0.0378;-0.0012;0.0342;0.0049;0.0000;0.6063
30.5;0.2752;0.2596;-0.2885;0.0000;136;150;0.0049;-0.0407;-0.0012;0.0254;0.0049;0.0000;0.6063
31.0;0.2825;0.2656;-0.4137;0.0000;134;152;0.0049;-0.0422;-0.0012;0.0371;0.0049;0.0000;0.6063
31.5;0.2898;0.2715;-0.2489;0.0000;136;148;-0.0733;-0.0466;-0.0012;0.0215;0.0049;0.0000;0.6142
32.0;0.2972;0.2775;-0.2618;0.0000;136;148;0.0049;-0.0495;-0.0012;0.0235;0.0049;0.0000;0.6142
32.5;0.3036;0.2834;-0.1511;0.0000;138;144;0.0049;-0.0510;-0.0012;0.0127;0.0049;0.0000;0.6142
33.0;0.3109;0.2894;-0.2244;0.0000;136;146;-0.0733;-0.0539;-0.0012;0.0196;0.0049;0.0000;0.6142
33.5;0.3173;0.2953;-0.2496;0.0000;136;148;0.0049;-0.0554;-0.0026;0.0215;0.0059;0.0000;0.6142
34.0;0.3242;0.3017;-0.1802;0.0000;138;146;0.0831;-0.0583;-0.0026;0.0156;0.0059;0.0000;0.6142
34.5;0.3315;0.3077;-0.2359;0.0000;136;148;-0.0733;-0.0612;-0.0026;0.0205;0.0059;0.0000;0.6142
35.0;0.3379;0.3136;-0.1397;0.0000;138;144;-0.0049;-0.0612;-0.0026;0.0117;0.0059;0.0000;0.6142
35.5;0.3452;0.3196;-0.3191;0.0000;134;148;0.0049;-0.0656;-0.0026;0.0283;0.0059;0.0000;0.6142
36.0;0.3516;0.3255;-0.2527;0.0000;134;146;-0.0733;-0.0656;-0.0026;0.0225;0.0059;0.0000;0.6142
36.5;0.3585;0.3315;-0.3427;0.0000;132;150;0.0831;-0.0671;-0.0041;0.0303;0.0059;0.0000;0.6220
37.0;0.3649;0.3375;-0.3084;0.0000;134;148;-0.0733;-0.0686;-0.0041;0.0274;0.0059;0.0000;0.6220
37.5;0.3704;0.3434;-0.3359;0.0000;134;150;0.0049;-0.0686;-0.0041;0.0293;0.0068;0.0000;0.6220
38.0;0.3773;0.3494;-0.2359;0.0000;136;148;0.0049;-0.0700;-0.0041;0.0205;0.0068;0.0000;0.6220
38.5;0.3837;0.3558;-0.2954;0.0000;134;150;0.0049;-0.0700;-0.0041;0.0264;0.0068;0.0000;0.6220
39.0;0.3892;0.3617;-0.3649;0.0000;132;152;0.0049;-0.0700;-0.0041;0.0323;0.0068;0.0000;0.6220
39.5;0.3947;0.3677;-0.2328;0.0000;136;148;-0.0733;-0.0686;-0.0056;0.0205;0.0068;0.0000;0.6220
40.0;0.4006;0.3736;-0.2672;0.0000;136;150;0.0049;-0.0686;-0.0056;0.0235;0.0068;0.0000;0.6220
40.5;0.4071;0.3796;-0.2634;0.0000;136;150;0.0049;-0.0700;-0.0056;0.0235;0.0068;0.0000;0.6220
41.0;0.4135;0.3855;-0.3626;0.0000;136;152;-0.0733;-0.0700;-0.0056;0.0323;0.0078;0.0000;0.6299
41.5;0.4199;0.3915;-0.3603;0.0000;136;153;0.0049;-0.0715;-0.0056;0.0323;0.0078;0.0000;0.6299
42.0;0.4258;0.3974;-0.4763;0.0000;132;155;-0.0635;-0.0715;-0.0070;0.0420;0.0078;0.0000;0.6299
42.5;0.4318;0.4034;-0.3725;0.0000;136;153;0.0049;-0.0715;-0.0070;0.0332;0.0078;0.0000;0.6299
43.0;0.4382;0.4093;-0.3649;0.0000;136;153;0.0049;-0.0715;-0.0070;0.0323;0.0078;0.0000;0.6299
43.5;0.4446;0.4158;-0.4473;0.0000;134;155;0.0147;-0.0730;-0.0070;0.0401;0.0088;0.0000;0.6299
44.0;0.4515;0.4217;-0.4557;0.0000;134;155;-0.0635;-0.0759;-0.0070;0.0401;0.0088;0.0000;0.6299
44.5;0.4574;0.4277;-0.4847;0.0000;134;157;0.0929;-0.0759;-0.0085;0.0430;0.0088;0.0000;0.6299
45.0;0.4652;0.4336;-0.4084;0.0000;136;155;0.0049;-0.0788;-0.0085;0.0362;0.0088;0.0000;0.6299
45.5;0.4716;0.4396;-0.4145;0.0000;136;155;0.0049;-0.0817;-0.0085;0.0371;0.0098;0.0000;0.6378
46.0;0.4780;0.4455;-0.2794;0.0000;138;152;0.0049;-0.0817;-0.0085;0.0244;0.0098;0.0000;0.6378
46.5;0.4844;0.4515;-0.4015;0.0000;134;155;0.0049;-0.0832;-0.0085;0.0352;0.0098;0.0000;0.6378
47.0;0.4899;0.4574;-0.3176;0.0000;138;153;0.0049;-0.0817;-0.0100;0.0283;0.0098;0.0000;0.6378
47.5;0.4954;0.4634;-0.4099;0.0000;136;157;0.0049;-0.0803;-0.0100;0.0362;0.0098;0.0000;0.6378
48.0;0.5014;0.4698;-0.3618;0.0000;138;157;-0.0733;-0.0803;-0.0100;0.0323;0.0098;0.0000;0.6378
48.5;0.5069;0.4757;-0.3260;0.0000;140;155;0.0049;-0.0788;-0.0100;0.0283;0.0108;0.0000;0.6378
49.0;0.5137;0.4817;-0.3710;0.0000;138;157;0.0049;-0.0803;-0.0114;0.0332;0.0108;0.0000;0.6378
49.5;0.5197;0.4876;-0.3901;0.0000;138;157;0.0049;-0.0803;-0.0114;0.0342;0.0108;0.0000;0.6378
50.0;0.5256;0.4936;-0.4321;0.0000;136;159;0.0929;-0.0803;-0.0114;0.0381;0.0108;0.0000;0.6378
50.5;0.5316;0.4995;-0.2664;0.0000;140;155;0.0831;-0.0803;-0.0114;0.0235;0.0108;0.0000;0.6457
51.0;0.5375;0.5055;-0.3519;0.0000;140;159;-0.0733;-0.0817;-0.0114;0.0313;0.0117;0.0000;0.6457
51.5;0.5435;0.5114;-0.2710;0.0000;142;157;0.0049;-0.0817;-0.0129;0.0235;0.0117;0.0000;0.6457
52.0;0.5490;0.5174;-0.3496;0.0000;140;159;0.0049;-0.0788;-0.0129;0.0313;0.0117;0.0000;0.6457
52.5;0.5549;0.5234;-0.3130;0.0000;142;159;0.0049;-0.0788;-0.0129;0.0274;0.0117;0.0000;0.6457
53.0;0.5604;0.5298;-0.2641;0.0000;142;159;0.0831;-0.0788;-0.0129;0.0235;0.0117;0.0000;0.6457
53.5;0.5664;0.5357;-0.1344;0.0000;146;157;-0.0049;-0.0774;-0.0144;0.0117;0.0117;0.0000;0.6457
54.0;0.5714;0.5417;-0.1656;0.0000;146;157;-0.0733;-0.0759;-0.0144;0.0147;0.0117;0.0000;0.6457
54.5;0.5774;0.5476;-0.2595;0.0000;146;161;0.0049;-0.0759;-0.0144;0.0225;0.0117;0.0000;0.6457
55.0;0.5838;0.5536;-0.2496;0.0000;146;161;0.0049;-0.0759;-0.0144;0.0215;0.0127;0.0000;0.6535
55.5;0.5893;0.5595;-0.3107;0.0000;146;163;-0.0733;-0.0759;-0.0144;0.0274;0.0127;0.0000;0.6535
56.0;0.5952;0.5655;-0.2649;0.0000;146;161;0.0049;-0.0744;-0.0158;0.0235;0.0127;0.0000;0.6535
56.5;0.6012;0.5714;-0.2992;0.0000;146;163;0.0049;-0.0744;-0.0158;0.0264;0.0127;0.0000;0.6535
57.0;0.6076;0.5774;-0.1802;0.0000;150;161;0.0049;-0.0759;-0.0158;0.0156;0.0127;0.0000;0.6535
57.5;0.6136;0.5833;-0.2916;0.0000;146;163;0.0049;-0.0759;-0.0158;0.0254;0.0127;0.0000;0.6535
58.0;0.6195;0.5897;-0.2511;0.0000;148;163;0.0049;-0.0759;-0.0158;0.0225;0.0127;0.0000;0.6535
58.5;0.6255;0.5957;-0.2244;0.0000;150;163;0.0049;-0.0759;-0.0173;0.0196;0.0137;0.0000;0.6535
59.0;0.6314;0.6016;-0.2038;0.0000;150;163;0.0049;-0.0759;-0.0173;0.0176;0.0137;0.0000;0.6535
59.5;0.6374;0.6076;-0.1786;0.0000;152;163;0.0049;-0.0744;-0.0173;0.0156;0.0137;0.0000;0.6614
60.0;0.6429;0.6136;-0.2580;0.0000;150;165;0.0049;-0.0744;-0.0173;0.0225;0.0137;0.0000;0.6614
60.5;0.6488;0.6195;-0.1992;0.0000;152;165;-0.0733;-0.0744;-0.0173;0.0176;0.0137;0.0000;0.6614
61.0;0.6543;0.6255;-0.2748;0.0000;150;167;0.0049;-0.0730;-0.0188;0.0244;0.0137;0.0000;0.6614
61.5;0.6598;0.6314;-0.2107;0.0000;152;167;0.0049;-0.0715;-0.0188;0.0186;0.0137;0.0000;0.6614
62.0;0.6658;0.6374;-0.3244;0.0000;152;169;-0.0733;-0.0700;-0.0188;0.0283;0.0137;0.0000;0.6614
62.5;0.6708;0.6438;-0.2412;0.0000;153;169;0.0049;-0.0700;-0.0188;0.0215;0.0147;0.0000;0.6614
63.0;0.6758;0.6497;-0.2786;0.0000;153;169;0.0831;-0.0671;-0.0188;0.0244;0.0147;0.0000;0.6614
63.5;0.6813;0.6557;-0.3466;0.0000;152;171;-0.0733;-0.0656;-0.0202;0.0303;0.0147;0.0000;0.6614
64.0;0.6864;0.6616;-0.2527;0.0000;155;171;0.0049;-0.0627;-0.0202;0.0225;0.0147;0.0000;0.6693
64.5;0.6918;0.6676;-0.2122;0.0000;157;171;-0.0733;-0.0612;-0.0202;0.0186;0.0147;0.0000;0.6693
65.0;0.6964;0.6735;-0.2382;0.0000;157;171;0.0049;-0.0583;-0.0202;0.0205;0.0147;0.0000;0.6693
65.5;0.7024;0.6795;-0.2977;0.0000;157;175;0.0049;-0.0568;-0.0202;0.0264;0.0147;0.0000;0.6693
66.0;0.7070;0.6854;-0.2130;0.0000;159;175;0.0049;-0.0554;-0.0202;0.0186;0.0147;0.0000;0.6693
66.5;0.7125;0.6914;-0.3527;0.0000;157;179;0.0049;-0.0524;-0.0202;0.0313;0.0156;0.0000;0.6693
67.0;0.7166;0.6973;-0.3130;0.0000;157;179;0.0831;-0.0481;-0.0217;0.0274;0.0156;0.0000;0.6693
67.5;0.7207;0.7038;-0.3374;0.0000;159;181;-0.0733;-0.0437;-0.0217;0.0303;0.0156;0.0000;0.6693
68.0;0.7248;0.7097;-0.4275;0.0000;157;185;0.0929;-0.0393;-0.0217;0.0381;0.0156;0.0000;0.6693
68.5;0.7303;0.7157;-0.5053;0.0000;157;187;-0.1417;-0.0378;-0.0217;0.0450;0.0156;0.0000;0.6693
69.0;0.7353;0.7216;-0.4489;0.0000;161;187;0.0929;-0.0349;-0.0217;0.0401;0.0166;0.0000;0.6772
69.5;0.7399;0.7276;-0.4275;0.0000;161;189;0.0929;-0.0319;-0.0217;0.0381;0.0166;0.0000;0.6772
70.0;0.7459;0.7335;-0.4389;0.0000;161;189;-0.0635;-0.0319;-0.0217;0.0391;0.0166;0.0000;0.6772
70.5;0.7518;0.7395;-0.2916;0.0000;167;187;-0.0733;-0.0305;-0.0217;0.0254;0.0166;0.0000;0.6772
71.0;0.7569;0.7454;-0.3947;0.0000;165;189;0.0831;-0.0290;-0.0217;0.0352;0.0166;0.0000;0.6772
71.5;0.7628;0.7514;-0.3282;0.0000;167;189;-0.0733;-0.0290;-0.0217;0.0293;0.0176;0.0000;0.6772
72.0;0.7688;0.7573;-0.3618;0.0000;167;191;0.0049;-0.0290;-0.0217;0.0323;0.0176;0.0000;0.6772
72.5;0.7743;0.7637;-0.2687;0.0000;169;189;0.0831;-0.0275;-0.0231;0.0235;0.0176;0.0000;0.6772
73.0;0.7807;0.7697;-0.2702;0.0000;171;189;-0.0733;-0.0275;-0.0231;0.0235;0.0176;0.0000;0.6772
73.5;0.7866;0.7756;-0.2328;0.0000;171;189;0.0049;-0.0275;-0.0231;0.0205;0.0176;0.0000;0.6850
74.0;0.7921;0.7816;-0.2221;0.0000;171;189;0.0049;-0.0275;-0.0231;0.0196;0.0176;0.0000;0.6850
74.5;0.7976;0.7875;-0.2992;0.0000;171;193;-0.0733;-0.0261;-0.0231;0.0264;0.0176;0.0000;0.6850
75.0;0.8022;0.7935;-0.1649;0.0000;175;189;-0.0733;-0.0231;-0.0231;0.0147;0.0186;0.0000;0.6850
75.5;0.8072;0.7995;-0.2450;0.0000;175;193;0.0049;-0.0202;-0.0231;0.0215;0.0186;0.0000;0.6850
76.0;0.8118;0.8054;-0.1962;0.0000;177;193;0.0049;-0.0158;-0.0231;0.0176;0.0186;0.0000;0.6850
76.5;0.8164;0.8114;-0.2794;0.0000;177;196;0.0049;-0.0129;-0.0231;0.0244;0.0186;0.0000;0.6850
77.0;0.8205;0.8178;-0.2817;0.0000;179;196;-0.0733;-0.0085;-0.0231;0.0244;0.0186;0.0000;0.6850
77.5;0.8246;0.8237;-0.2252;0.0000;181;196;0.0049;-0.0026;-0.0231;0.0196;0.0186;0.0000;0.6850
78.0;0.8288;0.8297;-0.1504;0.0000;183;196;-0.0733;0.0018;-0.0231;0.0127;0.0186;0.0000;0.6929
78.5;0.8329;0.8356;-0.1214;0.0000;185;198;-0.0049;0.0062;-0.0231;0.0108;0.0186;0.0000;0.6929
79.0;0.8370;0.8416;-0.2519;0.0000;185;202;0.0049;0.0105;-0.0231;0.0225;0.0186;0.0000;0.6929
79.5;0.8416;0.8475;-0.2160;0.0000;187;204;0.0831;0.0135;-0.0231;0.0186;0.0196;0.0000;0.6929
80.0;0.8466;0.8535;-0.2450;0.0000;187;204;-0.0733;0.0164;-0.0231;0.0215;0.0196;0.0000;0.6929
80.5;0.8521;0.8594;-0.1809;0.0000;189;204;0.0831;0.0179;-0.0231;0.0156;0.0196;0.0000;0.6929
81.0;0.8571;0.8654;-0.2000;0.0000;191;206;-0.0733;0.0193;-0.0231;0.0176;0.0196;0.0000;0.6929
81.5;0.8626;0.8713;-0.0855;0.0000;195;204;-0.0831;0.0208;-0.0231;0.0068;0.0196;0.0000;0.6929
82.0;0.8681;0.8777;-0.2137;0.0000;191;208;0.0049;0.0223;-0.0231;0.0186;0.0196;0.0000;0.6929
82.5;0.8736;0.8837;-0.1947;0.0000;193;210;0.0831;0.0237;-0.0231;0.0166;0.0196;0.0000;0.6929
83.0;0.8782;0.8897;-0.1198;0.0000;195;208;-0.0049;0.0281;-0.0231;0.0098;0.0196;0.0000;0.7008
83.5;0.8828;0.8956;-0.1580;0.0000;196;210;-0.0733;0.0311;-0.0217;0.0137;0.0196;0.0000;0.7008
84.0;0.8883;0.9016;-0.1183;0.0000;198;212;-0.0049;0.0325;-0.0217;0.0098;0.0196;0.0000;0.7008
84.5;0.8938;0.9075;-0.1664;0.0000;198;214;0.0049;0.0340;-0.0217;0.0147;0.0196;0.0000;0.7008
85.0;0.9002;0.9135;-0.1153;0.0000;200;212;-0.0049;0.0325;-0.0217;0.0098;0.0196;0.0000;0.7008
85.5;0.9061;0.9194;-0.2191;0.0000;198;218;0.0049;0.0325;-0.0217;0.0196;0.0205;0.0000;0.7008
86.0;0.9125;0.9254;-0.1137;0.0000;200;214;-0.0049;0.0325;-0.0217;0.0098;0.0205;0.0000;0.7008
86.5;0.9190;0.9318;-0.1557;0.0000;200;216;0.0049;0.0311;-0.0217;0.0137;0.0205;0.0000;0.7008
87.0;0.9258;0.9377;-0.1168;0.0000;202;214;-0.0831;0.0296;-0.0217;0.0098;0.0205;0.0000;0.7008
87.5;0.9322;0.9437;-0.1023;0.0000;202;214;-0.0049;0.0281;-0.0217;0.0088;0.0205;0.0000;0.7087
88.0;0.9386;0.9496;-0.1595;0.0000;200;218;0.0049;0.0267;-0.0217;0.0137;0.0205;0.0000;0.7087
88.5;0.9446;0.9556;-0.0679;0.0000;204;214;-0.0049;0.0267;-0.0217;0.0059;0.0205;0.0000;0.7087
89.0;0.9515;0.9615;-0.0298;0.0000;204;214;-0.0049;0.0237;-0.0217;0.0020;0.0205;0.0000;0.7087
89.5;0.9579;0.9675;0.0221;0.0000;206;214;-0.0049;0.0237;-0.0202;-0.0029;0.0205;0.0000;0.7087
90.0;0.9647;0.9734;-0.0885;0.0000;204;216;-0.0831;0.0208;-0.0202;0.0078;0.0205;0.0000;0.7087
90.5;0.9707;0.9794;-0.0473;0.0000;204;216;-0.0049;0.0208;-0.0202;0.0039;0.0205;0.0000;0.7087
91.0;0.9762;0.9853;-0.1389;0.0000;202;218;-0.0049;0.0223;-0.0202;0.0117;0.0205;0.0000;0.7087
91.5;0.9821;0.9918;-0.1527;0.0000;204;220;-0.0733;0.0223;-0.0202;0.0137;0.0205;0.0000;0.7087
92.0;0.9881;0.9977;-0.1382;0.0000;204;220;0.0733;0.0223;-0.0202;0.0117;0.0205;0.0000;0.7165
92.5;0.9936;1.0037;-0.2527;0.0000;202;224;0.0049;0.0237;-0.0202;0.0225;0.0205;0.0000;0.7165
93.0;0.9991;1.0096;-0.2679;0.0000;202;226;0.0049;0.0252;-0.0202;0.0235;0.0215;0.0000;0.7165
93.5;1.0055;1.0156;-0.2656;0.0000;204;226;0.0049;0.0252;-0.0202;0.0235;0.0215;0.0000;0.7165
94.0;1.0105;1.0215;-0.2237;0.0000;204;226;0.0049;0.0267;-0.0202;0.0196;0.0215;0.0000;0.7165
94.5;1.0169;1.0275;-0.3137;0.0000;202;228;0.0049;0.0252;-0.0202;0.0274;0.0215;0.0000;0.7165
95.0;1.0234;1.0334;-0.1931;0.0000;206;226;0.0049;0.0237;-0.0202;0.0166;0.0215;0.0000;0.7165
95.5;1.0293;1.0394;-0.2656;0.0000;206;228;0.0049;0.0252;-0.0202;0.0235;0.0215;0.0000;0.7165
96.0;1.0339;1.0453;-0.3053;0.0000;206;230;-0.0733;0.0281;-0.0202;0.0274;0.0215;0.0000;0.7165
96.5;1.0385;1.0517;-0.3649;0.0000;204;234;0.0831;0.0311;-0.0188;0.0323;0.0215;0.0000;0.7165
97.0;1.0440;1.0577;-0.3244;0.0000;206;234;0.0049;0.0325;-0.0188;0.0283;0.0225;0.0000;0.7244
97.5;1.0495;1.0636;-0.3275;0.0000;206;234;0.0831;0.0355;-0.0188;0.0293;0.0225;0.0000;0.7244
98.0;1.0559;1.0696;-0.3832;0.0000;208;236;-0.0733;0.0340;-0.0188;0.0342;0.0225;0.0000;0.7244
98.5;1.0614;1.0755;-0.3527;0.0000;208;236;0.0831;0.0340;-0.0188;0.0313;0.0225;0.0000;0.7244
99.0;1.0673;1.0815;-0.4725;0.0000;206;239;0.0147;0.0355;-0.0188;0.0420;0.0225;0.0000;0.7244
99.5;1.0733;1.0875;-0.3817;0.0000;210;238;0.0049;0.0355;-0.0188;0.0342;0.0235;0.0000;0.7244
100.0;1.0788;1.0934;-0.4260;0.0000;208;239;0.0147;0.0369;-0.0188;0.0381;0.0235;0.0000;0.7244
100.5;1.0847;1.0994;-0.4145;0.0000;210;239;-0.0733;0.0369;-0.0188;0.0371;0.0235;0.0000;0.7244
101.0;1.0902;1.1058;-0.4450;0.0000;210;239;-0.0635;0.0384;-0.0188;0.0391;0.0235;0.0000;0.7244
101.5;1.0948;1.1117;-0.4855;0.0000;210;241;-0.0635;0.0413;-0.0173;0.0430;0.0244;0.0000;0.7323
102.0;1.0998;1.1177;-0.4969;0.0000;212;243;-0.1417;0.0442;-0.0173;0.0440;0.0244;0.0000;0.7323
102.5;1.1053;1.1236;-0.4794;0.0000;214;245;0.0929;0.0442;-0.0173;0.0430;0.0244;0.0000;0.7323
103.0;1.1117;1.1296;-0.4389;0.0000;216;243;-0.0635;0.0442;-0.0173;0.0391;0.0244;0.0000;0.7323
103.5;1.1177;1.1355;-0.5542;0.0000;212;247;0.0147;0.0442;-0.0173;0.0499;0.0254;0.0000;0.7323
104.0;1.1236;1.1415;-0.5443;0.0000;214;247;-0.0635;0.0442;-0.0173;0.0489;0.0254;0.0000;0.7323
104.5;1.1291;1.1474;-0.5397;0.0000;214;247;0.0147;0.0442;-0.0173;0.0479;0.0254;0.0000;0.7323
105.0;1.1351;1.1534;-0.5336;0.0000;214;249;0.0929;0.0442;-0.0173;0.0479;0.0254;0.0000;0.7323
105.5;1.1419;1.1593;-0.5023;0.0000;216;249;0.0147;0.0428;-0.0173;0.0450;0.0264;0.0000;0.7323
106.0;1.1488;1.1658;-0.3969;0.0000;220;245;-0.0733;0.0413;-0.0158;0.0352;0.0264;0.0000;0.7402
106.5;1.1552;1.1717;-0.4366;0.0000;220;247;-0.0635;0.0398;-0.0158;0.0391;0.0264;0.0000;0.7402
107.0;1.1607;1.1777;-0.4725;0.0000;218;249;0.0147;0.0413;-0.0158;0.0420;0.0264;0.0000;0.7402
107.5;1.1662;1.1836;-0.4931;0.0000;218;249;-0.0635;0.0428;-0.0158;0.0440;0.0274;0.0000;0.7402
108.0;1.1717;1.1896;-0.6351;0.0000;216;253;0.0147;0.0442;-0.0158;0.0567;0.0274;0.0000;0.7402
108.5;1.1772;1.1955;-0.7809;0.0000;214;257;-0.0538;0.0442;-0.0158;0.0694;0.0274;0.0000;0.7402
109.0;1.1836;1.2015;-0.8901;0.0000;212;261;0.0244;0.0442;-0.0158;0.0792;0.0283;0.0000;0.7402
109.5;1.1891;1.2074;-1.0046;0.0000;210;265;0.0342;0.0457;-0.0158;0.0899;0.0283;0.0000;0.7402
110.0;1.1955;1.2134;-1.0710;0.0000;208;269;0.1124;0.0442;-0.0144;0.0958;0.0293;0.0000;0.7402
110.5;1.2019;1.2198;-1.0802;0.0000;208;269;0.0342;0.0428;-0.0144;0.0968;0.0293;0.0000;0.7402
111.0;1.2083;1.2257;-1.1137;0.0000;208;269;-0.0440;0.0428;-0.0144;0.0997;0.0303;0.0000;0.7480
111.5;1.2143;1.2317;-1.0740;0.0000;210;269;-0.0440;0.0428;-0.0144;0.0958;0.0303;0.0000;0.7480
112.0;1.2198;1.2376;-0.9802;0.0000;212;267;-0.0440;0.0428;-0.0144;0.0880;0.0313;0.0000;0.7480
112.5;1.2262;1.2436;-0.9214;0.0000;214;265;-0.0538;0.0428;-0.0144;0.0821;0.0313;0.0000;0.7480
113.0;1.2326;1.2495;-0.8885;0.0000;218;267;0.0244;0.0413;-0.0144;0.0792;0.0323;0.0000;0.7480
113.5;1.2399;1.2555;-0.8382;0.0000;218;265;0.0244;0.0384;-0.0144;0.0753;0.0323;0.0000;0.7480
114.0;1.2477;1.2614;-0.8069;0.0000;218;265;-0.0538;0.0340;-0.0144;0.0723;0.0332;0.0000;0.7480
114.5;1.2555;1.2674;-0.8099;0.0000;218;265;-0.0538;0.0281;-0.0129;0.0723;0.0332;0.0000;0.7480
115.0;1.2633;1.2734;-0.7298;0.0000;220;263;0.0244;0.0252;-0.0129;0.0655;0.0342;0.0000;0.7480
115.5;1.2711;1.2798;-0.7359;0.0000;220;261;-0.0538;0.0208;-0.0129;0.0655;0.0342;0.0000;0.7559
116.0;1.2793;1.2857;-0.7313;0.0000;218;261;0.0244;0.0149;-0.0129;0.0655;0.0342;0.0000;0.7559
116.5;1.2871;1.2917;-0.6695;0.0000;220;259;-0.0635;0.0105;-0.0129;0.0596;0.0352;0.0000;0.7559
117.0;1.2949;1.2976;-0.6893;0.0000;218;261;0.0147;0.0062;-0.0129;0.0616;0.0352;0.0000;0.7559
117.5;1.3022;1.3036;-0.6977;0.0000;218;261;0.0929;0.0018;-0.0129;0.0626;0.0352;0.0000;0.7559
118.0;1.3095;1.3095;-0.6855;0.0000;216;259;-0.0635;-0.0012;-0.0129;0.0616;0.0362;0.0000;0.7559
118.5;1.3168;1.3155;-0.7061;0.0000;216;261;0.0244;-0.0041;-0.0129;0.0626;0.0362;0.0000;0.7559
119.0;1.3246;1.3214;-0.7542;0.0000;214;261;0.0244;-0.0085;-0.0129;0.0674;0.0362;0.0000;0.7559
119.5;1.3320;1.3274;-0.7031;0.0000;214;259;0.0244;-0.0114;-0.0129;0.0626;0.0371;0.0000;0.7559
120.0;1.3384;1.3333;-0.7061;0.0000;214;259;-0.0538;-0.0129;-0.0129;0.0626;0.0371;0.0000;0.7638
120.5;1.3443;1.3397;-0.6878;0.0000;216;259;-0.0635;-0.0129;-0.0129;0.0616;0.0371;0.0000;0.7638
121.0;1.3507;1.3457;-0.5786;0.0000;218;257;0.0147;-0.0144;-0.0129;0.0518;0.0381;0.0000;0.7638
121.5;1.3576;1.3516;-0.4504;0.0000;222;253;-0.0635;-0.0158;-0.0129;0.0401;0.0381;0.0000;0.7638
122.0;1.3649;1.3576;-0.4412;0.0000;222;253;0.0147;-0.0188;-0.0129;0.0391;0.0381;0.0000;0.7638
122.5;1.3713;1.3636;-0.3908;0.0000;222;251;-0.0733;-0.0202;-0.0144;0.0342;0.0381;0.0000;0.7638
123.0;1.3777;1.3695;-0.3481;0.0000;224;251;0.0049;-0.0217;-0.0144;0.0313;0.0391;0.0000;0.7638
123.5;1.3842;1.3755;-0.4046;0.0000;222;253;0.0049;-0.0231;-0.0144;0.0362;0.0391;0.0000;0.7638
124.0;1.3906;1.3814;-0.3298;0.0000;224;253;0.0049;-0.0231;-0.0144;0.0293;0.0391;0.0000;0.7638
124.5;1.3970;1.3874;-0.3718;0.0000;222;253;0.0049;-0.0246;-0.0144;0.0332;0.0391;0.0000;0.7717
125.0;1.4038;1.3938;-0.3664;0.0000;222;253;0.0831;-0.0261;-0.0144;0.0323;0.0391;0.0000;0.7717
125.5;1.4107;1.3997;-0.4443;0.0000;220;255;0.0147;-0.0290;-0.0144;0.0391;0.0401;0.0000;0.7717
126.0;1.4176;1.4057;-0.3740;0.0000;222;255;0.0049;-0.0305;-0.0144;0.0332;0.0401;0.0000;0.7717
126.5;1.4235;1.4116;-0.3412;0.0000;222;253;-0.0733;-0.0305;-0.0144;0.0303;0.0401;0.0000;0.7717
127.0;1.4299;1.4176;-0.2878;0.0000;224;253;0.0831;-0.0319;-0.0144;0.0254;0.0401;0.0000;0.7717
127.5;1.4359;1.4235;-0.2084;0.0000;226;253;0.0049;-0.0319;-0.0144;0.0186;0.0401;0.0000;0.7717
128.0;1.4423;1.4295;-0.2656;0.0000;224;255;0.0831;-0.0319;-0.0144;0.0235;0.0401;0.0000;0.7717
128.5;1.4483;1.4354;-0.1000;0.0000;228;251;-0.0049;-0.0319;-0.0144;0.0088;0.0401;0.0000;0.7717
129.0;1.4533;1.4414;-0.1023;0.0000;228;251;-0.0049;-0.0305;-0.0158;0.0088;0.0401;0.0000;0.7717
129.5;1.4588;1.4473;-0.0443;0.0000;230;249;-0.0831;-0.0290;-0.0158;0.0039;0.0401;0.0000;0.7795
130.0;1.4643;1.4538;-0.0405;0.0000;232;251;-0.0049;-0.0275;-0.0158;0.0029;0.0411;0.0000;0.7795
130.5;1.4689;1.4597;0.0611;0.0000;234;249;-0.0049;-0.0246;-0.0158;-0.0059;0.0401;0.0000;0.7795
131.0;1.4730;1.4657;-0.0275;0.0000;234;253;-0.0049;-0.0202;-0.0158;0.0020;0.0401;0.0000;0.7795
131.5;1.4780;1.4716;-0.0244;0.0000;234;255;-0.0049;-0.0158;-0.0158;0.0020;0.0401;0.0000;0.7795
132.0;1.4831;1.4776;0.0237;0.0000;236;255;0.0733;-0.0144;-0.0158;-0.0029;0.0401;0.0000;0.7795
132.5;1.4881;1.4835;0.0076;0.0000;238;255;-0.0049;-0.0129;-0.0158;-0.0010;0.0401;0.0000;0.7795
133.0;1.4931;1.4895;0.0076;0.0000;238;257;-0.0049;-0.0100;-0.0158;-0.0010;0.0401;0.0000;0.7795
133.5;1.4973;1.4954;-0.0863;0.0000;238;261;-0.0049;-0.0056;-0.0158;0.0068;0.0411;0.0000;0.7795
134.0;1.5009;1.5014;-0.1130;0.0000;238;263;-0.0049;0.0003;-0.0158;0.0098;0.0411;0.0000;0.7874
134.5;1.5060;1.5078;-0.1847;0.0000;238;267;0.0049;0.0032;-0.0158;0.0156;0.0411;0.0000;0.7874
135.0;1.5101;1.5137;-0.0511;0.0000;241;265;-0.0049;0.0076;-0.0158;0.0039;0.0411;0.0000;0.7874
135.5;1.5160;1.5197;-0.1260;0.0000;241;267;0.0733;0.0091;-0.0158;0.0108;0.0411;0.0000;0.7874
136.0;1.5211;1.5256;-0.1221;0.0000;243;269;-0.0831;0.0105;-0.0158;0.0108;0.0411;0.0000;0.7874
136.5;1.5261;1.5316;-0.0947;0.0000;245;269;-0.0831;0.0135;-0.0158;0.0078;0.0411;0.0000;0.7874
137.0;1.5311;1.5375;-0.1145;0.0000;245;271;0.0733;0.0149;-0.0158;0.0098;0.0411;0.0000;0.7874
137.5;1.5366;1.5435;-0.0588;0.0000;249;271;-0.0831;0.0164;-0.0158;0.0049;0.0411;0.0000;0.7874
138.0;1.5417;1.5495;-0.1198;0.0000;247;273;-0.0049;0.0193;-0.0158;0.0098;0.0411;0.0000;0.7874
138.5;1.5467;1.5554;-0.1099;0.0000;249;273;-0.0049;0.0208;-0.0158;0.0098;0.0411;0.0000;0.7953
139.0;1.5513;1.5614;-0.2038;0.0000;247;275;-0.0733;0.0237;-0.0158;0.0176;0.0411;0.0000;0.7953
139.5;1.5559;1.5678;-0.0672;0.0000;251;273;-0.0049;0.0281;-0.0144;0.0059;0.0411;0.0000;0.7953
140.0;1.5604;1.5737;-0.1519;0.0000;251;277;0.0049;0.0311;-0.0144;0.0127;0.0411;0.0000;0.7953
140.5;1.5655;1.5797;-0.1260;0.0000;253;279;-0.0049;0.0340;-0.0144;0.0108;0.0411;0.0000;0.7953
141.0;1.5710;1.5856;-0.1198;0.0000;255;279;-0.0049;0.0369;-0.0144;0.0108;0.0411;0.0000;0.7953
141.5;1.5760;1.5916;-0.1206;0.0000;255;281;-0.0049;0.0384;-0.0144;0.0108;0.0411;0.0000;0.7953
142.0;1.5810;1.5975;-0.1664;0.0000;255;283;0.0049;0.0398;-0.0144;0.0147;0.0420;0.0000;0.7953
142.5;1.5856;1.6035;-0.0771;0.0000;259;281;-0.0831;0.0442;-0.0144;0.0068;0.0420;0.0000;0.7953
143.0;1.5902;1.6099;0.0336;0.0000;267;283;-0.0049;0.0486;-0.0144;-0.0039;0.0420;0.0000;0.8110
143.5;1.5948;1.6158;-0.0405;0.0000;269;288;-0.0049;0.0530;-0.0144;0.0029;0.0420;0.0000;0.8189
144.0;1.5994;1.6227;0.0191;0.0000;275;292;-0.0049;0.0574;-0.0129;-0.0020;0.0420;0.0000;0.8346
144.5;1.6039;1.6291;-0.0443;0.0000;277;298;-0.0049;0.0618;-0.0129;0.0039;0.0420;0.0000;0.8425
145.0;1.6090;1.6360;-0.0237;0.0000;283;302;-0.0831;0.0662;-0.0129;0.0020;0.0420;0.0000;0.8504
145.5;1.6140;1.6429;0.0282;0.0000;288;306;0.0733;0.0706;-0.0129;-0.0029;0.0420;0.0000;0.8661
146.0;1.6195;1.6497;0.1084;0.0000;294;308;-0.0049;0.0750;-0.0129;-0.0098;0.0420;0.0000;0.8740
146.5;1.6250;1.6571;0.0748;0.0000;298;314;0.0733;0.0794;-0.0114;-0.0068;0.0420;0.0000;0.8898
147.0;1.6305;1.6644;0.1008;0.0000;302;318;-0.0049;0.0838;-0.0114;-0.0098;0.0411;0.0000;0.8976
147.5;1.6360;1.6722;0.1542;0.0000;310;322;0.0635;0.0897;-0.0114;-0.0147;0.0411;0.0000;0.9134
148.0;1.6424;1.6799;0.1679;0.0000;316;327;-0.0147;0.0926;-0.0114;-0.0156;0.0411;0.0000;0.9213
148.5;1.6484;1.6877;0.2832;0.0000;322;327;-0.0929;0.0970;-0.0100;-0.0264;0.0411;0.0000;0.9370
149.0;1.6548;1.6960;0.2092;0.0000;324;333;0.0635;0.1014;-0.0100;-0.0196;0.0411;0.0000;0.9449
149.5;1.6621;1.7038;0.2168;0.0000;329;339;0.0635;0.1043;-0.0100;-0.0196;0.0411;0.0000;0.9606
150.0;1.6685;1.7125;0.1481;0.0000;333;347;-0.0147;0.1087;-0.0100;-0.0137;0.0411;0.0000;0.9685
150.5;1.6740;1.7207;0.1847;0.0000;339;351;-0.0147;0.1160;-0.0085;-0.0176;0.0411;0.0000;0.9764
151.0;1.6813;1.7294;0.1282;0.0000;343;359;-0.0831;0.1204;-0.0085;-0.0117;0.0411;0.0000;0.9921
151.5;1.6886;1.7381;0.1160;0.0000;347;363;-0.0049;0.1234;-0.0085;-0.0108;0.0411;0.0000;1.0000
152.0;1.6964;1.7473;0.0802;0.0000;351;369;-0.0049;0.1263;-0.0070;-0.0078;0.0411;0.0000;1.0157
152.5;1.7047;1.7564;-0.0626;0.0000;353;376;0.0733;0.1292;-0.0070;0.0049;0.0411;0.0000;1.0236
153.0;1.7129;1.7656;-0.0115;0.0000;359;380;-0.0049;0.1321;-0.0056;0.0010;0.0411;0.0000;1.0394
153.5;1.7212;1.7752;-0.1244;0.0000;361;388;0.0733;0.1336;-0.0056;0.0108;0.0411;0.0000;1.0472
154.0;1.7294;1.7848;-0.1802;0.0000;365;396;0.0049;0.1365;-0.0056;0.0156;0.0411;0.0000;1.0630
154.5;1.7395;1.7944;-0.2275;0.0000;369;402;0.0049;0.1365;-0.0041;0.0196;0.0411;0.0000;1.0709
155.0;1.7486;1.8045;-0.3000;0.0000;370;406;0.0049;0.1395;-0.0041;0.0264;0.0411;0.0000;1.0866
155.5;1.7582;1.8146;-0.4031;0.0000;374;413;-0.0733;0.1395;-0.0041;0.0362;0.0411;0.0000;1.0945
156.0;1.7683;1.8246;-0.4221;0.0000;378;417;0.0147;0.1395;-0.0026;0.0371;0.0411;0.0000;1.1102
156.5;1.7779;1.8352;-0.5023;0.0000;382;425;0.0147;0.1424;-0.0026;0.0450;0.0420;0.0000;1.1181
157.0;1.7880;1.8457;-0.5725;0.0000;384;431;-0.0635;0.1439;-0.0012;0.0508;0.0420;0.0000;1.1339
157.5;1.7981;1.8562;-0.6168;0.0000;388;439;0.0147;0.1439;-0.0012;0.0547;0.0420;0.0000;1.1417
158.0;1.8086;1.8672;-0.7023;0.0000;392;445;-0.1320;0.1453;-0.0012;0.0626;0.0430;0.0000;1.1575
158.5;1.8182;1.8782;-0.7275;0.0000;396;451;-0.0538;0.1483;0.0003;0.0645;0.0430;0.0000;1.1654
159.0;1.8292;1.8892;-0.8466;0.0000;400;460;-0.0538;0.1497;0.0003;0.0753;0.0440;0.0000;1.1811
159.5;1.8407;1.9006;-0.7885;0.0000;406;462;-0.1320;0.1497;0.0018;0.0704;0.0440;0.0000;1.1890
160.0;1.8526;1.9121;-0.8458;0.0000;410;468;0.0244;0.1483;0.0018;0.0753;0.0440;0.0000;1.2047
160.5;1.8649;1.9235;-0.8412;0.0000;413;472;-0.1320;0.1468;0.0018;0.0753;0.0450;0.0000;1.2126
161.0;1.8773;1.9354;-0.8664;0.0000;417;478;-0.0538;0.1439;0.0032;0.0772;0.0450;0.0000;1.2283
161.5;1.8910;1.9473;-0.9649;0.0000;419;484;-0.1320;0.1409;0.0032;0.0860;0.0459;0.0000;1.2362
162.0;1.9048;1.9592;-1.0176;0.0000;423;490;-0.0440;0.1365;0.0047;0.0909;0.0459;0.0000;1.2520
162.5;1.9194;1.9716;-1.0931;0.0000;425;496;-0.0440;0.1292;0.0047;0.0978;0.0469;0.0000;1.2598
163.0;1.9350;1.9840;-1.1305;0.0000;427;500;0.0342;0.1219;0.0047;0.1017;0.0469;0.0000;1.2756
163.5;1.9505;1.9968;-1.1748;0.0000;427;501;-0.0440;0.1146;0.0062;0.1056;0.0479;0.0000;1.2835
164.0;1.9657;2.0092;-1.0366;0.0000;431;500;-0.1222;0.1072;0.0062;0.0929;0.0489;0.0000;1.2835
164.5;1.9817;2.0215;-1.0069;0.0000;431;498;-0.0440;0.0999;0.0062;0.0899;0.0489;0.0000;1.2835
165.0;1.9973;2.0339;-0.9489;0.0000;435;496;-0.0440;0.0911;0.0062;0.0850;0.0499;0.0000;1.2913
165.5;2.0137;2.0467;-0.8855;0.0000;437;496;-0.1320;0.0809;0.0076;0.0792;0.0499;0.0000;1.2913
166.0;2.0302;2.0591;-0.9931;0.0000;431;498;0.0342;0.0706;0.0076;0.0890;0.0499;0.0000;1.2913
166.5;2.0467;2.0714;-1.0595;0.0000;427;498;0.0342;0.0618;0.0076;0.0948;0.0508;0.0000;1.2913
167.0;2.0632;2.0842;-1.1229;0.0000;423;498;-0.0440;0.0516;0.0076;0.1007;0.0518;0.0000;1.2913
167.5;2.0797;2.0966;-1.2198;0.0000;419;500;-0.0440;0.0413;0.0076;0.1095;0.0518;0.0000;1.2992
168.0;2.0962;2.1090;-1.2901;0.0000;415;500;0.1222;0.0325;0.0076;0.1153;0.0528;0.0000;1.2992
168.5;2.1117;2.1218;-1.1931;0.0000;415;498;0.1124;0.0237;0.0076;0.1065;0.0528;0.0000;1.2992
169.0;2.1282;2.1342;-1.1824;0.0000;415;498;0.1124;0.0135;0.0076;0.1056;0.0538;0.0000;1.2992
169.5;2.1447;2.1465;-1.1756;0.0000;413;496;0.0342;0.0032;0.0076;0.1056;0.0547;0.0000;1.3071
170.0;2.1616;2.1589;-1.0824;0.0000;413;492;0.0342;-0.0070;0.0076;0.0968;0.0547;0.0000;1.3071
170.5;2.1786;2.1717;-0.9634;0.0000;413;486;0.0244;-0.0173;0.0076;0.0860;0.0557;0.0000;1.3071
171.0;2.1941;2.1841;-0.8557;0.0000;413;482;0.1026;-0.0261;0.0076;0.0762;0.0557;0.0000;1.3071
171.5;2.2102;2.1964;-0.8809;0.0000;413;482;0.0244;-0.0349;0.0076;0.0792;0.0567;0.0000;1.3071
172.0;2.2257;2.2092;-0.9382;0.0000;410;484;0.0244;-0.0422;0.0076;0.0841;0.0567;0.0000;1.3150
172.5;2.2408;2.2216;-0.9626;0.0000;408;484;0.1808;-0.0481;0.0076;0.0860;0.0577;0.0000;1.3150
173.0;2.2555;2.2340;-0.9618;0.0000;408;482;0.1026;-0.0539;0.0076;0.0860;0.0577;0.0000;1.3150
173.5;2.2697;2.2468;-0.8870;0.0000;408;480;0.1026;-0.0583;0.0076;0.0792;0.0587;0.0000;1.3150
174.0;2.2834;2.2592;-0.8191;0.0000;408;476;0.1026;-0.0612;0.0076;0.0733;0.0587;0.0000;1.3228
174.5;2.2967;2.2715;-0.6626;0.0000;412;474;0.0147;-0.0627;0.0062;0.0587;0.0587;0.0000;1.3228
175.0;2.3100;2.2839;-0.6313;0.0000;412;472;0.0147;-0.0656;0.0062;0.0567;0.0596;0.0000;1.3228
175.5;2.3237;2.2967;-0.6084;0.0000;413;472;0.0929;-0.0686;0.0062;0.0547;0.0596;0.0000;1.3228
176.0;2.3375;2.3091;-0.5427;0.0000;413;470;-0.0635;-0.0715;0.0062;0.0479;0.0596;0.0000;1.3228
176.5;2.3503;2.3214;-0.4916;0.0000;415;470;0.1711;-0.0715;0.0062;0.0440;0.0596;0.0000;1.3307
177.0;2.3622;2.3342;-0.3863;0.0000;419;470;0.0049;-0.0715;0.0047;0.0342;0.0606;0.0000;1.3307
177.5;2.3736;2.3466;-0.2382;0.0000;423;466;0.0831;-0.0686;0.0047;0.0205;0.0606;0.0000;1.3307
178.0;2.3846;2.3590;-0.1824;0.0000;425;466;0.0049;-0.0642;0.0047;0.0156;0.0606;0.0000;1.3307
178.5;2.3956;2.3718;-0.1496;0.0000;429;466;0.0049;-0.0612;0.0047;0.0127;0.0606;0.0000;1.3386
179.0;2.4075;2.3842;0.0260;0.0000;437;464;-0.0831;-0.0598;0.0047;-0.0029;0.0606;0.0000;1.3386
179.5;2.4190;2.3965;0.1282;0.0000;439;462;-0.0049;-0.0568;0.0047;-0.0117;0.0606;0.0000;1.3386
180.0;2.4304;2.4089;0.1084;0.0000;441;466;-0.0831;-0.0539;0.0032;-0.0108;0.0606;0.0000;1.3386
180.5;2.4414;2.4217;0.1397;0.0000;443;466;-0.0147;-0.0510;0.0032;-0.0127;0.0606;0.0000;1.3465
181.0;2.4528;2.4341;0.0061;0.0000;441;472;-0.0049;-0.0481;0.0032;-0.0010;0.0606;0.0000;1.3465
181.5;2.4638;2.4464;-0.0344;0.0000;441;474;-0.0049;-0.0437;0.0032;0.0029;0.0606;0.0000;1.3465
182.0;2.4748;2.4592;-0.1221;0.0000;441;480;-0.0049;-0.0393;0.0032;0.0108;0.0606;0.0000;1.3465
182.5;2.4858;2.4716;-0.0313;0.0000;445;480;-0.0049;-0.0363;0.0032;0.0020;0.0606;0.0000;1.3465
183.0;2.4968;2.4840;0.1313;0.0000;453;476;-0.0831;-0.0319;0.0032;-0.0127;0.0606;0.0000;1.3543
183.5;2.5078;2.4968;0.1351;0.0000;457;480;-0.0049;-0.0290;0.0032;-0.0127;0.0606;0.0000;1.3543
184.0;2.5183;2.5092;0.2725;0.0000;460;478;-0.0929;-0.0246;0.0032;-0.0254;0.0606;0.0000;1.3543
184.5;2.5298;2.5215;0.1260;0.0000;458;484;-0.0049;-0.0202;0.0032;-0.0117;0.0596;0.0000;1.3543
185.0;2.5408;2.5339;0.0687;0.0000;458;486;-0.0049;-0.0173;0.0032;-0.0068;0.0596;0.0000;1.3622
185.5;2.5508;2.5467;-0.0328;0.0000;458;492;-0.0049;-0.0114;0.0018;0.0020;0.0596;0.0000;1.3622
186.0;2.5618;2.5591;-0.0282;0.0000;460;496;0.0733;-0.0070;0.0018;0.0020;0.0596;0.0000;1.3622
186.5;2.5728;2.5714;0.1023;0.0000;468;494;-0.0831;-0.0041;0.0018;-0.0098;0.0596;0.0000;1.3622
187.0;2.5838;2.5842;0.1947;0.0000;474;496;-0.0147;0.0003;0.0018;-0.0176;0.0596;0.0000;1.3622
187.5;2.5943;2.5966;0.2275;0.0000;474;496;-0.0147;0.0047;0.0018;-0.0205;0.0596;0.0000;1.3701
188.0;2.6062;2.6090;0.1763;0.0000;476;498;-0.0929;0.0076;0.0018;-0.0166;0.0596;0.0000;1.3701
188.5;2.6172;2.6218;0.1595;0.0000;476;500;-0.0929;0.0091;0.0032;-0.0147;0.0596;0.0000;1.3701
189.0;2.6291;2.6342;-0.0214;0.0000;474;507;-0.0049;0.0120;0.0032;0.0010;0.0596;0.0000;1.3701
189.5;2.6419;2.6465;-0.1939;0.0000;472;515;0.0831;0.0105;0.0032;0.0166;0.0596;0.0000;1.3780
190.0;2.6534;2.6589;-0.1916;0.0000;474;515;0.0049;0.0135;0.0032;0.0166;0.0596;0.0000;1.3780
190.5;2.6644;2.6717;-0.2504;0.0000;476;519;-0.0733;0.0164;0.0032;0.0215;0.0596;0.0000;1.3780
191.0;2.6754;2.6841;-0.2611;0.0000;476;523;0.0049;0.0208;0.0032;0.0225;0.0606;0.0000;1.3780
191.5;2.6873;2.6964;-0.3137;0.0000;480;525;0.0049;0.0223;0.0032;0.0274;0.0606;0.0000;1.3780
192.0;2.6987;2.7092;-0.3916;0.0000;478;529;-0.0733;0.0252;0.0032;0.0352;0.0606;0.0000;1.3858
192.5;2.7115;2.7216;-0.4137;0.0000;482;533;-0.0733;0.0237;0.0032;0.0371;0.0606;0.0000;1.3858
193.0;2.7253;2.7340;-0.3885;0.0000;484;535;-0.0733;0.0208;0.0032;0.0342;0.0606;0.0000;1.3858
193.5;2.7395;2.7468;-0.3466;0.0000;488;535;-0.0733;0.0164;0.0032;0.0303;0.0606;0.0000;1.3858
194.0;2.7550;2.7592;-0.4092;0.0000;486;537;-0.0733;0.0091;0.0032;0.0362;0.0616;0.0000;1.3937
194.5;2.7706;2.7715;-0.3328;0.0000;488;533;0.0049;0.0018;0.0032;0.0293;0.0616;0.0000;1.3937
195.0;2.7857;2.7839;-0.2863;0.0000;488;531;0.0049;-0.0056;0.0032;0.0254;0.0616;0.0000;1.3937
195.5;2.8017;2.7967;-0.2962;0.0000;486;529;0.0049;-0.0129;0.0032;0.0264;0.0616;0.0000;1.3937
196.0;2.8182;2.8091;-0.3443;0.0000;486;531;-0.0733;-0.0231;0.0032;0.0303;0.0616;0.0000;1.3937
196.5;2.8352;2.8214;-0.4160;0.0000;484;533;0.0147;-0.0334;0.0032;0.0371;0.0626;0.0000;1.4016
197.0;2.8516;2.8342;-0.5481;0.0000;478;535;0.0147;-0.0451;0.0032;0.0489;0.0626;0.0000;1.4016
197.5;2.8677;2.8466;-0.5611;0.0000;474;535;0.0147;-0.0539;0.0032;0.0499;0.0626;0.0000;1.4016
198.0;2.8828;2.8590;-0.6359;0.0000;470;535;-0.0635;-0.0598;0.0018;0.0567;0.0626;0.0000;1.4016
198.5;2.8979;2.8718;-0.7672;0.0000;466;535;0.0244;-0.0656;0.0018;0.0684;0.0635;0.0000;1.4094
199.0;2.9130;2.8842;-0.7771;0.0000;464;535;0.1026;-0.0730;0.0018;0.0694;0.0635;0.0000;1.4094
199.5;2.9281;2.8965;-0.8359;0.0000;460;537;0.1808;-0.0788;0.0018;0.0743;0.0645;0.0000;1.4094
200.0;2.9432;2.9089;-0.8031;0.0000;462;537;0.1808;-0.0861;0.0018;0.0714;0.0645;0.0000;1.4094
200.5;2.9579;2.9217;-0.8084;0.0000;460;539;0.1026;-0.0905;0.0003;0.0723;0.0645;0.0000;1.4094
201.0;2.9721;2.9341;-0.6061;0.0000;464;533;0.0929;-0.0949;0.0003;0.0538;0.0655;0.0000;1.4173
201.5;2.9853;2.9464;-0.6046;0.0000;464;531;0.0147;-0.0979;0.0003;0.0538;0.0655;0.0000;1.4173
202.0;2.9982;2.9592;-0.5298;0.0000;466;529;0.0929;-0.0979;0.0003;0.0469;0.0655;0.0000;1.4173
202.5;3.0105;2.9716;-0.5023;0.0000;466;529;0.0929;-0.0979;-0.0012;0.0450;0.0665;0.0000;1.4173
203.0;3.0224;2.9840;-0.5870;0.0000;464;533;0.0929;-0.0964;-0.0012;0.0528;0.0665;0.0000;1.4252
203.5;3.0339;2.9968;-0.4160;0.0000;470;531;0.0831;-0.0935;-0.0012;0.0371;0.0665;0.0000;1.4252
204.0;3.0458;3.0092;-0.4374;0.0000;472;533;0.0929;-0.0920;-0.0012;0.0391;0.0665;0.0000;1.4252
204.5;3.0572;3.0215;-0.2687;0.0000;478;531;0.0831;-0.0905;-0.0026;0.0235;0.0665;0.0000;1.4252
205.0;3.0691;3.0339;-0.2756;0.0000;480;531;0.0049;-0.0876;-0.0026;0.0244;0.0674;0.0000;1.4252
205.5;3.0806;3.0467;-0.0313;0.0000;486;523;-0.0049;-0.0847;-0.0026;0.0020;0.0674;0.0000;1.4331
206.0;3.0925;3.0591;-0.0191;0.0000;488;525;-0.0049;-0.0832;-0.0026;0.0010;0.0674;0.0000;1.4331
206.5;3.1039;3.0714;0.0916;0.0000;492;525;-0.0049;-0.0817;-0.0041;-0.0088;0.0674;0.0000;1.4331
207.0;3.1154;3.0842;0.0740;0.0000;494;527;0.0733;-0.0788;-0.0041;-0.0068;0.0674;0.0000;1.4331
207.5;3.1268;3.0966;-0.0061;0.0000;496;533;-0.0049;-0.0759;-0.0041;-0.0000;0.0674;0.0000;1.4409
208.0;3.1378;3.1090;0.1496;0.0000;501;529;-0.0929;-0.0730;-0.0041;-0.0137;0.0665;0.0000;1.4409
208.5;3.1488;3.1218;0.1748;0.0000;501;529;-0.0147;-0.0686;-0.0041;-0.0166;0.0665;0.0000;1.4409
209.0;3.1603;3.1342;0.2115;0.0000;503;529;-0.0147;-0.0656;-0.0056;-0.0196;0.0665;0.0000;1.4409
209.5;3.1708;3.1465;0.0626;0.0000;501;535;-0.0049;-0.0612;-0.0056;-0.0059;0.0665;0.0000;1.4409
210.0;3.1818;3.1589;0.1420;0.0000;507;535;0.0635;-0.0568;-0.0056;-0.0137;0.0665;0.0000;1.4488
210.5;3.1918;3.1717;0.0527;0.0000;509;543;-0.0049;-0.0524;-0.0056;-0.0049;0.0665;0.0000;1.4488
211.0;3.2019;3.1841;0.1664;0.0000;511;539;-0.0147;-0.0451;-0.0056;-0.0156;0.0665;0.0000;1.4409
211.5;3.2115;3.1960;0.1725;0.0000;511;539;-0.0147;-0.0393;-0.0056;-0.0156;0.0665;0.0000;1.4331
212.0;3.2221;3.2083;0.2031;0.0000;509;535;-0.0147;-0.0363;-0.0056;-0.0186;0.0665;0.0000;1.4252
212.5;3.2326;3.2202;0.0763;0.0000;505;537;-0.0049;-0.0319;-0.0056;-0.0078;0.0665;0.0000;1.4173
213.0;3.2422;3.2317;0.0550;0.0000;503;537;0.0733;-0.0275;-0.0070;-0.0059;0.0665;0.0000;1.4016
213.5;3.2518;3.2431;0.0908;0.0000;503;535;-0.0049;-0.0217;-0.0070;-0.0088;0.0665;0.0000;1.3937
214.0;3.2614;3.2546;0.0618;0.0000;503;535;-0.0049;-0.0173;-0.0070;-0.0059;0.0665;0.0000;1.3858
214.5;3.2706;3.2660;0.0412;0.0000;503;537;-0.0049;-0.0129;-0.0070;-0.0039;0.0665;0.0000;1.3780
215.0;3.2798;3.2770;-0.0557;0.0000;500;537;-0.0049;-0.0070;-0.0070;0.0049;0.0665;0.0000;1.3701
215.5;3.2875;3.2880;-0.1496;0.0000;496;537;-0.0733;0.0003;-0.0070;0.0127;0.0665;0.0000;1.3622
216.0;3.2962;3.2990;-0.2008;0.0000;494;539;0.0049;0.0062;-0.0070;0.0176;0.0665;0.0000;1.3543
216.5;3.3054;3.3095;-0.1351;0.0000;496;535;-0.0049;0.0091;-0.0070;0.0117;0.0665;0.0000;1.3465
217.0;3.3164;3.3201;-0.2901;0.0000;492;541;0.0831;0.0091;-0.0070;0.0254;0.0665;0.0000;1.3386
217.5;3.3288;3.3301;-0.2489;0.0000;490;537;-0.0733;0.0032;-0.0070;0.0215;0.0665;0.0000;1.3228
218.0;3.3420;3.3402;-0.3168;0.0000;488;537;-0.0733;-0.0041;-0.0070;0.0283;0.0665;0.0000;1.3150
218.5;3.3558;3.3503;-0.3305;0.0000;484;533;0.0049;-0.0144;-0.0070;0.0293;0.0674;0.0000;1.3071
219.0;3.3686;3.3603;-0.2435;0.0000;482;527;0.0049;-0.0217;-0.0070;0.0215;0.0674;0.0000;1.2992
219.5;3.3805;3.3700;-0.1580;0.0000;480;519;0.0049;-0.0275;-0.0070;0.0137;0.0674;0.0000;1.2913
220.0;3.3924;3.3796;-0.1191;0.0000;474;513;-0.0049;-0.0334;-0.0070;0.0098;0.0674;0.0000;1.2835
220.5;3.4034;3.3887;-0.1641;0.0000;472;511;-0.0733;-0.0378;-0.0070;0.0147;0.0674;0.0000;1.2756
221.0;3.4158;3.3979;-0.1107;0.0000;468;505;-0.0831;-0.0451;-0.0070;0.0098;0.0674;0.0000;1.2598
221.5;3.4272;3.4071;-0.2427;0.0000;462;505;0.0049;-0.0510;-0.0070;0.0215;0.0674;0.0000;1.2520
222.0;3.4386;3.4158;-0.2038;0.0000;458;501;0.0831;-0.0583;-0.0070;0.0176;0.0674;0.0000;1.2441
222.5;3.4510;3.4249;-0.2351;0.0000;455;500;0.1613;-0.0656;-0.0085;0.0205;0.0674;0.0000;1.2362
223.0;3.4620;3.4332;-0.2824;0.0000;447;496;0.0831;-0.0730;-0.0085;0.0244;0.0674;0.0000;1.2283
223.5;3.4721;3.4418;-0.3038;0.0000;443;492;0.0831;-0.0759;-0.0085;0.0264;0.0684;0.0000;1.2205
224.0;3.4817;3.4501;-0.2321;0.0000;439;486;0.0831;-0.0803;-0.0085;0.0205;0.0684;0.0000;1.2126
224.5;3.4904;3.4583;-0.1573;0.0000;437;482;0.0831;-0.0803;-0.0085;0.0137;0.0684;0.0000;1.1969
225.0;3.4977;3.4661;-0.2466;0.0000;431;482;0.0831;-0.0803;-0.0100;0.0215;0.0684;0.0000;1.1890
225.5;3.5046;3.4739;-0.1053;0.0000;433;476;0.0733;-0.0774;-0.0100;0.0088;0.0684;0.0000;1.1811
226.0;3.5119;3.4817;-0.2489;0.0000;427;478;0.0049;-0.0759;-0.0100;0.0215;0.0684;0.0000;1.1732
226.5;3.5174;3.4890;-0.1588;0.0000;427;472;-0.0733;-0.0715;-0.0100;0.0137;0.0684;0.0000;1.1654
227.0;3.5224;3.4963;-0.0641;0.0000;427;468;-0.0049;-0.0656;-0.0100;0.0049;0.0684;0.0000;1.1575
227.5;3.5275;3.5037;-0.0435;0.0000;425;464;-0.0831;-0.0612;-0.0114;0.0029;0.0684;0.0000;1.1417
228.0;3.5330;3.5105;-0.0664;0.0000;425;464;-0.0049;-0.0568;-0.0114;0.0059;0.0684;0.0000;1.1339
228.5;3.5394;3.5174;-0.0855;0.0000;421;462;-0.0049;-0.0554;-0.0114;0.0068;0.0684;0.0000;1.1260
229.0;3.5449;3.5243;-0.0580;0.0000;421;458;0.0733;-0.0524;-0.0114;0.0049;0.0684;0.0000;1.1181
229.5;3.5490;3.5307;-0.0710;0.0000;421;458;-0.0049;-0.0466;-0.0114;0.0059;0.0684;0.0000;1.1102
230.0;3.5536;3.5371;0.2053;0.0000;425;449;-0.0147;-0.0422;-0.0114;-0.0186;0.0684;0.0000;1.0945
230.5;3.5582;3.5435;0.0427;0.0000;419;453;0.0733;-0.0363;-0.0114;-0.0039;0.0684;0.0000;1.0866
231.0;3.5614;3.5495;0.1725;0.0000;421;449;0.0635;-0.0305;-0.0114;-0.0156;0.0684;0.0000;1.0787
231.5;3.5655;3.5554;-0.0405;0.0000;415;453;-0.0049;-0.0246;-0.0114;0.0029;0.0684;0.0000;1.0709
232.0;3.5687;3.5614;0.0802;0.0000;415;447;-0.0049;-0.0188;-0.0129;-0.0078;0.0684;0.0000;1.0630
232.5;3.5723;3.5668;0.1656;0.0000;417;445;-0.0147;-0.0144;-0.0129;-0.0156;0.0684;0.0000;1.0472
233.0;3.5760;3.5723;0.3718;0.0000;421;439;0.0635;-0.0100;-0.0129;-0.0342;0.0684;0.0000;1.0394
233.5;3.5792;3.5778;0.3130;0.0000;417;441;0.0635;-0.0056;-0.0129;-0.0283;0.0684;0.0000;1.0315
234.0;3.5824;3.5829;0.0847;0.0000;412;445;0.0733;0.0003;-0.0129;-0.0078;0.0684;0.0000;1.0236
234.5;3.5847;3.5879;0.3321;0.0000;415;439;-0.0147;0.0062;-0.0129;-0.0303;0.0684;0.0000;1.0157
235.0;3.5875;3.5925;0.2450;0.0000;412;439;-0.0147;0.0120;-0.0129;-0.0225;0.0674;0.0000;1.0000
235.5;3.5907;3.5975;0.4198;0.0000;415;433;0.0538;0.0164;-0.0129;-0.0381;0.0674;0.0000;0.9921
236.0;3.5939;3.6021;0.2489;0.0000;410;437;-0.0147;0.0193;-0.0114;-0.0225;0.0674;0.0000;0.9843
236.5;3.5966;3.6062;0.4031;0.0000;412;431;0.0635;0.0237;-0.0114;-0.0371;0.0674;0.0000;0.9764
237.0;3.5980;3.6103;0.1023;0.0000;404;437;-0.0049;0.0296;-0.0114;-0.0098;0.0674;0.0000;0.9606
237.5;3.5998;3.6145;0.1878;0.0000;406;433;-0.0929;0.0369;-0.0114;-0.0176;0.0674;0.0000;0.9528
238.0;3.6016;3.6186;0.2000;0.0000;404;431;-0.0147;0.0413;-0.0114;-0.0186;0.0674;0.0000;0.9449
238.5;3.6044;3.6223;0.3176;0.0000;406;425;-0.0147;0.0442;-0.0114;-0.0293;0.0665;0.0000;0.9370
239.0;3.6076;3.6259;0.2756;0.0000;404;425;-0.0147;0.0442;-0.0114;-0.0254;0.0665;0.0000;0.9213
239.5;3.6103;3.6291;0.1198;0.0000;398;427;-0.0831;0.0472;-0.0114;-0.0117;0.0665;0.0000;0.9134
240.0;3.6154;3.6323;0.3008;0.0000;400;421;-0.0147;0.0413;-0.0114;-0.0274;0.0665;0.0000;0.9055
240.5;3.6209;3.6355;0.1496;0.0000;394;421;-0.1711;0.0355;-0.0100;-0.0137;0.0665;0.0000;0.8976
241.0;3.6268;3.6387;0.3931;0.0000;398;412;-0.1711;0.0281;-0.0100;-0.0362;0.0665;0.0000;0.8819
241.5;3.6332;3.6415;0.1450;0.0000;388;413;-0.0929;0.0193;-0.0100;-0.0137;0.0665;0.0000;0.8740
242.0;3.6397;3.6442;0.1618;0.0000;382;408;-0.0147;0.0105;-0.0100;-0.0147;0.0665;0.0000;0.8661
242.5;3.6461;3.6465;0.0206;0.0000;374;406;0.0733;0.0018;-0.0100;-0.0020;0.0665;0.0000;0.8583
243.0;3.6516;3.6488;0.0962;0.0000;370;400;0.0733;-0.0085;-0.0100;-0.0088;0.0665;0.0000;0.8425
243.5;3.6566;3.6511;0.2160;0.0000;370;392;-0.0147;-0.0144;-0.0100;-0.0196;0.0655;0.0000;0.8346
244.0;3.6621;3.6529;0.0420;0.0000;361;392;0.0733;-0.0231;-0.0100;-0.0039;0.0655;0.0000;0.8268
244.5;3.6680;3.6552;0.0748;0.0000;357;386;0.0733;-0.0334;-0.0114;-0.0068;0.0655;0.0000;0.8189
245.0;3.6731;3.6566;-0.1023;0.0000;347;386;0.1515;-0.0422;-0.0114;0.0088;0.0655;0.0000;0.8031
245.5;3.6772;3.6584;0.1221;0.0000;349;376;0.0733;-0.0481;-0.0114;-0.0117;0.0655;0.0000;0.7953
246.0;3.6809;3.6598;0.0412;0.0000;341;374;0.0733;-0.0539;-0.0114;-0.0039;0.0655;0.0000;0.7874
246.5;3.6841;3.6612;0.2481;0.0000;341;367;-0.0147;-0.0583;-0.0114;-0.0225;0.0655;0.0000;0.7717
247.0;3.6859;3.6621;0.1427;0.0000;335;363;0.0635;-0.0598;-0.0114;-0.0137;0.0655;0.0000;0.7638
247.5;3.6873;3.6630;0.0962;0.0000;329;361;0.0733;-0.0612;-0.0114;-0.0088;0.0655;0.0000;0.7559
248.0;3.6882;3.6639;-0.1366;0.0000;322;363;0.0049;-0.0612;-0.0129;0.0117;0.0655;0.0000;0.7480
248.5;3.6877;3.6644;0.0618;0.0000;324;355;-0.0831;-0.0583;-0.0129;-0.0059;0.0655;0.0000;0.7323
249.0;3.6868;3.6648;0.2244;0.0000;326;349;-0.0147;-0.0554;-0.0129;-0.0205;0.0655;0.0000;0.7244
249.5;3.6859;3.6653;-0.0115;0.0000;318;353;0.1515;-0.0524;-0.0129;0.0010;0.0655;0.0000;0.7165
250.0;3.6850;3.6653;0.1336;0.0000;318;345;0.0733;-0.0495;-0.0129;-0.0127;0.0655;0.0000;0.7008
250.5;3.6836;3.6653;0.0397;0.0000;314;345;0.0733;-0.0466;-0.0129;-0.0039;0.0655;0.0000;0.6929
251.0;3.6818;3.6653;0.3427;0.0000;318;335;-0.0147;-0.0422;-0.0129;-0.0313;0.0655;0.0000;0.6850
251.5;3.6799;3.6648;0.3634;0.0000;318;333;-0.0147;-0.0378;-0.0129;-0.0332;0.0655;0.0000;0.6772
252.0;3.6777;3.6644;0.6511;0.0000;324;326;-0.1026;-0.0334;-0.0144;-0.0587;0.0645;0.0000;0.6693
252.5;3.6758;3.6639;0.5000;0.0000;320;327;0.0538;-0.0319;-0.0144;-0.0459;0.0645;0.0000;0.6614
253.0;3.6731;3.6630;0.5748;0.0000;320;326;0.0538;-0.0261;-0.0144;-0.0518;0.0645;0.0000;0.6535
253.5;3.6690;3.6621;0.8061;0.0000;324;320;-0.0342;-0.0188;-0.0144;-0.0733;0.0635;0.0000;0.6457
254.0;3.6648;3.6612;0.8382;0.0000;324;318;0.0440;-0.0114;-0.0144;-0.0762;0.0635;0.0000;0.6378
254.5;3.6612;3.6598;0.9763;0.0000;324;314;-0.0342;-0.0041;-0.0144;-0.0880;0.0626;0.0000;0.6299
255.0;3.6575;3.6584;0.7389;0.0000;318;318;-0.0342;0.0018;-0.0144;-0.0674;0.0626;0.0000;0.6220
255.5;3.6534;3.6566;0.7977;0.0000;318;316;0.0440;0.0076;-0.0144;-0.0723;0.0626;0.0000;0.6142
256.0;3.6488;3.6552;0.5855;0.0000;314;322;0.0538;0.0149;-0.0144;-0.0528;0.0616;0.0000;0.6063
256.5;3.6433;3.6529;0.7763;0.0000;318;316;-0.0342;0.0237;-0.0144;-0.0704;0.0616;0.0000;0.5984
257.0;3.6378;3.6511;0.6527;0.0000;316;320;0.0538;0.0325;-0.0144;-0.0596;0.0616;0.0000;0.5906
257.5;3.6332;3.6488;0.8366;0.0000;320;314;-0.1124;0.0384;-0.0129;-0.0762;0.0606;0.0000;0.5827
258.0;3.6291;3.6465;0.6611;0.0000;314;316;-0.1026;0.0428;-0.0129;-0.0596;0.0606;0.0000;0.5748
258.5;3.6250;3.6442;0.5672;0.0000;312;316;-0.0244;0.0472;-0.0129;-0.0518;0.0606;0.0000;0.5669
259.0;3.6209;3.6415;0.6779;0.0000;312;312;0.0538;0.0501;-0.0129;-0.0616;0.0596;0.0000;0.5591
259.5;3.6177;3.6387;0.7008;0.0000;312;312;-0.0244;0.0516;-0.0129;-0.0635;0.0596;0.0000;0.5512
260.0;3.6149;3.6355;0.7122;0.0000;310;310;-0.0342;0.0501;-0.0129;-0.0645;0.0587;0.0000;0.5433
260.5;3.6136;3.6323;0.5107;0.0000;304;312;-0.0244;0.0472;-0.0129;-0.0469;0.0587;0.0000;0.5354
261.0;3.6131;3.6291;0.6450;0.0000;304;306;-0.1026;0.0398;-0.0129;-0.0587;0.0587;0.0000;0.5276
261.5;3.6122;3.6259;0.3985;0.0000;296;308;-0.0929;0.0340;-0.0114;-0.0362;0.0587;0.0000;0.5118
262.0;3.6122;3.6223;0.5168;0.0000;292;298;-0.0244;0.0237;-0.0114;-0.0469;0.0577;0.0000;0.5039
262.5;3.6122;3.6186;0.4580;0.0000;288;296;-0.1026;0.0149;-0.0114;-0.0420;0.0577;0.0000;0.4961
263.0;3.6122;3.6145;0.6321;0.0000;288;288;-0.0244;0.0062;-0.0114;-0.0577;0.0577;0.0000;0.4882
263.5;3.6122;3.6103;0.5275;0.0000;283;286;-0.0244;-0.0041;-0.0114;-0.0479;0.0577;0.0000;0.4803
264.0;3.6122;3.6062;0.5603;0.0000;279;283;0.0538;-0.0158;-0.0114;-0.0508;0.0567;0.0000;0.4724
264.5;3.6126;3.6021;0.6565;0.0000;277;275;-0.0244;-0.0275;-0.0114;-0.0596;0.0567;0.0000;0.4646
265.0;3.6122;3.5975;0.5863;0.0000;271;273;0.0538;-0.0378;-0.0129;-0.0538;0.0567;0.0000;0.4567
265.5;3.6117;3.5925;0.7687;0.0000;269;265;0.1222;-0.0481;-0.0129;-0.0694;0.0557;0.0000;0.4488
266.0;3.6108;3.5879;0.5458;0.0000;259;265;0.0538;-0.0568;-0.0129;-0.0499;0.0557;0.0000;0.4409
266.5;3.6090;3.5829;0.6931;0.0000;257;255;0.0440;-0.0656;-0.0129;-0.0626;0.0557;0.0000;0.4331
267.0;3.6044;3.5778;0.5122;0.0000;247;255;0.0538;-0.0686;-0.0129;-0.0469;0.0547;0.0000;0.4252
267.5;3.5998;3.5723;0.6733;0.0000;249;249;0.0538;-0.0686;-0.0129;-0.0616;0.0547;0.0000;0.4173
268.0;3.5939;3.5668;0.6527;0.0000;245;247;-0.0244;-0.0686;-0.0144;-0.0596;0.0547;0.0000;0.4094
268.5;3.5865;3.5614;0.4977;0.0000;239;247;0.0538;-0.0642;-0.0144;-0.0450;0.0538;0.0000;0.3937
269.0;3.5801;3.5554;0.3916;0.0000;236;247;-0.0147;-0.0612;-0.0144;-0.0362;0.0538;0.0000;0.3858
269.5;3.5737;3.5495;0.2290;0.0000;230;247;-0.0147;-0.0612;-0.0144;-0.0215;0.0538;0.0000;0.3780
270.0;3.5668;3.5435;0.3557;0.0000;230;243;0.1417;-0.0598;-0.0144;-0.0323;0.0538;0.0000;0.3701
270.5;3.5600;3.5371;0.2023;0.0000;224;245;0.0635;-0.0568;-0.0144;-0.0186;0.0538;0.0000;0.3622
271.0;3.5522;3.5307;0.3099;0.0000;224;239;-0.0147;-0.0539;-0.0158;-0.0283;0.0538;0.0000;0.3543
271.5;3.5440;3.5243;0.3115;0.0000;224;238;-0.0929;-0.0510;-0.0158;-0.0283;0.0538;0.0000;0.3465
272.0;3.5357;3.5174;0.3336;0.0000;222;236;0.0635;-0.0451;-0.0158;-0.0303;0.0528;0.0000;0.3386
272.5;3.5270;3.5105;0.2359;0.0000;218;236;-0.0147;-0.0407;-0.0158;-0.0215;0.0528;0.0000;0.3307
273.0;3.5179;3.5037;0.3771;0.0000;220;232;-0.0147;-0.0363;-0.0158;-0.0342;0.0528;0.0000;0.3150
273.5;3.5082;3.4963;0.4901;0.0000;222;226;-0.1026;-0.0305;-0.0158;-0.0450;0.0528;0.0000;0.3071
274.0;3.4977;3.4890;0.5313;0.0000;222;224;-0.0244;-0.0217;-0.0158;-0.0479;0.0518;0.0000;0.2992
274.5;3.4876;3.4817;0.6069;0.0000;222;222;-0.0244;-0.0158;-0.0158;-0.0547;0.0518;0.0000;0.2913
275.0;3.4785;3.4739;0.6931;0.0000;222;218;-0.0244;-0.0114;-0.0158;-0.0626;0.0518;0.0000;0.2835
275.5;3.4689;3.4661;0.7656;0.0000;222;214;0.0440;-0.0070;-0.0158;-0.0694;0.0508;0.0000;0.2756
276.0;3.4602;3.4583;0.7618;0.0000;220;212;-0.0342;-0.0056;-0.0158;-0.0694;0.0508;0.0000;0.2677
276.5;3.4505;3.4501;0.8588;0.0000;222;208;-0.0342;-0.0026;-0.0158;-0.0782;0.0508;0.0000;0.2598
277.0;3.4405;3.4418;0.7458;0.0000;216;210;-0.0342;0.0032;-0.0158;-0.0674;0.0499;0.0000;0.2441
277.5;3.4304;3.4332;0.7763;0.0000;214;206;-0.0342;0.0062;-0.0158;-0.0704;0.0499;0.0000;0.2362
278.0;3.4217;3.4249;0.8000;0.0000;212;204;-0.0342;0.0076;-0.0158;-0.0723;0.0489;0.0000;0.2283
278.5;3.4125;3.4158;0.7931;0.0000;210;202;0.0440;0.0076;-0.0158;-0.0723;0.0489;0.0000;0.2205
279.0;3.4029;3.4071;0.8015;0.0000;208;200;-0.0342;0.0091;-0.0158;-0.0723;0.0489;0.0000;0.2126
279.5;3.3933;3.3979;0.8260;0.0000;206;198;-0.0342;0.0105;-0.0158;-0.0753;0.0479;0.0000;0.2047
280.0;3.3832;3.3887;0.7969;0.0000;204;196;-0.0342;0.0135;-0.0158;-0.0723;0.0479;0.0000;0.1969
280.5;3.3741;3.3796;0.7954;0.0000;202;193;-0.0342;0.0135;-0.0158;-0.0723;0.0469;0.0000;0.1811
281.0;3.3649;3.3700;0.8809;0.0000;202;189;0.0440;0.0120;-0.0158;-0.0802;0.0469;0.0000;0.1732
281.5;3.3562;3.3603;0.7740;0.0000;196;189;0.0440;0.0091;-0.0158;-0.0704;0.0469;0.0000;0.1654
282.0;3.3471;3.3503;0.7611;0.0000;193;187;-0.0342;0.0076;-0.0158;-0.0694;0.0459;0.0000;0.1575
282.5;3.3388;3.3402;0.7160;0.0000;189;185;-0.0342;0.0032;-0.0158;-0.0645;0.0459;0.0000;0.1496
283.0;3.3315;3.3301;0.6847;0.0000;185;181;-0.0244;-0.0041;-0.0158;-0.0626;0.0450;0.0000;0.1417
283.5;3.3251;3.3201;0.7168;0.0000;183;175;-0.1124;-0.0144;-0.0158;-0.0655;0.0450;0.0000;0.1260
284.0;3.3191;3.3095;0.8069;0.0000;185;173;0.0440;-0.0231;-0.0158;-0.0733;0.0450;0.0000;0.1339
284.5;3.3127;3.2999;0.7687;0.0000;183;173;-0.0342;-0.0334;-0.0158;-0.0694;0.0440;0.0000;0.1417
285.0;3.3063;3.2898;0.8076;0.0000;183;171;-0.1124;-0.0422;-0.0158;-0.0733;0.0440;0.0000;0.1496
285.5;3.2999;3.2802;0.8985;0.0000;185;167;-0.1124;-0.0510;-0.0158;-0.0811;0.0430;0.0000;0.1575
286.0;3.2935;3.2706;0.9008;0.0000;185;165;-0.0342;-0.0583;-0.0173;-0.0811;0.0430;0.0000;0.1575
286.5;3.2871;3.2614;0.9115;0.0000;185;165;-0.1124;-0.0656;-0.0173;-0.0821;0.0420;0.0000;0.1654
287.0;3.2802;3.2518;0.8198;0.0000;183;167;0.0440;-0.0715;-0.0173;-0.0743;0.0420;0.0000;0.1732
287.5;3.2734;3.2431;0.7595;0.0000;181;169;0.0440;-0.0774;-0.0173;-0.0684;0.0420;0.0000;0.1811
288.0;3.2656;3.2340;0.6237;0.0000;177;171;-0.0244;-0.0803;-0.0173;-0.0567;0.0411;0.0000;0.1890
288.5;3.2573;3.2253;0.6313;0.0000;177;171;0.0538;-0.0803;-0.0188;-0.0577;0.0411;0.0000;0.1969
289.0;3.2486;3.2166;0.4511;0.0000;175;177;-0.0244;-0.0803;-0.0188;-0.0411;0.0411;0.0000;0.1969
289.5;3.2408;3.2083;0.4863;0.0000;177;177;-0.0244;-0.0817;-0.0188;-0.0440;0.0411;0.0000;0.2047
290.0;3.2317;3.2001;0.3794;0.0000;175;179;-0.0147;-0.0788;-0.0188;-0.0342;0.0401;0.0000;0.2126
290.5;3.2225;3.1918;0.2229;0.0000;171;185;0.0635;-0.0774;-0.0188;-0.0205;0.0401;0.0000;0.2205
291.0;3.2138;3.1841;0.1710;0.0000;173;189;0.0635;-0.0759;-0.0202;-0.0156;0.0401;0.0000;0.2283
291.5;3.2060;3.1763;0.1435;0.0000;175;189;-0.0147;-0.0759;-0.0202;-0.0137;0.0401;0.0000;0.2362
292.0;3.1983;3.1685;0.1244;0.0000;175;191;-0.0049;-0.0759;-0.0202;-0.0117;0.0401;0.0000;0.2362
292.5;3.1918;3.1612;-0.0580;0.0000;171;195;-0.0049;-0.0774;-0.0202;0.0049;0.0401;0.0000;0.2441
293.0;3.1850;3.1538;0.0450;0.0000;175;193;0.0733;-0.0788;-0.0202;-0.0049;0.0401;0.0000;0.2520
293.5;3.1790;3.1465;-0.0130;0.0000;173;196;-0.0049;-0.0817;-0.0217;0.0010;0.0401;0.0000;0.2598
294.0;3.1722;3.1392;0.1084;0.0000;177;195;-0.0049;-0.0832;-0.0217;-0.0098;0.0401;0.0000;0.2677
294.5;3.1648;3.1323;0.1328;0.0000;179;195;-0.0049;-0.0817;-0.0217;-0.0127;0.0401;0.0000;0.2756
295.0;3.1575;3.1259;0.1191;0.0000;181;196;-0.0049;-0.0803;-0.0217;-0.0108;0.0401;0.0000;0.2835
295.5;3.1502;3.1190;0.0763;0.0000;181;198;-0.0831;-0.0774;-0.0231;-0.0078;0.0401;0.0000;0.2913
296.0;3.1429;3.1126;0.1107;0.0000;183;198;-0.0049;-0.0759;-0.0231;-0.0108;0.0401;0.0000;0.2913
296.5;3.1355;3.1067;0.2618;0.0000;189;196;-0.0147;-0.0730;-0.0231;-0.0244;0.0401;0.0000;0.2992
297.0;3.1273;3.1003;0.2191;0.0000;189;200;0.0635;-0.0671;-0.0231;-0.0205;0.0391;0.0000;0.3071
297.5;3.1195;3.0948;0.3733;0.0000;195;198;-0.0147;-0.0627;-0.0231;-0.0342;0.0391;0.0000;0.3150
298.0;3.1113;3.0888;0.4107;0.0000;198;200;-0.0147;-0.0568;-0.0231;-0.0371;0.0391;0.0000;0.3228
298.5;3.1035;3.0833;0.5275;0.0000;202;200;0.0538;-0.0510;-0.0246;-0.0479;0.0391;0.0000;0.3307
299.0;3.0957;3.0778;0.4985;0.0000;204;202;0.0538;-0.0466;-0.0246;-0.0450;0.0391;0.0000;0.3386
299.5;3.0893;3.0723;0.6122;0.0000;208;202;0.0538;-0.0422;-0.0246;-0.0557;0.0381;0.0000;0.3465
300.0;3.0815;3.0673;0.5786;0.0000;210;206;-0.0244;-0.0363;-0.0246;-0.0528;0.0381;0.0000;0.3543
300.5;3.0746;3.0623;0.5969;0.0000;214;208;-0.0244;-0.0319;-0.0246;-0.0538;0.0381;0.0000;0.3543
301.0;3.0678;3.0572;0.6099;0.0000;218;212;-0.0244;-0.0261;-0.0246;-0.0557;0.0371;0.0000;0.3622
301.5;3.0604;3.0527;0.5687;0.0000;218;214;-0.0244;-0.0202;-0.0246;-0.0518;0.0371;0.0000;0.3701
302.0;3.0540;3.0481;0.6511;0.0000;222;216;0.0538;-0.0158;-0.0246;-0.0587;0.0371;0.0000;0.3780
302.5;3.0485;3.0440;0.5672;0.0000;224;220;0.0538;-0.0129;-0.0246;-0.0518;0.0362;0.0000;0.3858
303.0;3.0426;3.0394;0.6206;0.0000;226;222;-0.0244;-0.0085;-0.0246;-0.0567;0.0362;0.0000;0.3937
303.5;3.0375;3.0357;0.5145;0.0000;226;226;0.0538;-0.0056;-0.0246;-0.0469;0.0362;0.0000;0.4016
304.0;3.0330;3.0316;0.5748;0.0000;230;228;0.0538;-0.0041;-0.0246;-0.0518;0.0362;0.0000;0.4094
304.5;3.0279;3.0279;0.4634;0.0000;230;232;-0.0244;-0.0012;-0.0246;-0.0420;0.0352;0.0000;0.4173
305.0;3.0247;3.0243;0.5267;0.0000;234;232;-0.0244;-0.0012;-0.0246;-0.0479;0.0352;0.0000;0.4252
305.5;3.0215;3.0206;0.4595;0.0000;234;236;-0.0244;-0.0026;-0.0246;-0.0420;0.0352;0.0000;0.4331
306.0;3.0188;3.0174;0.3916;0.0000;234;238;0.0635;-0.0041;-0.0246;-0.0362;0.0352;0.0000;0.4409
306.5;3.0169;3.0142;0.2809;0.0000;234;241;-0.0147;-0.0070;-0.0246;-0.0254;0.0342;0.0000;0.4409
307.0;3.0156;3.0114;0.3214;0.0000;238;241;-0.0929;-0.0114;-0.0246;-0.0293;0.0342;0.0000;0.4488
307.5;3.0151;3.0087;0.3198;0.0000;238;241;-0.0147;-0.0158;-0.0246;-0.0293;0.0342;0.0000;0.4567
308.0;3.0147;3.0060;0.2809;0.0000;238;243;-0.0147;-0.0231;-0.0246;-0.0254;0.0342;0.0000;0.4646
308.5;3.0156;3.0037;0.3038;0.0000;239;243;-0.0929;-0.0305;-0.0261;-0.0283;0.0342;0.0000;0.4724
309.0;3.0174;3.0009;0.2489;0.0000;238;243;-0.0147;-0.0422;-0.0261;-0.0225;0.0342;0.0000;0.4803
309.5;3.0197;3.0000;0.3611;0.0000;251;251;-0.0929;-0.0510;-0.0261;-0.0332;0.0332;0.0000;0.5276
310.0;3.0215;3.0000;0.3374;0.0000;265;267;0.0635;-0.0554;-0.0261;-0.0313;0.0332;0.0000;0.5984
310.5;3.0243;3.0000;0.4595;0.0000;267;265;0.0538;-0.0612;-0.0261;-0.0420;0.0332;0.0000;0.5984
311.0;3.0266;3.0000;0.3916;0.0000;265;265;0.0635;-0.0671;-0.0261;-0.0362;0.0332;0.0000;0.5984
311.5;3.0284;3.0000;0.4542;0.0000;265;263;-0.0244;-0.0715;-0.0261;-0.0411;0.0332;0.0000;0.5984
312.0;3.0307;3.0000;0.4802;0.0000;263;261;0.1320;-0.0774;-0.0275;-0.0440;0.0323;0.0000;0.5984
312.5;3.0330;3.0000;0.5252;0.0000;261;257;0.0538;-0.0832;-0.0275;-0.0479;0.0323;0.0000;0.5984
313.0;3.0348;3.0000;0.5336;0.0000;261;257;0.0538;-0.0891;-0.0275;-0.0489;0.0323;0.0000;0.5984
313.5;3.0357;3.0000;0.4351;0.0000;257;259;0.0538;-0.0905;-0.0275;-0.0401;0.0323;0.0000;0.5984
314.0;3.0357;3.0000;0.3954;0.0000;255;257;-0.0147;-0.0905;-0.0290;-0.0362;0.0313;0.0000;0.5984
314.5;3.0353;3.0000;0.3863;0.0000;255;259;-0.0147;-0.0891;-0.0290;-0.0352;0.0313;0.0000;0.5984
315.0;3.0343;3.0000;0.4427;0.0000;255;257;-0.0244;-0.0876;-0.0290;-0.0401;0.0313;0.0000;0.5984
315.5;3.0325;3.0000;0.3176;0.0000;253;261;-0.0147;-0.0832;-0.0290;-0.0293;0.0313;0.0000;0.5984
316.0;3.0307;3.0000;0.4244;0.0000;255;257;-0.0244;-0.0788;-0.0305;-0.0391;0.0313;0.0000;0.5984
316.5;3.0288;3.0000;0.2664;0.0000;253;263;-0.0929;-0.0744;-0.0305;-0.0244;0.0303;0.0000;0.5984
317.0;3.0279;3.0000;0.2992;0.0000;255;261;-0.0929;-0.0715;-0.0305;-0.0274;0.0303;0.0000;0.5984
317.5;3.0256;3.0000;0.3908;0.0000;259;261;0.0635;-0.0656;-0.0305;-0.0362;0.0303;0.0000;0.5984
318.0;3.0234;3.0000;0.4183;0.0000;261;261;-0.0147;-0.0598;-0.0305;-0.0381;0.0303;0.0000;0.5984
318.5;3.0211;3.0000;0.4053;0.0000;261;263;0.0538;-0.0539;-0.0305;-0.0371;0.0303;0.0000;0.5984
319.0;3.0188;3.0000;0.2573;0.0000;259;267;0.0635;-0.0481;-0.0319;-0.0235;0.0303;0.0000;0.5984
319.5;3.0160;3.0000;0.3260;0.0000;261;265;0.0635;-0.0407;-0.0319;-0.0303;0.0293;0.0000;0.5984
320.0;3.0137;3.0000;0.1779;0.0000;259;271;-0.0147;-0.0363;-0.0319;-0.0166;0.0293;0.0000;0.5984
320.5;3.0105;3.0000;0.3824;0.0000;267;267;-0.0147;-0.0275;-0.0319;-0.0352;0.0293;0.0000;0.5984
321.0;3.0078;3.0000;0.3687;0.0000;267;269;-0.0049;-0.0202;-0.0319;-0.0342;0.0293;0.0000;0.5984
321.5;3.0064;3.0000;0.5008;0.0000;273;267;0.0538;-0.0173;-0.0319;-0.0459;0.0293;0.0000;0.5984
322.0;3.0050;3.0000;0.4947;0.0000;273;269;-0.0244;-0.0144;-0.0319;-0.0450;0.0283;0.0000;0.5984
322.5;3.0041;3.0000;0.5344;0.0000;275;267;-0.0244;-0.0114;-0.0319;-0.0489;0.0283;0.0000;0.5984
323.0;3.0027;3.0000;0.6924;-0.0176;284;257;-0.0342;-0.0085;-0.0319;-0.0645;0.0283;-0.0235;0.5984
323.5;3.0023;3.0000;0.8046;-0.0527;294;249;-0.0342;-0.0070;-0.0319;-0.0772;0.0274;-0.0471;0.5984
324.0;3.0009;3.0000;0.9023;-0.1053;304;241;0.0440;-0.0041;-0.0319;-0.0909;0.0274;-0.0706;0.5984
324.5;2.9995;3.0000;0.6641;-0.1756;308;241;-0.0244;0.0003;-0.0319;-0.0762;0.0264;-0.0941;0.5984
325.0;2.9977;3.0000;0.6420;-0.2626;314;236;-0.0244;0.0047;-0.0319;-0.0821;0.0264;-0.1176;0.5984
325.5;2.9959;3.0000;0.4580;-0.3679;320;232;-0.0244;0.0091;-0.0319;-0.0753;0.0264;-0.1412;0.5984
326.0;2.9940;3.0000;0.4191;-0.4901;327;226;-0.0244;0.0135;-0.0319;-0.0821;0.0254;-0.1647;0.5984
326.5;2.9918;3.0000;0.3511;-0.6305;337;220;-0.0147;0.0193;-0.0319;-0.0890;0.0254;-0.1882;0.5984
327.0;2.9886;3.0000;0.2137;-0.7878;345;214;-0.0147;0.0267;-0.0319;-0.0909;0.0244;-0.2118;0.5984
327.5;2.9867;3.0000;0.0206;-0.9626;353;210;-0.0049;0.0325;-0.0319;-0.0890;0.0244;-0.2392;0.5984
328.0;2.9853;3.0000;-0.1206;-1.1557;361;204;-0.0049;0.0355;-0.0319;-0.0938;0.0235;-0.2627;0.5984
328.5;2.9849;3.0000;-0.1374;-1.3656;370;195;-0.0049;0.0355;-0.0319;-0.1114;0.0225;-0.2863;0.5984
329.0;2.9858;3.0000;-0.4893;-1.5931;376;193;-0.0635;0.0355;-0.0305;-0.0997;0.0225;-0.3098;0.5984
329.5;2.9863;3.0000;-0.5450;-1.8382;386;181;-0.0635;0.0325;-0.0305;-0.1173;0.0215;-0.3373;0.5984
330.0;2.9876;3.0000;-0.9359;-2.1000;392;179;-0.0538;0.0296;-0.0305;-0.1056;0.0215;-0.3608;0.5984
330.5;2.9904;3.0000;-1.2504;-2.3802;396;171;-0.0440;0.0223;-0.0305;-0.1026;0.0205;-0.3843;0.5984
331.0;2.9936;3.0000;-1.5435;-2.6779;402;163;-0.1808;0.0149;-0.0305;-0.1026;0.0196;-0.4118;0.5984
331.5;2.9959;3.0000;-1.7756;-2.9931;410;153;-0.1026;0.0091;-0.0305;-0.1105;0.0196;-0.4353;0.5984
332.0;2.9982;3.0000;-2.0191;-3.3252;417;144;-0.0929;0.0032;-0.0305;-0.1183;0.0186;-0.4627;0.5984
332.5;2.9995;3.0000;-2.3107;-3.6756;425;134;-0.1613;0.0003;-0.0305;-0.1232;0.0176;-0.4863;0.5984
333.0;3.0009;3.0000;-2.5794;-4.0427;435;124;-0.0733;-0.0026;-0.0305;-0.1320;0.0176;-0.5137;0.5984
333.5;3.0023;3.0000;-2.9595;-4.4282;441;116;-0.0538;-0.0070;-0.0305;-0.1329;0.0166;-0.5412;0.5984
334.0;3.0032;3.0000;-3.1947;-4.8305;451;105;-0.2102;-0.0100;-0.0305;-0.1476;0.0156;-0.5647;0.5984
334.5;3.0046;3.0000;-3.7397;-5.2504;457;101;-0.1906;-0.0129;-0.0305;-0.1369;0.0147;-0.5922;0.5984
335.0;3.0060;3.0000;-4.1084;-5.6878;464;91;-0.0929;-0.0158;-0.0305;-0.1427;0.0147;-0.6196;0.5984
335.5;3.0073;3.0000;-4.6885;-6.1427;468;87;-0.0733;-0.0202;-0.0305;-0.1310;0.0137;-0.6471;0.5984
336.0;3.0087;3.0000;-5.2053;-6.6153;472;79;0.0244;-0.0231;-0.0305;-0.1271;0.0127;-0.6706;0.5984
336.5;3.0105;3.0000;-5.7076;-7.1053;480;71;-0.1222;-0.0275;-0.0305;-0.1261;0.0117;-0.6980;0.5984
337.0;3.0133;3.0000;-6.1656;-7.6130;488;64;-0.0929;-0.0349;-0.0319;-0.1310;0.0117;-0.7255;0.5984
337.5;3.0151;3.0000;-6.5939;-8.1382;496;54;-0.0831;-0.0393;-0.0319;-0.1398;0.0108;-0.7529;0.5984
338.0;3.0169;3.0000;-7.1634;-8.6802;501;46;-0.0733;-0.0437;-0.0319;-0.1369;0.0098;-0.7804;0.5984
338.5;3.0169;3.0000;-7.7313;-9.2405;509;36;-0.2004;-0.0437;-0.0319;-0.1359;0.0088;-0.8078;0.5984
339.0;3.0151;3.0000;-8.1977;-9.8176;519;26;-0.1222;-0.0393;-0.0319;-0.1466;0.0078;-0.8353;0.5984
339.5;3.0128;3.0000;-8.7878;-10.4130;529;19;-0.0831;-0.0334;-0.0319;-0.1466;0.0078;-0.8627;0.5984
340.0;3.0110;3.0000;-9.3099;-11.0252;541;11;-0.1515;-0.0290;-0.0319;-0.1544;0.0068;-0.8902;0.5984
340.5;3.0096;3.0000;-9.8939;-11.6557;550;3;-0.2102;-0.0246;-0.0319;-0.1593;0.0059;-0.9216;0.5984
341.0;3.0073;3.0000;-10.5954;-12.3031;562;-3;-0.2590;-0.0202;-0.0319;-0.1544;0.0049;-0.9490;0.5984
341.5;3.0055;3.0000;-11.2969;-12.9679;572;-9;-0.0831;-0.0144;-0.0319;-0.1505;0.0039;-0.9765;0.5984
342.0;3.0037;3.0000;-12.2038;-13.6504;576;-11;-0.2004;-0.0100;-0.0319;-0.1310;0.0029;-1.0039;0.5984
342.5;3.0023;3.0000;-12.8824;-14.3504;587;-19;-0.1906;-0.0070;-0.0319;-0.1329;0.0029;-1.0353;0.5984
343.0;3.0005;3.0000;-13.7420;-15.0504;587;-17;-0.1417;-0.0026;-0.0319;-0.1183;0.0020;-1.0392;0.5984
343.5;2.9986;3.0000;-14.4351;-15.7504;593;-19;-0.2102;0.0032;-0.0319;-0.1193;0.0010;-1.0471;0.5984
344.0;2.9968;3.0000;-15.2214;-16.4504;595;-21;-0.2590;0.0076;-0.0319;-0.1114;0.0010;-1.0510;0.5984
344.5;2.9954;3.0000;-15.8718;-17.1504;603;-22;-0.2297;0.0105;-0.0319;-0.1153;-0.0000;-1.0588;0.5984
345.0;2.9936;3.0000;-16.5237;-17.8504;607;-26;-0.2102;0.0149;-0.0319;-0.1202;-0.0010;-1.0627;0.5984
345.5;2.9904;3.0000;-17.2611;-18.5504;613;-26;-0.2590;0.0223;-0.0319;-0.1163;-0.0010;-1.0706;0.5984
346.0;2.9876;3.0000;-17.9176;-19.2504;619;-30;-0.3177;0.0296;-0.0319;-0.1202;-0.0020;-1.0745;0.5984
346.5;2.9849;3.0000;-18.5153;-19.9504;627;-34;-0.2102;0.0369;-0.0319;-0.1300;-0.0029;-1.0824;0.5984
347.0;2.9821;3.0000;-19.3130;-20.6504;630;-32;-0.2004;0.0442;-0.0319;-0.1212;-0.0029;-1.0863;0.5984
347.5;2.9803;3.0000;-20.1817;-21.3504;630;-30;-0.2395;0.0486;-0.0319;-0.1056;-0.0039;-1.0941;0.5984
348.0;2.9780;3.0000;-20.8397;-22.0504;634;-32;-0.1320;0.0530;-0.0319;-0.1095;-0.0049;-1.0980;0.5984
348.5;2.9766;3.0000;-21.7145;-22.7328;629;-24;-0.1808;0.0574;-0.0305;-0.0919;-0.0049;-1.0824;0.5984
349.0;2.9753;3.0000;-22.4321;-23.3977;627;-19;-0.1613;0.0604;-0.0305;-0.0870;-0.0059;-1.0667;0.5984
349.5;2.9748;3.0000;-23.2611;-24.0450;619;-11;-0.2102;0.0618;-0.0305;-0.0714;-0.0059;-1.0471;0.5984
350.0;2.9734;3.0000;-23.8992;-24.6756;617;-9;-0.1808;0.0648;-0.0305;-0.0704;-0.0068;-1.0314;0.5984
350.5;2.9712;3.0000;-24.7313;-25.2878;609;1;-0.2297;0.0706;-0.0305;-0.0508;-0.0068;-1.0118;0.5984
351.0;2.9693;3.0000;-25.5000;-25.8832;601;9;-0.2884;0.0750;-0.0290;-0.0352;-0.0068;-0.9961;0.5984
351.5;2.9684;3.0000;-26.1031;-26.4603;599;13;-0.3275;0.0765;-0.0290;-0.0323;-0.0068;-0.9765;0.5984
352.0;2.9693;3.0000;-26.7008;-27.0206;595;15;-0.4154;0.0765;-0.0290;-0.0293;-0.0068;-0.9608;0.5984
352.5;2.9712;3.0000;-27.1824;-27.5626;593;15;-0.4643;0.0706;-0.0290;-0.0352;-0.0078;-0.9412;0.5984
353.0;2.9739;3.0000;-28.0870;-28.0878;582;26;-0.4350;0.0648;-0.0290;-0.0010;-0.0078;-0.9216;0.5984
353.5;2.9799;3.0000;-28.7397;-28.5954;574;30;-0.5621;0.0486;-0.0290;0.0127;-0.0068;-0.9059;0.5984
354.0;2.9853;3.0000;-29.5023;-29.0855;560;36;-0.3763;0.0355;-0.0275;0.0371;-0.0068;-0.8863;0.5984
354.5;2.9904;3.0000;-30.2328;-29.5580;548;44;-0.3568;0.0223;-0.0275;0.0606;-0.0068;-0.8667;0.5984
355.0;2.9950;3.0000;-31.0267;-30.0130;535;52;-0.3275;0.0105;-0.0275;0.0909;-0.0059;-0.8471;0.5984
355.5;2.9982;3.0000;-31.8748;-30.4504;515;64;-0.2199;0.0032;-0.0275;0.1281;-0.0059;-0.8314;0.5984
356.0;2.9991;3.0000;-32.4878;-30.8702;505;69;-0.2590;0.0018;-0.0275;0.1447;-0.0049;-0.8118;0.5984
356.5;2.9995;3.0000;-32.9885;-31.2725;498;75;-0.1222;0.0003;-0.0275;0.1535;-0.0039;-0.7922;0.5984
357.0;2.9986;3.0000;-33.2557;-31.6580;496;75;-0.0733;0.0018;-0.0275;0.1437;-0.0029;-0.7725;0.5984
357.5;2.9959;3.0000;-33.5794;-32.0252;490;79;-0.0244;0.0091;-0.0275;0.1398;-0.0020;-0.7529;0.5984
358.0;2.9936;3.0000;-33.8229;-32.3756;488;81;-0.1515;0.0149;-0.0275;0.1300;-0.0020;-0.7333;0.5984
358.5;2.9895;3.0000;-34.1107;-32.7076;486;87;-0.1417;0.0252;-0.0275;0.1261;-0.0010;-0.7137;0.5984
359.0;2.9858;3.0000;-34.4405;-33.0229;484;95;-0.1320;0.0340;-0.0275;0.1271;-0.0000;-0.6902;0.5984
359.5;2.9817;3.0000;-34.7840;-33.3206;480;103;-0.0440;0.0442;-0.0275;0.1310;0.0010;-0.6706;0.5984
360.0;2.9776;3.0000;-35.0557;-33.6008;478;109;-0.0244;0.0560;-0.0275;0.1310;0.0010;-0.6510;0.5984
360.5;2.9734;3.0000;-35.3038;-33.8626;474;114;-0.0929;0.0648;-0.0275;0.1290;0.0020;-0.6314;0.5984
361.0;2.9698;3.0000;-35.7176;-34.1076;466;124;-0.1515;0.0735;-0.0261;0.1447;0.0029;-0.6118;0.5984
361.5;2.9666;3.0000;-35.8573;-34.3351;464;130;-0.1026;0.0823;-0.0261;0.1369;0.0039;-0.5882;0.5984
362.0;2.9638;3.0000;-36.1885;-34.5450;458;140;-0.1222;0.0897;-0.0261;0.1476;0.0049;-0.5686;0.5984
362.5;2.9611;3.0000;-36.4198;-34.7382;455;148;-0.0147;0.0970;-0.0261;0.1505;0.0049;-0.5490;0.5984
363.0;2.9592;3.0000;-36.5763;-34.9130;453;153;0.0244;0.1014;-0.0246;0.1496;0.0059;-0.5255;0.5984
363.5;2.9565;3.0000;-36.7237;-35.0702;449;159;-0.0440;0.1072;-0.0246;0.1486;0.0068;-0.5059;0.5984
364.0;2.9542;3.0000;-36.9298;-35.2107;443;167;0.0342;0.1131;-0.0246;0.1544;0.0078;-0.4824;0.5984
364.5;2.9515;3.0000;-37.1092;-35.3328;437;177;0.0440;0.1204;-0.0231;0.1593;0.0088;-0.4627;0.5984
365.0;2.9478;3.0000;-37.2130;-35.4382;431;185;-0.0342;0.1292;-0.0231;0.1593;0.0098;-0.4392;0.5984
365.5;2.9437;3.0000;-37.4740;-35.5252;425;195;0.0049;0.1395;-0.0231;0.1750;0.0108;-0.4196;0.5984
366.0;2.9226;3.0000;-37.4046;-35.5954;415;210;0.1026;0.1922;-0.0217;0.1623;0.0117;-0.3961;0.5984
366.5;2.9089;3.0000;-37.5542;-35.6481;419;228;0.1613;0.2274;-0.0217;0.1711;0.0127;-0.3725;0.5984
367.0;2.8997;3.0000;-37.4168;-35.6832;425;236;0.1026;0.2493;-0.0202;0.1554;0.0137;-0.3490;0.5984
367.5;2.8938;3.0000;-37.6015;-35.7008;421;251;0.2102;0.2640;-0.0188;0.1711;0.0147;-0.3294;0.5984
368.0;2.8906;3.0000;-37.6824;-35.7008;417;263;0.1417;0.2713;-0.0173;0.1779;0.0156;-0.3059;0.5984
368.5;2.8897;3.0000;-37.5641;-35.6832;417;267;0.0538;0.2742;-0.0173;0.1691;0.0166;-0.2824;0.5984
369.0;2.8906;3.0000;-37.4641;-35.6481;415;273;0.0538;0.2713;-0.0158;0.1632;0.0166;-0.2588;0.5984
369.5;2.8933;3.0000;-37.3618;-35.5954;412;277;-0.0244;0.2655;-0.0144;0.1584;0.0176;-0.2353;0.5984
370.0;2.8961;3.0000;-37.6656;-35.5252;398;290;0.0635;0.2581;-0.0144;0.1926;0.0186;-0.2118;0.5984
370.5;2.9002;3.0000;-37.5092;-35.4382;394;292;-0.0147;0.2479;-0.0129;0.1857;0.0205;-0.1882;0.5984
371.0;2.9057;3.0000;-37.6924;-35.3328;380;302;-0.0147;0.2347;-0.0114;0.2121;0.0215;-0.1647;0.5984
371.5;2.9121;3.0000;-37.5748;-35.2107;372;308;0.1417;0.2186;-0.0114;0.2121;0.0225;-0.1412;0.5984
372.0;2.9190;3.0000;-37.6733;-35.0702;359;316;0.1417;0.2010;-0.0100;0.2336;0.0235;-0.1176;0.5984
372.5;2.9258;3.0000;-37.7695;-34.9130;343;326;0.2199;0.1849;-0.0100;0.2561;0.0254;-0.0941;0.5984
373.0;2.9313;3.0000;-37.8328;-34.7382;329;335;0.1417;0.1702;-0.0085;0.2776;0.0264;-0.0706;0.5984
373.5;2.9359;3.0000;-37.6000;-34.5450;322;337;0.2199;0.1585;-0.0085;0.2747;0.0283;-0.0471;0.5984
374.0;2.9400;3.0000;-37.3130;-34.3351;314;339;0.3568;0.1483;-0.0070;0.2678;0.0293;-0.0196;0.5984
374.5;2.9432;3.0000;-37.0870;-34.1076;302;343;0.5425;0.1409;-0.0070;0.2678;0.0313;0.0039;0.5984
375.0;2.9455;3.0000;-36.6985;-33.8626;296;347;0.4839;0.1351;-0.0056;0.2551;0.0323;0.0275;0.5984
375.5;2.9478;3.0000;-36.7366;-33.6008;279;361;0.4936;0.1292;-0.0056;0.2815;0.0342;0.0549;0.5984
376.0;2.9501;3.0000;-36.3519;-33.3206;273;367;0.7283;0.1234;-0.0056;0.2727;0.0362;0.0784;0.5984
376.5;2.9533;3.0000;-36.2603;-33.0229;257;378;0.6207;0.1160;-0.0041;0.2913;0.0371;0.1059;0.5984
377.0;2.9570;3.0000;-35.8878;-32.7076;249;384;0.6207;0.1072;-0.0041;0.2854;0.0391;0.1294;0.5984
377.5;2.9606;3.0000;-35.8626;-32.3756;232;398;0.7087;0.0970;-0.0041;0.3138;0.0411;0.1569;0.5984
378.0;2.9652;3.0000;-35.8672;-32.0252;212;412;0.8553;0.0867;-0.0041;0.3451;0.0430;0.1804;0.5984
378.5;2.9702;3.0000;-35.8985;-31.6580;193;427;0.8651;0.0735;-0.0026;0.3812;0.0450;0.2078;0.5984
379.0;2.9766;3.0000;-35.9069;-31.2725;171;443;0.7869;0.0574;-0.0026;0.4164;0.0469;0.2314;0.5984
379.5;2.9835;3.0000;-35.5832;-30.8702;157;451;1.0313;0.0398;-0.0026;0.4233;0.0489;0.2588;0.5984
380.0;2.9904;3.0000;-35.7168;-30.4504;132;468;1.0606;0.0237;-0.0026;0.4731;0.0518;0.2863;0.5984
380.5;2.9968;3.0000;-35.4573;-30.0130;116;480;0.9433;0.0062;-0.0026;0.4897;0.0547;0.3098;0.5984
381.0;3.0023;3.0000;-35.3565;-29.5580;97;494;0.9726;-0.0070;-0.0026;0.5210;0.0577;0.3373;0.5984
381.5;3.0092;3.0000;-34.5656;-29.0855;93;494;1.0508;-0.0231;-0.0026;0.4927;0.0606;0.3647;0.5984
382.0;3.0151;3.0000;-34.1763;-28.5954;77;501;1.1095;-0.0393;-0.0026;0.5015;0.0635;0.3922;0.5984
382.5;3.0197;3.0000;-33.2305;-28.0878;75;496;1.0020;-0.0510;-0.0026;0.4624;0.0655;0.4196;0.5984
383.0;3.0234;3.0000;-32.6053;-27.5626;67;500;1.1388;-0.0598;-0.0041;0.4536;0.0684;0.4471;0.5984
383.5;3.0266;3.0000;-32.0664;-27.0206;56;507;1.1193;-0.0686;-0.0041;0.4536;0.0704;0.4745;0.5984
384.0;3.0284;3.0000;-31.3847;-26.4603;48;511;1.0899;-0.0730;-0.0041;0.4428;0.0733;0.5020;0.5984
384.5;3.0307;3.0000;-30.6542;-25.8832;40;517;1.3050;-0.0788;-0.0041;0.4291;0.0753;0.5294;0.5984
385.0;3.0325;3.0000;-29.5763;-25.2878;40;515;1.4223;-0.0817;-0.0041;0.3851;0.0782;0.5569;0.5984
385.5;3.0330;3.0000;-28.9740;-24.6756;26;525;1.4809;-0.0832;-0.0056;0.3861;0.0802;0.5843;0.5984
386.0;3.0339;3.0000;-27.9924;-24.0450;24;525;1.3636;-0.0861;-0.0056;0.3548;0.0821;0.6118;0.5984
386.5;3.0348;3.0000;-27.7099;-23.3977;5;543;1.5200;-0.0891;-0.0056;0.3881;0.0841;0.6392;0.5984
387.0;3.0371;3.0000;-27.3092;-22.7328;-13;560;1.5689;-0.0935;-0.0056;0.4115;0.0860;0.6706;0.5984
387.5;3.0385;3.0000;-26.8870;-22.0504;-30;578;1.6373;-0.0964;-0.0070;0.4350;0.0890;0.6980;0.5984
388.0;3.0394;3.0000;-26.7626;-21.3504;-58;601;1.7937;-0.0993;-0.0070;0.4868;0.0919;0.7255;0.5984