Time(ms);ActualLinearVel;TargetLinearVel;ActualAngularVel;TargetAngularVel;PWML;PWMR;ImuDiff;VelP;VelI;AngP;AngI;RotationFF;LinearFF
general_params = {
fan_speed = 600.000000,
angular_kp = 0.090000,
angular_ki = 0.000500,
angular_kd = 0.050000,
angular_acc_feed_forward_k = 0.000650,
angular_vel_feed_forward_k = 0.008500,
linear_vel_acc_feed_forward_k = 0.033000,
linear_vel_brake_feed_forward_k = 0.025000,
linear_vel_feed_forward_k = 0.141000,
wall_kp = 0.000000,
wall_ki = 0.000000,
wall_kd = 0.000000,
linear_vel_kp = 2.500000,
linear_vel_ki = 0.010000,
linear_vel_kd = 0.000000,
diagonal_walls_kp = 0.000000,
diagonal_walls_ki = 0.000000,
diagonal_walls_kd = 0.000000,
start_wall_break_mm_left = 5.500000,
start_wall_break_mm_right = 7.200000,
enable_wall_break_correction = 1.000000,
max_linear_acc_jerk = 625.000000,
max_linear_brake_jerk = 625.000000,
wheel_radius_mm = 12.750000,
coulomb_ff = 0.180000,
angular_coulomb_ff = 0.000000,
};
t;Vel;TgtVel;AngVel;TgtAngVel;PWM_L;PWM_R;ImuDiff;VelP;VelI;AngP;AngI;RotFF;LinFF
0.0;0.0000;0.0000;-0.0466;0.0000;1;3;-0.3959;0.0003;-0.0012;0.0039;-0.0000;0.0000;0.0079
0.5;0.0000;0.0005;-0.0832;0.0000;1;5;-0.0049;0.0003;-0.0012;0.0068;-0.0000;0.0000;0.0157
1.0;0.0000;0.0009;-0.0824;0.0000;5;7;-0.0049;0.0018;-0.0012;0.0068;-0.0000;0.0000;0.0236
1.5;0.0000;0.0014;-0.0076;0.0000;48;48;-0.0049;0.0018;-0.0012;-0.0000;-0.0000;0.0000;0.2205
2.0;0.0005;0.0023;0.0527;0.0000;52;50;-0.0049;0.0032;-0.0012;-0.0049;-0.0000;0.0000;0.2283
2.5;0.0009;0.0032;0.0710;0.0000;54;52;-0.0049;0.0047;-0.0012;-0.0068;-0.0000;0.0000;0.2362
3.0;0.0014;0.0041;0.0481;0.0000;56;54;-0.0049;0.0062;-0.0012;-0.0049;-0.0000;0.0000;0.2520
3.5;0.0023;0.0055;0.0298;0.0000;58;58;-0.0049;0.0076;-0.0012;-0.0029;-0.0000;0.0000;0.2598
4.0;0.0032;0.0069;0.0344;0.0000;62;60;-0.0049;0.0091;-0.0012;-0.0039;-0.0010;0.0000;0.2677
4.5;0.0041;0.0082;-0.0221;0.0000;64;64;-0.0049;0.0105;-0.0012;0.0010;-0.0000;0.0000;0.2835
5.0;0.0050;0.0101;-0.0672;0.0000;64;67;-0.0049;0.0120;-0.0012;0.0059;-0.0000;0.0000;0.2913
5.5;0.0060;0.0119;-0.0496;0.0000;67;69;-0.0049;0.0135;0.0003;0.0039;-0.0000;0.0000;0.2992
6.0;0.0073;0.0142;0.0145;0.0000;71;71;-0.0049;0.0164;0.0003;-0.0020;-0.0000;0.0000;0.3150
6.5;0.0105;0.0160;0.0656;0.0000;75;73;0.0733;0.0135;0.0003;-0.0068;-0.0000;0.0000;0.3228
7.0;0.0133;0.0183;0.1076;0.0000;77;75;-0.0049;0.0120;0.0003;-0.0098;-0.0010;0.0000;0.3307
7.5;0.0156;0.0211;0.0573;0.0000;79;77;-0.0049;0.0120;0.0003;-0.0059;-0.0010;0.0000;0.3465
8.0;0.0179;0.0238;0.0176;0.0000;81;81;-0.0049;0.0135;0.0003;-0.0020;-0.0010;0.0000;0.3543
8.5;0.0201;0.0266;0.0504;0.0000;83;83;-0.0049;0.0149;0.0003;-0.0049;-0.0010;0.0000;0.3622
9.0;0.0220;0.0293;0.0687;0.0000;89;87;-0.0049;0.0179;0.0003;-0.0068;-0.0010;0.0000;0.3780
9.5;0.0243;0.0325;0.0832;0.0000;91;89;-0.0049;0.0208;0.0003;-0.0078;-0.0010;0.0000;0.3858
10.0;0.0261;0.0357;0.1214;0.0000;95;91;-0.0049;0.0237;0.0003;-0.0117;-0.0010;0.0000;0.4016
10.5;0.0302;0.0394;0.2443;0.0000;101;93;0.0733;0.0223;0.0003;-0.0225;-0.0010;0.0000;0.4094
11.0;0.0334;0.0430;0.3420;0.0000;105;93;-0.0049;0.0223;0.0003;-0.0313;-0.0010;0.0000;0.4173
11.5;0.0366;0.0467;0.3802;0.0000;109;95;-0.0147;0.0237;0.0003;-0.0352;-0.0010;0.0000;0.4331
12.0;0.0394;0.0504;0.4099;0.0000;112;97;-0.0147;0.0267;0.0003;-0.0371;-0.0010;0.0000;0.4409
12.5;0.0430;0.0545;0.2702;0.0000;112;103;-0.0929;0.0281;0.0003;-0.0244;-0.0020;0.0000;0.4488
13.0;0.0467;0.0586;0.1374;0.0000;112;109;0.0733;0.0296;0.0003;-0.0127;-0.0020;0.0000;0.4646
13.5;0.0508;0.0632;0.0756;0.0000;114;112;-0.0831;0.0296;0.0003;-0.0068;-0.0020;0.0000;0.4724
14.0;0.0554;0.0678;-0.0511;0.0000;114;118;0.0733;0.0311;0.0018;0.0039;-0.0020;0.0000;0.4882
14.5;0.0591;0.0723;-0.0908;0.0000;116;122;-0.0049;0.0325;0.0018;0.0078;-0.0020;0.0000;0.4961
15.0;0.0636;0.0774;-0.1649;0.0000;118;128;0.0049;0.0325;0.0018;0.0147;-0.0020;0.0000;0.5039
15.5;0.0678;0.0824;-0.2221;0.0000;120;132;0.0049;0.0355;0.0018;0.0196;-0.0010;0.0000;0.5197
16.0;0.0723;0.0875;-0.2794;0.0000;122;138;0.0831;0.0369;0.0018;0.0244;-0.0010;0.0000;0.5276
16.5;0.0774;0.0929;-0.2511;0.0000;126;140;0.0049;0.0369;0.0018;0.0225;-0.0010;0.0000;0.5433
17.0;0.0833;0.0980;-0.2916;0.0000;128;144;0.0049;0.0369;0.0018;0.0254;-0.0010;0.0000;0.5512
17.5;0.0888;0.1039;-0.2863;0.0000;132;146;-0.0733;0.0369;0.0018;0.0254;-0.0010;0.0000;0.5591
18.0;0.0948;0.1094;-0.2626;0.0000;136;148;0.0049;0.0369;0.0018;0.0235;-0.0010;0.0000;0.5748
18.5;0.1012;0.1154;-0.2939;0.0000;138;152;0.0049;0.0355;0.0018;0.0264;-0.0010;0.0000;0.5827
19.0;0.1076;0.1213;-0.2939;0.0000;140;153;0.0049;0.0340;0.0032;0.0264;-0.0000;0.0000;0.5906
19.5;0.1140;0.1277;-0.2809;0.0000;142;153;0.0049;0.0325;0.0032;0.0244;-0.0000;0.0000;0.5906
20.0;0.1209;0.1337;-0.2672;0.0000;142;153;0.0049;0.0311;0.0032;0.0235;-0.0000;0.0000;0.5906
20.5;0.1273;0.1397;-0.3695;0.0000;140;155;0.0049;0.0296;0.0032;0.0332;-0.0000;0.0000;0.5906
21.0;0.1337;0.1456;-0.3634;0.0000;140;155;0.0049;0.0281;0.0032;0.0323;-0.0000;0.0000;0.5906
21.5;0.1401;0.1516;-0.3962;0.0000;140;155;0.0049;0.0281;0.0032;0.0352;-0.0000;0.0000;0.5906
22.0;0.1470;0.1575;-0.4176;0.0000;140;157;-0.0733;0.0252;0.0032;0.0371;0.0010;0.0000;0.5906
22.5;0.1534;0.1635;-0.3672;0.0000;142;155;0.0049;0.0237;0.0032;0.0323;0.0010;0.0000;0.5984
23.0;0.1598;0.1694;-0.3107;0.0000;142;155;0.0049;0.0237;0.0032;0.0274;0.0010;0.0000;0.5984
23.5;0.1662;0.1754;-0.3038;0.0000;142;155;-0.0733;0.0223;0.0032;0.0264;0.0010;0.0000;0.5984
24.0;0.1731;0.1818;-0.3504;0.0000;142;155;0.0049;0.0193;0.0032;0.0313;0.0010;0.0000;0.5984
24.5;0.1795;0.1877;-0.2435;0.0000;144;153;0.0049;0.0193;0.0032;0.0215;0.0010;0.0000;0.5984
25.0;0.1854;0.1937;-0.2954;0.0000;144;155;0.0049;0.0193;0.0032;0.0264;0.0020;0.0000;0.5984
25.5;0.1923;0.1996;-0.3130;0.0000;144;157;0.0049;0.0179;0.0032;0.0274;0.0020;0.0000;0.5984
26.0;0.1996;0.2056;-0.2656;0.0000;146;155;0.0049;0.0135;0.0032;0.0235;0.0020;0.0000;0.5984
26.5;0.2060;0.2115;-0.2672;0.0000;144;155;0.0049;0.0120;0.0047;0.0235;0.0020;0.0000;0.5984
27.0;0.2134;0.2175;-0.3290;0.0000;144;157;0.0049;0.0091;0.0047;0.0293;0.0020;0.0000;0.6063
27.5;0.2202;0.2234;-0.2878;0.0000;144;155;-0.0733;0.0076;0.0047;0.0254;0.0020;0.0000;0.6063
28.0;0.2276;0.2294;-0.2191;0.0000;146;153;0.0049;0.0047;0.0047;0.0196;0.0020;0.0000;0.6063
28.5;0.2349;0.2353;-0.2969;0.0000;144;155;0.0049;0.0018;0.0047;0.0264;0.0029;0.0000;0.6063
29.0;0.2422;0.2418;-0.2542;0.0000;144;155;0.0049;-0.0026;0.0047;0.0225;0.0029;0.0000;0.6063
29.5;0.2495;0.2477;-0.2672;0.0000;144;155;0.0049;-0.0056;0.0047;0.0235;0.0029;0.0000;0.6063
30.0;0.2573;0.2537;-0.3244;0.0000;142;155;0.0049;-0.0100;0.0047;0.0283;0.0029;0.0000;0.6063
30.5;0.2647;0.2596;-0.3198;0.0000;142;155;0.0049;-0.0129;0.0032;0.0283;0.0029;0.0000;0.6063
31.0;0.2715;0.2656;-0.3229;0.0000;142;155;0.0049;-0.0158;0.0032;0.0283;0.0029;0.0000;0.6063
31.5;0.2793;0.2715;-0.3458;0.0000;140;155;-0.0733;-0.0202;0.0032;0.0303;0.0039;0.0000;0.6142
32.0;0.2866;0.2775;-0.3450;0.0000;140;155;0.0049;-0.0231;0.0032;0.0303;0.0039;0.0000;0.6142
32.5;0.2935;0.2834;-0.3771;0.0000;140;155;0.0049;-0.0261;0.0032;0.0332;0.0039;0.0000;0.6142
33.0;0.3017;0.2894;-0.3573;0.0000;140;155;0.0049;-0.0319;0.0032;0.0313;0.0039;0.0000;0.6142
33.5;0.3091;0.2953;-0.3214;0.0000;140;153;0.0049;-0.0349;0.0032;0.0283;0.0039;0.0000;0.6142
34.0;0.3168;0.3017;-0.3481;0.0000;140;153;-0.0733;-0.0378;0.0032;0.0313;0.0039;0.0000;0.6142
34.5;0.3233;0.3077;-0.2397;0.0000;142;152;0.0049;-0.0407;0.0032;0.0215;0.0049;0.0000;0.6142
35.0;0.3315;0.3136;-0.3145;0.0000;140;153;0.0049;-0.0451;0.0032;0.0274;0.0049;0.0000;0.6142
35.5;0.3384;0.3196;-0.3489;0.0000;138;153;0.0049;-0.0481;0.0032;0.0313;0.0049;0.0000;0.6142
36.0;0.3457;0.3255;-0.3046;0.0000;138;153;0.0049;-0.0510;0.0018;0.0274;0.0049;0.0000;0.6142
36.5;0.3530;0.3315;-0.3450;0.0000;138;153;-0.0733;-0.0554;0.0018;0.0303;0.0049;0.0000;0.6220
37.0;0.3613;0.3375;-0.3321;0.0000;138;153;0.0049;-0.0598;0.0018;0.0293;0.0049;0.0000;0.6220
37.5;0.3677;0.3434;-0.2802;0.0000;138;152;0.0049;-0.0612;0.0018;0.0244;0.0059;0.0000;0.6220
38.0;0.3750;0.3494;-0.3260;0.0000;136;152;0.0049;-0.0642;0.0018;0.0293;0.0059;0.0000;0.6220
38.5;0.3810;0.3558;-0.3405;0.0000;136;152;0.0049;-0.0642;0.0018;0.0303;0.0059;0.0000;0.6220
39.0;0.3878;0.3617;-0.2954;0.0000;138;152;0.0049;-0.0656;0.0003;0.0264;0.0059;0.0000;0.6220
39.5;0.3947;0.3677;-0.3397;0.0000;136;152;0.0049;-0.0686;0.0003;0.0303;0.0059;0.0000;0.6220
40.0;0.4020;0.3736;-0.3153;0.0000;138;152;0.0049;-0.0730;0.0003;0.0274;0.0059;0.0000;0.6220
40.5;0.4089;0.3796;-0.3656;0.0000;136;153;-0.0733;-0.0744;0.0003;0.0323;0.0068;0.0000;0.6220
41.0;0.4158;0.3855;-0.2947;0.0000;138;152;0.0049;-0.0759;0.0003;0.0264;0.0068;0.0000;0.6299
41.5;0.4226;0.3915;-0.2565;0.0000;138;150;0.0049;-0.0788;-0.0012;0.0225;0.0068;0.0000;0.6299
42.0;0.4295;0.3974;-0.1649;0.0000;140;148;0.0049;-0.0803;-0.0012;0.0147;0.0068;0.0000;0.6299
42.5;0.4364;0.4034;-0.0756;0.0000;140;146;-0.0049;-0.0832;-0.0012;0.0059;0.0068;0.0000;0.6299
43.0;0.4432;0.4093;-0.2290;0.0000;138;150;0.0049;-0.0847;-0.0012;0.0205;0.0068;0.0000;0.6299
43.5;0.4496;0.4158;-0.1260;0.0000;140;148;-0.0049;-0.0861;-0.0012;0.0108;0.0068;0.0000;0.6299
44.0;0.4560;0.4217;-0.2359;0.0000;138;150;0.0049;-0.0876;-0.0026;0.0205;0.0068;0.0000;0.6299
44.5;0.4625;0.4277;-0.1450;0.0000;140;148;0.0049;-0.0876;-0.0026;0.0127;0.0068;0.0000;0.6299
45.0;0.4693;0.4336;-0.1550;0.0000;140;148;-0.0733;-0.0905;-0.0026;0.0137;0.0068;0.0000;0.6299
45.5;0.4757;0.4396;-0.2763;0.0000;136;152;0.0831;-0.0905;-0.0026;0.0244;0.0078;0.0000;0.6378
46.0;0.4817;0.4455;-0.2603;0.0000;136;152;0.0049;-0.0920;-0.0041;0.0225;0.0078;0.0000;0.6378
46.5;0.4881;0.4515;-0.3771;0.0000;134;153;-0.0733;-0.0920;-0.0041;0.0332;0.0078;0.0000;0.6378
47.0;0.4940;0.4574;-0.1443;0.0000;140;150;0.0049;-0.0920;-0.0041;0.0127;0.0078;0.0000;0.6378
47.5;0.5005;0.4634;-0.2718;0.0000;138;153;0.0831;-0.0935;-0.0041;0.0235;0.0078;0.0000;0.6378
48.0;0.5073;0.4698;-0.1405;0.0000;140;150;-0.0831;-0.0949;-0.0056;0.0117;0.0078;0.0000;0.6378
48.5;0.5128;0.4757;-0.1985;0.0000;140;150;0.0049;-0.0949;-0.0056;0.0176;0.0078;0.0000;0.6378
49.0;0.5192;0.4817;-0.2878;0.0000;138;152;-0.0733;-0.0949;-0.0056;0.0254;0.0078;0.0000;0.6378
49.5;0.5247;0.4876;-0.3985;0.0000;136;155;0.0049;-0.0935;-0.0056;0.0352;0.0088;0.0000;0.6378
50.0;0.5311;0.4936;-0.4359;0.0000;136;157;0.0147;-0.0949;-0.0070;0.0391;0.0088;0.0000;0.6378
50.5;0.5366;0.4995;-0.1748;0.0000;142;152;0.0049;-0.0935;-0.0070;0.0156;0.0088;0.0000;0.6457
51.0;0.5426;0.5055;-0.4298;0.0000;138;157;-0.0635;-0.0935;-0.0070;0.0381;0.0088;0.0000;0.6457
51.5;0.5490;0.5114;-0.2198;0.0000;142;153;0.0049;-0.0935;-0.0070;0.0196;0.0088;0.0000;0.6457
52.0;0.5549;0.5174;-0.4901;0.0000;136;159;0.0929;-0.0935;-0.0085;0.0440;0.0098;0.0000;0.6457
52.5;0.5609;0.5234;-0.3611;0.0000;138;157;-0.1515;-0.0935;-0.0085;0.0323;0.0098;0.0000;0.6457
53.0;0.5664;0.5298;-0.2679;0.0000;140;155;0.0831;-0.0935;-0.0085;0.0235;0.0098;0.0000;0.6457
53.5;0.5719;0.5357;-0.0679;0.0000;146;152;-0.0831;-0.0920;-0.0085;0.0059;0.0098;0.0000;0.6457
54.0;0.5778;0.5417;-0.1550;0.0000;146;155;0.0049;-0.0920;-0.0100;0.0137;0.0098;0.0000;0.6457
54.5;0.5833;0.5476;-0.4466;0.0000;140;161;-0.0635;-0.0905;-0.0100;0.0401;0.0098;0.0000;0.6457
55.0;0.5893;0.5536;-0.1191;0.0000;148;153;-0.0049;-0.0905;-0.0100;0.0098;0.0098;0.0000;0.6535
55.5;0.5957;0.5595;-0.3725;0.0000;142;159;0.0049;-0.0905;-0.0100;0.0332;0.0098;0.0000;0.6535
56.0;0.6016;0.5655;-0.1519;0.0000;146;155;0.0049;-0.0920;-0.0114;0.0127;0.0108;0.0000;0.6535
56.5;0.6071;0.5714;-0.4565;0.0000;140;161;-0.0635;-0.0905;-0.0114;0.0411;0.0108;0.0000;0.6535
57.0;0.6122;0.5774;-0.2511;0.0000;146;157;-0.0733;-0.0876;-0.0114;0.0225;0.0108;0.0000;0.6535
57.5;0.6177;0.5833;-0.6687;0.0000;138;169;0.0147;-0.0861;-0.0114;0.0596;0.0108;0.0000;0.6535
58.0;0.6232;0.5897;-0.5130;0.0000;142;167;0.0147;-0.0847;-0.0129;0.0459;0.0108;0.0000;0.6535
58.5;0.6291;0.5957;-0.4969;0.0000;144;167;-0.0635;-0.0847;-0.0129;0.0440;0.0117;0.0000;0.6535
59.0;0.6351;0.6016;-0.3870;0.0000;146;163;0.0049;-0.0847;-0.0129;0.0342;0.0117;0.0000;0.6535
59.5;0.6410;0.6076;-0.4565;0.0000;144;165;0.0147;-0.0847;-0.0129;0.0411;0.0117;0.0000;0.6614
60.0;0.6465;0.6136;-0.6527;0.0000;140;171;0.0147;-0.0832;-0.0144;0.0587;0.0117;0.0000;0.6614
60.5;0.6525;0.6195;-0.4832;0.0000;144;167;-0.0635;-0.0832;-0.0144;0.0430;0.0127;0.0000;0.6614
61.0;0.6580;0.6255;-0.7015;0.0000;140;175;0.0244;-0.0817;-0.0144;0.0626;0.0127;0.0000;0.6614
61.5;0.6639;0.6314;-0.4382;0.0000;148;169;-0.0635;-0.0817;-0.0144;0.0391;0.0127;0.0000;0.6614
62.0;0.6694;0.6374;-0.7153;0.0000;142;175;0.0147;-0.0803;-0.0144;0.0635;0.0137;0.0000;0.6614
62.5;0.6745;0.6438;-0.8061;0.0000;140;179;0.0244;-0.0788;-0.0158;0.0723;0.0137;0.0000;0.6614
63.0;0.6804;0.6497;-0.9840;0.0000;136;183;-0.0538;-0.0774;-0.0158;0.0880;0.0147;0.0000;0.6614
63.5;0.6859;0.6557;-0.9206;0.0000;138;183;0.1026;-0.0774;-0.0158;0.0821;0.0147;0.0000;0.6614
64.0;0.6918;0.6616;-0.7626;0.0000;142;179;-0.0538;-0.0774;-0.0158;0.0684;0.0147;0.0000;0.6693
64.5;0.6978;0.6676;-0.5962;0.0000;148;177;-0.0635;-0.0759;-0.0158;0.0528;0.0156;0.0000;0.6693
65.0;0.7038;0.6735;-0.5099;0.0000;150;175;0.0929;-0.0759;-0.0173;0.0450;0.0156;0.0000;0.6693
65.5;0.7092;0.6795;-0.7504;0.0000;144;181;-0.0538;-0.0759;-0.0173;0.0674;0.0156;0.0000;0.6693
66.0;0.7147;0.6854;-0.5053;0.0000;150;175;-0.0635;-0.0744;-0.0173;0.0450;0.0166;0.0000;0.6693
66.5;0.7202;0.6914;-0.6344;0.0000;148;179;0.0929;-0.0730;-0.0173;0.0567;0.0166;0.0000;0.6693
67.0;0.7257;0.6973;-0.4580;0.0000;152;177;-0.0635;-0.0715;-0.0173;0.0411;0.0166;0.0000;0.6693
67.5;0.7317;0.7038;-0.5786;0.0000;150;179;0.0147;-0.0700;-0.0188;0.0518;0.0176;0.0000;0.6693
68.0;0.7376;0.7097;-0.6824;0.0000;148;183;0.0147;-0.0715;-0.0188;0.0606;0.0176;0.0000;0.6693
68.5;0.7445;0.7157;-0.8473;0.0000;146;187;0.0244;-0.0730;-0.0188;0.0753;0.0176;0.0000;0.6693
69.0;0.7500;0.7216;-0.8183;0.0000;146;187;-0.0538;-0.0715;-0.0188;0.0733;0.0186;0.0000;0.6772
69.5;0.7555;0.7276;-0.5824;0.0000;152;181;-0.0635;-0.0700;-0.0188;0.0518;0.0186;0.0000;0.6772
70.0;0.7610;0.7335;-0.8458;0.0000;146;189;0.0244;-0.0700;-0.0202;0.0753;0.0186;0.0000;0.6772
70.5;0.7665;0.7395;-0.7244;0.0000;150;187;0.0244;-0.0686;-0.0202;0.0645;0.0196;0.0000;0.6772
71.0;0.7724;0.7454;-0.8588;0.0000;148;191;0.0244;-0.0686;-0.0202;0.0772;0.0196;0.0000;0.6772
71.5;0.7775;0.7514;-0.6840;0.0000;152;189;0.0147;-0.0656;-0.0202;0.0606;0.0205;0.0000;0.6772
72.0;0.7830;0.7573;-0.6412;0.0000;153;189;0.0147;-0.0642;-0.0202;0.0567;0.0205;0.0000;0.6772
72.5;0.7885;0.7637;-0.3908;0.0000;159;183;0.0049;-0.0627;-0.0202;0.0342;0.0205;0.0000;0.6772
73.0;0.7935;0.7697;-0.4786;0.0000;157;187;0.0147;-0.0612;-0.0217;0.0430;0.0205;0.0000;0.6772
73.5;0.7990;0.7756;-0.6000;0.0000;155;189;0.0147;-0.0598;-0.0217;0.0538;0.0215;0.0000;0.6850
74.0;0.8040;0.7816;-0.6656;0.0000;155;193;0.0147;-0.0568;-0.0217;0.0596;0.0215;0.0000;0.6850
74.5;0.8091;0.7875;-0.6664;0.0000;155;193;0.0929;-0.0554;-0.0217;0.0596;0.0215;0.0000;0.6850
75.0;0.8141;0.7935;-0.4977;0.0000;159;191;0.0147;-0.0524;-0.0217;0.0440;0.0225;0.0000;0.6850
75.5;0.8187;0.7995;-0.6412;0.0000;157;195;0.0147;-0.0495;-0.0217;0.0577;0.0225;0.0000;0.6850
76.0;0.8237;0.8054;-0.4679;0.0000;163;193;0.0147;-0.0451;-0.0217;0.0420;0.0225;0.0000;0.6850
76.5;0.8274;0.8114;-0.7214;0.0000;157;198;0.0244;-0.0407;-0.0231;0.0645;0.0235;0.0000;0.6850
77.0;0.8324;0.8178;-0.5168;0.0000;163;195;-0.0635;-0.0378;-0.0231;0.0459;0.0235;0.0000;0.6850
77.5;0.8375;0.8237;-0.4573;0.0000;165;195;0.0929;-0.0349;-0.0231;0.0411;0.0235;0.0000;0.6850
78.0;0.8429;0.8297;-0.3412;0.0000;169;193;-0.0733;-0.0349;-0.0231;0.0303;0.0235;0.0000;0.6929
78.5;0.8484;0.8356;-0.3809;0.0000;169;196;0.0831;-0.0334;-0.0231;0.0342;0.0235;0.0000;0.6929
79.0;0.8544;0.8416;-0.5160;0.0000;167;198;-0.0635;-0.0334;-0.0231;0.0459;0.0244;0.0000;0.6929
79.5;0.8608;0.8475;-0.3611;0.0000;171;196;0.0049;-0.0334;-0.0231;0.0323;0.0244;0.0000;0.6929
80.0;0.8672;0.8535;-0.5061;0.0000;169;200;0.0147;-0.0349;-0.0231;0.0450;0.0244;0.0000;0.6929
80.5;0.8736;0.8594;-0.3084;0.0000;173;196;-0.0733;-0.0363;-0.0231;0.0274;0.0244;0.0000;0.6929
81.0;0.8800;0.8654;-0.5565;0.0000;167;202;0.0147;-0.0378;-0.0231;0.0499;0.0254;0.0000;0.6929
81.5;0.8864;0.8713;-0.4534;0.0000;171;200;-0.0635;-0.0378;-0.0246;0.0401;0.0254;0.0000;0.6929
82.0;0.8929;0.8777;-0.6275;0.0000;167;204;0.0147;-0.0378;-0.0246;0.0557;0.0254;0.0000;0.6929
82.5;0.8993;0.8837;-0.5771;0.0000;169;204;0.0147;-0.0393;-0.0246;0.0518;0.0254;0.0000;0.6929
83.0;0.9057;0.8897;-0.5221;0.0000;169;202;0.0147;-0.0407;-0.0246;0.0469;0.0264;0.0000;0.7008
83.5;0.9130;0.8956;-0.4076;0.0000;173;200;-0.0733;-0.0437;-0.0246;0.0362;0.0264;0.0000;0.7008
84.0;0.9199;0.9016;-0.4580;0.0000;171;200;0.0147;-0.0466;-0.0246;0.0411;0.0264;0.0000;0.7008
84.5;0.9263;0.9075;-0.6412;0.0000;167;204;0.0147;-0.0481;-0.0246;0.0577;0.0264;0.0000;0.7008
85.0;0.9332;0.9135;-0.4229;0.0000;173;200;-0.0635;-0.0495;-0.0246;0.0371;0.0274;0.0000;0.7008
85.5;0.9391;0.9194;-0.5427;0.0000;171;204;-0.0635;-0.0495;-0.0261;0.0479;0.0274;0.0000;0.7008
86.0;0.9464;0.9254;-0.3740;0.0000;175;200;0.0049;-0.0524;-0.0261;0.0332;0.0274;0.0000;0.7008
86.5;0.9519;0.9318;-0.5206;0.0000;171;202;0.0147;-0.0524;-0.0261;0.0459;0.0274;0.0000;0.7008
87.0;0.9583;0.9377;-0.5527;0.0000;171;204;-0.0635;-0.0524;-0.0261;0.0489;0.0283;0.0000;0.7008
87.5;0.9643;0.9437;-0.7382;0.0000;167;208;0.0244;-0.0524;-0.0261;0.0655;0.0283;0.0000;0.7087
88.0;0.9707;0.9496;-0.6351;0.0000;169;206;-0.0635;-0.0539;-0.0261;0.0567;0.0283;0.0000;0.7087
88.5;0.9771;0.9556;-0.4840;0.0000;175;202;0.0147;-0.0539;-0.0261;0.0430;0.0293;0.0000;0.7087
89.0;0.9826;0.9615;-0.3977;0.0000;177;202;0.0049;-0.0539;-0.0275;0.0352;0.0293;0.0000;0.7087
89.5;0.9876;0.9675;-0.3710;0.0000;179;202;-0.1515;-0.0510;-0.0275;0.0332;0.0293;0.0000;0.7087
90.0;0.9940;0.9734;-0.5137;0.0000;175;206;0.0147;-0.0524;-0.0275;0.0459;0.0293;0.0000;0.7087
90.5;1.0005;0.9794;-0.3565;0.0000;179;202;-0.0733;-0.0524;-0.0275;0.0313;0.0293;0.0000;0.7087
91.0;1.0069;0.9853;-0.5229;0.0000;175;206;-0.0635;-0.0539;-0.0275;0.0469;0.0303;0.0000;0.7087
91.5;1.0133;0.9918;-0.2595;0.0000;181;200;0.0049;-0.0554;-0.0275;0.0225;0.0303;0.0000;0.7087
92.0;1.0201;0.9977;-0.4519;0.0000;177;204;-0.0635;-0.0568;-0.0275;0.0401;0.0303;0.0000;0.7165
92.5;1.0261;1.0037;-0.5282;0.0000;175;208;0.0929;-0.0568;-0.0290;0.0469;0.0303;0.0000;0.7165
93.0;1.0321;1.0096;-0.7023;0.0000;171;212;0.0244;-0.0568;-0.0290;0.0626;0.0313;0.0000;0.7165
93.5;1.0380;1.0156;-0.7092;0.0000;171;212;0.0244;-0.0568;-0.0290;0.0635;0.0313;0.0000;0.7165
94.0;1.0440;1.0215;-0.5809;0.0000;175;210;0.0147;-0.0568;-0.0290;0.0518;0.0313;0.0000;0.7165
94.5;1.0495;1.0275;-0.7305;0.0000;171;214;-0.0538;-0.0554;-0.0290;0.0655;0.0323;0.0000;0.7165
95.0;1.0554;1.0334;-0.6382;0.0000;175;212;0.0147;-0.0554;-0.0290;0.0567;0.0323;0.0000;0.7165
95.5;1.0614;1.0394;-0.7916;0.0000;171;218;0.0244;-0.0554;-0.0290;0.0704;0.0332;0.0000;0.7165
96.0;1.0678;1.0453;-0.5206;0.0000;179;212;0.0147;-0.0554;-0.0305;0.0459;0.0332;0.0000;0.7165
96.5;1.0733;1.0517;-0.5244;0.0000;179;212;-0.0635;-0.0554;-0.0305;0.0469;0.0332;0.0000;0.7165
97.0;1.0783;1.0577;-0.3275;0.0000;183;208;-0.0733;-0.0524;-0.0305;0.0293;0.0332;0.0000;0.7244
97.5;1.0829;1.0636;-0.3618;0.0000;185;210;-0.0733;-0.0495;-0.0305;0.0323;0.0332;0.0000;0.7244
98.0;1.0879;1.0696;-0.3954;0.0000;185;212;0.0049;-0.0466;-0.0305;0.0352;0.0342;0.0000;0.7244
98.5;1.0934;1.0755;-0.5443;0.0000;181;218;0.0929;-0.0451;-0.0305;0.0489;0.0342;0.0000;0.7244
99.0;1.0984;1.0815;-0.4855;0.0000;183;218;-0.0635;-0.0422;-0.0305;0.0430;0.0342;0.0000;0.7244
99.5;1.1035;1.0875;-0.3031;0.0000;189;212;0.0049;-0.0407;-0.0305;0.0264;0.0342;0.0000;0.7244
100.0;1.1085;1.0934;-0.4427;0.0000;185;218;0.0147;-0.0378;-0.0319;0.0391;0.0352;0.0000;0.7244
100.5;1.1140;1.0994;-0.2885;0.0000;189;214;0.0049;-0.0363;-0.0319;0.0254;0.0352;0.0000;0.7244
101.0;1.1190;1.1058;-0.4061;0.0000;187;220;0.0049;-0.0349;-0.0319;0.0362;0.0352;0.0000;0.7244
101.5;1.1241;1.1117;-0.2794;0.0000;191;218;0.0049;-0.0319;-0.0319;0.0244;0.0352;0.0000;0.7323
102.0;1.1291;1.1177;-0.2107;0.0000;195;218;0.0049;-0.0290;-0.0319;0.0186;0.0352;0.0000;0.7323
102.5;1.1337;1.1236;0.0107;0.0000;200;212;-0.0049;-0.0261;-0.0319;-0.0020;0.0352;0.0000;0.7323
103.0;1.1378;1.1296;-0.0977;0.0000;198;216;-0.0049;-0.0217;-0.0319;0.0078;0.0352;0.0000;0.7323
103.5;1.1415;1.1355;-0.2351;0.0000;196;222;0.0049;-0.0158;-0.0319;0.0205;0.0352;0.0000;0.7323
104.0;1.1465;1.1415;-0.0435;0.0000;202;218;-0.0831;-0.0129;-0.0319;0.0029;0.0352;0.0000;0.7323
104.5;1.1516;1.1474;-0.1504;0.0000;200;222;0.0831;-0.0100;-0.0319;0.0127;0.0352;0.0000;0.7323
105.0;1.1571;1.1534;0.0221;0.0000;206;220;-0.0831;-0.0085;-0.0319;-0.0029;0.0352;0.0000;0.7323
105.5;1.1621;1.1593;-0.1008;0.0000;204;224;-0.0049;-0.0070;-0.0319;0.0088;0.0352;0.0000;0.7323
106.0;1.1671;1.1658;0.0298;0.0000;208;222;-0.0049;-0.0041;-0.0319;-0.0029;0.0352;0.0000;0.7402
106.5;1.1717;1.1717;-0.1679;0.0000;204;228;-0.0733;-0.0012;-0.0319;0.0147;0.0352;0.0000;0.7402
107.0;1.1767;1.1777;-0.0214;0.0000;208;226;0.0733;0.0018;-0.0319;0.0010;0.0352;0.0000;0.7402
107.5;1.1809;1.1836;-0.0008;0.0000;210;226;-0.0049;0.0062;-0.0319;-0.0000;0.0352;0.0000;0.7402
108.0;1.1864;1.1896;0.0588;0.0000;212;226;-0.0049;0.0076;-0.0319;-0.0059;0.0352;0.0000;0.7402
108.5;1.1914;1.1955;0.0725;0.0000;214;226;-0.0831;0.0091;-0.0319;-0.0068;0.0352;0.0000;0.7402
109.0;1.1964;1.2015;-0.1069;0.0000;212;232;0.0733;0.0120;-0.0319;0.0088;0.0352;0.0000;0.7402
109.5;1.2015;1.2074;-0.0107;0.0000;214;232;-0.0049;0.0149;-0.0319;-0.0000;0.0352;0.0000;0.7402
110.0;1.2056;1.2134;-0.1160;0.0000;214;234;-0.0049;0.0193;-0.0319;0.0098;0.0362;0.0000;0.7402
110.5;1.2092;1.2198;-0.0107;0.0000;218;234;-0.0049;0.0252;-0.0319;-0.0000;0.0362;0.0000;0.7402
111.0;1.2138;1.2257;-0.1656;0.0000;216;239;0.0049;0.0281;-0.0319;0.0147;0.0362;0.0000;0.7480
111.5;1.2175;1.2317;-0.1351;0.0000;218;239;-0.0049;0.0340;-0.0319;0.0117;0.0362;0.0000;0.7480
112.0;1.2207;1.2376;-0.2176;0.0000;218;243;0.0831;0.0413;-0.0319;0.0186;0.0362;0.0000;0.7480
112.5;1.2248;1.2436;-0.1840;0.0000;222;245;-0.0733;0.0472;-0.0319;0.0156;0.0362;0.0000;0.7480
113.0;1.2276;1.2495;-0.0794;0.0000;226;243;-0.0049;0.0545;-0.0305;0.0068;0.0362;0.0000;0.7480
113.5;1.2312;1.2555;-0.2244;0.0000;224;249;-0.0733;0.0604;-0.0305;0.0196;0.0362;0.0000;0.7480
114.0;1.2358;1.2614;-0.2145;0.0000;226;251;0.0831;0.0633;-0.0305;0.0186;0.0362;0.0000;0.7480
114.5;1.2399;1.2674;-0.3069;0.0000;226;253;-0.0733;0.0691;-0.0305;0.0274;0.0362;0.0000;0.7480
115.0;1.2445;1.2734;-0.1160;0.0000;232;251;-0.0049;0.0721;-0.0305;0.0098;0.0362;0.0000;0.7480
115.5;1.2495;1.2798;-0.2489;0.0000;232;257;0.0049;0.0750;-0.0290;0.0215;0.0371;0.0000;0.7559
116.0;1.2550;1.2857;-0.0901;0.0000;236;253;-0.0049;0.0750;-0.0290;0.0078;0.0371;0.0000;0.7559
116.5;1.2601;1.2917;-0.0809;0.0000;238;255;-0.0831;0.0779;-0.0290;0.0068;0.0371;0.0000;0.7559
117.0;1.2660;1.2976;-0.1473;0.0000;236;257;0.0831;0.0779;-0.0290;0.0127;0.0371;0.0000;0.7559
117.5;1.2711;1.3036;-0.2115;0.0000;236;261;-0.0733;0.0809;-0.0290;0.0186;0.0371;0.0000;0.7559
118.0;1.2756;1.3095;-0.1366;0.0000;238;261;0.0733;0.0838;-0.0275;0.0117;0.0371;0.0000;0.7559
118.5;1.2807;1.3155;-0.1137;0.0000;239;263;0.0733;0.0867;-0.0275;0.0098;0.0371;0.0000;0.7559
119.0;1.2857;1.3214;-0.2031;0.0000;239;265;0.0049;0.0882;-0.0275;0.0176;0.0371;0.0000;0.7559
119.5;1.2912;1.3274;-0.1496;0.0000;241;265;-0.0733;0.0897;-0.0275;0.0127;0.0371;0.0000;0.7559
120.0;1.2972;1.3333;-0.2313;0.0000;239;269;0.0831;0.0897;-0.0261;0.0205;0.0371;0.0000;0.7638
120.5;1.3031;1.3397;-0.0634;0.0000;245;265;-0.0831;0.0897;-0.0261;0.0049;0.0371;0.0000;0.7638
121.0;1.3100;1.3457;-0.0656;0.0000;245;265;-0.0049;0.0882;-0.0261;0.0059;0.0371;0.0000;0.7638
121.5;1.3155;1.3516;0.0641;0.0000;249;263;-0.0049;0.0897;-0.0261;-0.0059;0.0371;0.0000;0.7638
122.0;1.3214;1.3576;-0.0817;0.0000;247;267;-0.0831;0.0897;-0.0246;0.0068;0.0371;0.0000;0.7638
122.5;1.3269;1.3636;-0.0809;0.0000;249;269;-0.0049;0.0911;-0.0246;0.0068;0.0371;0.0000;0.7638
123.0;1.3320;1.3695;-0.1496;0.0000;247;271;0.0049;0.0941;-0.0246;0.0127;0.0371;0.0000;0.7638
123.5;1.3361;1.3755;-0.1008;0.0000;249;271;-0.0049;0.0984;-0.0246;0.0088;0.0371;0.0000;0.7638
124.0;1.3402;1.3814;0.0611;0.0000;253;269;-0.0049;0.1028;-0.0231;-0.0059;0.0371;0.0000;0.7638
124.5;1.3443;1.3874;-0.0466;0.0000;253;273;0.0733;0.1072;-0.0231;0.0039;0.0371;0.0000;0.7717
125.0;1.3494;1.3938;-0.0115;0.0000;255;275;-0.0049;0.1102;-0.0231;0.0010;0.0371;0.0000;0.7717
125.5;1.3544;1.3997;-0.1053;0.0000;255;279;0.0733;0.1116;-0.0217;0.0088;0.0381;0.0000;0.7717
126.0;1.3594;1.4057;0.0122;0.0000;257;277;0.0733;0.1146;-0.0217;-0.0020;0.0381;0.0000;0.7717
126.5;1.3654;1.4116;-0.0336;0.0000;257;281;0.0733;0.1146;-0.0217;0.0029;0.0381;0.0000;0.7717
127.0;1.3713;1.4176;0.1000;0.0000;263;277;-0.0049;0.1146;-0.0202;-0.0098;0.0371;0.0000;0.7717
127.5;1.3777;1.4235;0.0351;0.0000;261;279;-0.0831;0.1131;-0.0202;-0.0039;0.0371;0.0000;0.7717
128.0;1.3842;1.4295;-0.1015;0.0000;257;283;0.0733;0.1131;-0.0202;0.0088;0.0381;0.0000;0.7717
128.5;1.3901;1.4354;0.0321;0.0000;263;281;-0.0049;0.1131;-0.0202;-0.0029;0.0371;0.0000;0.7717
129.0;1.3965;1.4414;-0.0084;0.0000;263;283;-0.0049;0.1116;-0.0188;-0.0000;0.0371;0.0000;0.7717
129.5;1.4025;1.4473;0.0679;0.0000;265;281;-0.0049;0.1116;-0.0188;-0.0068;0.0371;0.0000;0.7795
130.0;1.4089;1.4538;-0.0664;0.0000;263;286;0.0733;0.1102;-0.0188;0.0059;0.0371;0.0000;0.7795
130.5;1.4153;1.4597;0.0679;0.0000;267;283;-0.0049;0.1102;-0.0173;-0.0068;0.0371;0.0000;0.7795
131.0;1.4217;1.4657;-0.1145;0.0000;263;286;-0.0049;0.1087;-0.0173;0.0098;0.0381;0.0000;0.7795
131.5;1.4281;1.4716;-0.0695;0.0000;265;284;-0.0831;0.1087;-0.0173;0.0059;0.0381;0.0000;0.7795
132.0;1.4341;1.4776;-0.0756;0.0000;265;286;-0.0049;0.1087;-0.0158;0.0059;0.0381;0.0000;0.7795
132.5;1.4409;1.4835;-0.0099;0.0000;267;284;-0.0049;0.1058;-0.0158;-0.0000;0.0381;0.0000;0.7795
133.0;1.4478;1.4895;-0.1603;0.0000;265;288;-0.0733;0.1028;-0.0158;0.0137;0.0381;0.0000;0.7795
133.5;1.4547;1.4954;-0.3664;0.0000;261;294;0.0049;0.1014;-0.0158;0.0323;0.0381;0.0000;0.7795
134.0;1.4606;1.5014;-0.3115;0.0000;261;292;0.0049;0.1014;-0.0144;0.0274;0.0381;0.0000;0.7874
134.5;1.4661;1.5078;-0.5229;0.0000;255;298;-0.0635;0.1028;-0.0144;0.0469;0.0381;0.0000;0.7874
135.0;1.4707;1.5137;-0.3756;0.0000;261;294;0.0049;0.1058;-0.0144;0.0332;0.0381;0.0000;0.7874
135.5;1.4757;1.5197;-0.5748;0.0000;257;300;-0.0635;0.1087;-0.0129;0.0508;0.0391;0.0000;0.7874
136.0;1.4808;1.5256;-0.6351;0.0000;257;304;-0.0635;0.1102;-0.0129;0.0567;0.0391;0.0000;0.7874
136.5;1.4863;1.5316;-0.7557;0.0000;255;310;0.1026;0.1131;-0.0129;0.0674;0.0391;0.0000;0.7874
137.0;1.4913;1.5375;-0.6664;0.0000;257;308;0.0929;0.1146;-0.0114;0.0596;0.0401;0.0000;0.7874
137.5;1.4986;1.5435;-0.6023;0.0000;261;308;0.0147;0.1116;-0.0114;0.0538;0.0401;0.0000;0.7874
138.0;1.5060;1.5495;-0.6679;0.0000;259;308;0.0147;0.1087;-0.0114;0.0596;0.0401;0.0000;0.7874
138.5;1.5133;1.5554;-0.6153;0.0000;261;308;0.0929;0.1043;-0.0114;0.0547;0.0411;0.0000;0.7953
139.0;1.5206;1.5614;-0.7137;0.0000;257;310;0.0244;0.1014;-0.0100;0.0635;0.0411;0.0000;0.7953
139.5;1.5275;1.5678;-0.5168;0.0000;263;306;0.0147;0.0999;-0.0100;0.0459;0.0411;0.0000;0.7953
140.0;1.5343;1.5737;-0.5420;0.0000;263;308;0.0147;0.0970;-0.0100;0.0479;0.0420;0.0000;0.7953
140.5;1.5421;1.5797;-0.4489;0.0000;265;304;0.0147;0.0926;-0.0100;0.0401;0.0420;0.0000;0.7953
141.0;1.5504;1.5856;-0.5206;0.0000;263;306;0.0147;0.0867;-0.0085;0.0459;0.0420;0.0000;0.7953
141.5;1.5600;1.5916;-0.5275;0.0000;261;304;0.0147;0.0779;-0.0085;0.0469;0.0420;0.0000;0.7953
142.0;1.5691;1.5975;-0.6802;0.0000;255;308;0.1026;0.0706;-0.0085;0.0606;0.0430;0.0000;0.7953
142.5;1.5774;1.6035;-0.6458;0.0000;255;306;0.0147;0.0648;-0.0085;0.0577;0.0430;0.0000;0.7953
143.0;1.5861;1.6099;-0.5015;0.0000;261;304;-0.0049;0.0589;-0.0085;0.0450;0.0430;0.0000;0.8110
143.5;1.5952;1.6158;-0.6229;0.0000;261;310;0.0147;0.0516;-0.0070;0.0557;0.0440;0.0000;0.8189
144.0;1.6035;1.6227;-0.5046;0.0000;267;308;-0.0635;0.0472;-0.0070;0.0450;0.0440;0.0000;0.8346
144.5;1.6122;1.6291;-0.5466;0.0000;267;312;0.0147;0.0428;-0.0070;0.0489;0.0440;0.0000;0.8425
145.0;1.6213;1.6360;-0.4756;0.0000;271;312;-0.0635;0.0355;-0.0070;0.0420;0.0440;0.0000;0.8504
145.5;1.6305;1.6429;-0.4076;0.0000;275;312;0.0049;0.0296;-0.0070;0.0362;0.0450;0.0000;0.8661
146.0;1.6397;1.6497;-0.2954;0.0000;279;312;0.0049;0.0252;-0.0070;0.0264;0.0450;0.0000;0.8740
146.5;1.6502;1.6571;-0.3763;0.0000;279;316;0.0049;0.0164;-0.0070;0.0332;0.0450;0.0000;0.8898
147.0;1.6598;1.6644;-0.4458;0.0000;279;320;-0.0635;0.0105;-0.0070;0.0391;0.0450;0.0000;0.8976
147.5;1.6699;1.6722;-0.3420;0.0000;284;318;-0.0733;0.0047;-0.0070;0.0303;0.0450;0.0000;0.9134
148.0;1.6804;1.6799;-0.4389;0.0000;283;322;-0.0635;-0.0012;-0.0070;0.0391;0.0459;0.0000;0.9213
148.5;1.6905;1.6877;-0.3855;0.0000;284;322;0.0831;-0.0085;-0.0070;0.0342;0.0459;0.0000;0.9370
149.0;1.7001;1.6960;-0.4756;0.0000;284;327;0.0929;-0.0114;-0.0070;0.0420;0.0459;0.0000;0.9449
149.5;1.7092;1.7038;-0.3832;0.0000;290;327;0.0049;-0.0144;-0.0070;0.0342;0.0459;0.0000;0.9606
150.0;1.7179;1.7125;-0.5099;0.0000;290;335;-0.0635;-0.0158;-0.0070;0.0450;0.0469;0.0000;0.9685
150.5;1.7266;1.7207;-0.3870;0.0000;296;335;0.0049;-0.0158;-0.0070;0.0342;0.0469;0.0000;0.9764
151.0;1.7363;1.7294;-0.3702;0.0000;300;335;0.0049;-0.0173;-0.0070;0.0332;0.0469;0.0000;0.9921
151.5;1.7459;1.7381;-0.2885;0.0000;304;337;0.0049;-0.0202;-0.0070;0.0254;0.0469;0.0000;1.0000
152.0;1.7560;1.7473;-0.2710;0.0000;308;339;-0.0733;-0.0231;-0.0070;0.0235;0.0469;0.0000;1.0157
152.5;1.7665;1.7564;-0.3802;0.0000;308;345;0.0049;-0.0261;-0.0070;0.0332;0.0469;0.0000;1.0236
153.0;1.7775;1.7656;-0.3260;0.0000;312;347;0.0049;-0.0305;-0.0070;0.0283;0.0479;0.0000;1.0394
153.5;1.7880;1.7752;-0.3275;0.0000;316;353;0.0831;-0.0319;-0.0070;0.0293;0.0479;0.0000;1.0472
154.0;1.7976;1.7848;-0.1786;0.0000;322;353;0.0049;-0.0334;-0.0070;0.0156;0.0479;0.0000;1.0630
154.5;1.8077;1.7944;-0.3046;0.0000;320;357;0.0831;-0.0349;-0.0085;0.0274;0.0479;0.0000;1.0709
155.0;1.8178;1.8045;-0.2405;0.0000;326;359;-0.0733;-0.0334;-0.0085;0.0215;0.0479;0.0000;1.0866
155.5;1.8269;1.8146;-0.3595;0.0000;326;365;-0.0733;-0.0319;-0.0085;0.0323;0.0479;0.0000;1.0945
156.0;1.8361;1.8246;-0.3122;0.0000;331;369;0.0049;-0.0290;-0.0085;0.0274;0.0479;0.0000;1.1102
156.5;1.8448;1.8352;-0.2153;0.0000;339;370;-0.0733;-0.0261;-0.0085;0.0186;0.0489;0.0000;1.1181
157.0;1.8544;1.8457;-0.0756;0.0000;349;372;-0.0049;-0.0231;-0.0085;0.0059;0.0489;0.0000;1.1339
157.5;1.8645;1.8562;-0.0939;0.0000;351;376;-0.0831;-0.0217;-0.0085;0.0078;0.0489;0.0000;1.1417
158.0;1.8741;1.8672;-0.1824;0.0000;353;382;-0.0733;-0.0188;-0.0085;0.0156;0.0489;0.0000;1.1575
158.5;1.8842;1.8782;-0.1214;0.0000;359;384;-0.0049;-0.0158;-0.0085;0.0108;0.0489;0.0000;1.1654
159.0;1.8938;1.8892;-0.2244;0.0000;361;392;0.0049;-0.0114;-0.0085;0.0196;0.0489;0.0000;1.1811
159.5;1.9034;1.9006;-0.1183;0.0000;370;396;-0.0831;-0.0085;-0.0085;0.0098;0.0489;0.0000;1.1890
160.0;1.9139;1.9121;-0.1641;0.0000;372;404;0.0831;-0.0056;-0.0085;0.0147;0.0489;0.0000;1.2047
160.5;1.9254;1.9235;-0.2038;0.0000;376;408;0.0049;-0.0041;-0.0085;0.0176;0.0489;0.0000;1.2126
161.0;1.9359;1.9354;-0.2649;0.0000;378;413;0.0049;-0.0026;-0.0085;0.0235;0.0489;0.0000;1.2283
161.5;1.9464;1.9473;-0.2084;0.0000;384;417;0.0049;0.0018;-0.0085;0.0186;0.0489;0.0000;1.2362
162.0;1.9560;1.9592;-0.1809;0.0000;390;421;0.0049;0.0076;-0.0085;0.0156;0.0499;0.0000;1.2520
162.5;1.9666;1.9716;-0.3214;0.0000;394;431;-0.0733;0.0120;-0.0085;0.0283;0.0499;0.0000;1.2598
163.0;1.9776;1.9840;-0.3084;0.0000;400;439;0.0049;0.0149;-0.0085;0.0274;0.0499;0.0000;1.2756
163.5;1.9904;1.9968;-0.4389;0.0000;400;445;0.0147;0.0149;-0.0085;0.0391;0.0499;0.0000;1.2835
164.0;2.0037;2.0092;-0.3427;0.0000;406;445;-0.0733;0.0120;-0.0085;0.0303;0.0499;0.0000;1.2835
164.5;2.0165;2.0215;-0.3733;0.0000;406;447;0.0049;0.0120;-0.0085;0.0332;0.0499;0.0000;1.2835
165.0;2.0288;2.0339;-0.2695;0.0000;410;445;-0.0733;0.0120;-0.0085;0.0235;0.0508;0.0000;1.2913
165.5;2.0417;2.0467;-0.2885;0.0000;410;447;0.0049;0.0120;-0.0085;0.0254;0.0508;0.0000;1.2913
166.0;2.0549;2.0591;-0.2191;0.0000;413;447;0.0049;0.0105;-0.0085;0.0196;0.0508;0.0000;1.2913
166.5;2.0682;2.0714;-0.3695;0.0000;410;451;0.0049;0.0076;-0.0085;0.0332;0.0508;0.0000;1.2913
167.0;2.0815;2.0842;-0.4962;0.0000;408;457;0.0147;0.0047;-0.0085;0.0440;0.0508;0.0000;1.2913
167.5;2.0939;2.0966;-0.4145;0.0000;410;455;-0.0733;0.0062;-0.0085;0.0371;0.0508;0.0000;1.2992
168.0;2.1053;2.1090;-0.5718;0.0000;408;460;0.0147;0.0091;-0.0085;0.0508;0.0518;0.0000;1.2992
168.5;2.1163;2.1218;-0.6076;0.0000;410;464;0.0147;0.0120;-0.0085;0.0538;0.0518;0.0000;1.2992
169.0;2.1273;2.1342;-0.7130;0.0000;408;468;0.0244;0.0164;-0.0085;0.0635;0.0518;0.0000;1.2992
169.5;2.1383;2.1465;-0.5947;0.0000;413;468;0.0929;0.0193;-0.0085;0.0528;0.0528;0.0000;1.3071
170.0;2.1497;2.1589;-0.5534;0.0000;415;468;-0.0635;0.0223;-0.0085;0.0489;0.0528;0.0000;1.3071
170.5;2.1612;2.1717;-0.3817;0.0000;423;466;-0.0733;0.0252;-0.0070;0.0342;0.0528;0.0000;1.3071
171.0;2.1726;2.1841;-0.4679;0.0000;421;470;0.0147;0.0281;-0.0070;0.0420;0.0528;0.0000;1.3071
171.5;2.1841;2.1964;-0.5702;0.0000;421;476;0.0147;0.0311;-0.0070;0.0508;0.0538;0.0000;1.3071
172.0;2.1951;2.2092;-0.4344;0.0000;427;474;0.1711;0.0340;-0.0070;0.0381;0.0538;0.0000;1.3150
172.5;2.2060;2.2216;-0.4076;0.0000;431;478;0.0049;0.0384;-0.0070;0.0362;0.0538;0.0000;1.3150
173.0;2.2170;2.2340;-0.3718;0.0000;435;480;0.0049;0.0428;-0.0070;0.0332;0.0538;0.0000;1.3150
173.5;2.2280;2.2468;-0.4740;0.0000;431;482;0.0929;0.0457;-0.0070;0.0420;0.0547;0.0000;1.3150
174.0;2.2395;2.2592;-0.3786;0.0000;437;482;0.0049;0.0486;-0.0070;0.0332;0.0547;0.0000;1.3228
174.5;2.2514;2.2715;-0.5168;0.0000;435;488;0.0147;0.0486;-0.0070;0.0459;0.0547;0.0000;1.3228
175.0;2.2642;2.2839;-0.4351;0.0000;439;488;0.0147;0.0486;-0.0056;0.0391;0.0547;0.0000;1.3228
175.5;2.2775;2.2967;-0.4336;0.0000;443;492;0.0147;0.0472;-0.0056;0.0381;0.0557;0.0000;1.3228
176.0;2.2908;2.3091;-0.3473;0.0000;445;490;0.0049;0.0457;-0.0056;0.0303;0.0557;0.0000;1.3228
176.5;2.3031;2.3214;-0.4046;0.0000;445;492;0.0049;0.0457;-0.0056;0.0362;0.0557;0.0000;1.3307
177.0;2.3155;2.3342;-0.4435;0.0000;445;494;0.0147;0.0457;-0.0056;0.0391;0.0557;0.0000;1.3307
177.5;2.3288;2.3466;-0.4145;0.0000;445;494;0.0831;0.0442;-0.0056;0.0371;0.0557;0.0000;1.3307
178.0;2.3425;2.3590;-0.5412;0.0000;445;500;0.0147;0.0398;-0.0056;0.0479;0.0567;0.0000;1.3307
178.5;2.3571;2.3718;-0.4679;0.0000;447;500;0.0929;0.0355;-0.0056;0.0420;0.0567;0.0000;1.3386
179.0;2.3723;2.3842;-0.6176;0.0000;443;503;0.0147;0.0296;-0.0056;0.0547;0.0567;0.0000;1.3386
179.5;2.3874;2.3965;-0.4679;0.0000;447;500;0.0929;0.0223;-0.0041;0.0420;0.0567;0.0000;1.3386
180.0;2.4034;2.4089;-0.5275;0.0000;445;500;-0.0635;0.0135;-0.0041;0.0469;0.0577;0.0000;1.3386
180.5;2.4199;2.4217;-0.4176;0.0000;447;496;-0.0733;0.0032;-0.0041;0.0371;0.0577;0.0000;1.3465
181.0;2.4368;2.4341;-0.5557;0.0000;441;498;0.0147;-0.0070;-0.0041;0.0499;0.0577;0.0000;1.3465
181.5;2.4533;2.4464;-0.8130;0.0000;433;503;0.0244;-0.0173;-0.0041;0.0723;0.0587;0.0000;1.3465
182.0;2.4698;2.4592;-0.9588;0.0000;427;505;0.1026;-0.0275;-0.0056;0.0860;0.0587;0.0000;1.3465
182.5;2.4867;2.4716;-1.1855;0.0000;421;509;0.1124;-0.0393;-0.0056;0.1065;0.0596;0.0000;1.3465
183.0;2.5032;2.4840;-0.9397;0.0000;425;503;0.1026;-0.0495;-0.0056;0.0841;0.0596;0.0000;1.3543
183.5;2.5192;2.4968;-1.1015;0.0000;417;503;0.1124;-0.0583;-0.0056;0.0987;0.0606;0.0000;1.3543
184.0;2.5348;2.5092;-0.9649;0.0000;419;500;0.0244;-0.0656;-0.0056;0.0860;0.0606;0.0000;1.3543
184.5;2.5504;2.5215;-1.1481;0.0000;415;503;0.0342;-0.0730;-0.0056;0.1026;0.0616;0.0000;1.3543
185.0;2.5650;2.5339;-1.2115;0.0000;413;505;0.0342;-0.0788;-0.0070;0.1085;0.0616;0.0000;1.3622
185.5;2.5801;2.5467;-1.3870;0.0000;408;509;0.0440;-0.0847;-0.0070;0.1241;0.0626;0.0000;1.3622
186.0;2.5943;2.5591;-1.2489;0.0000;412;505;0.0342;-0.0891;-0.0070;0.1114;0.0635;0.0000;1.3622
186.5;2.6081;2.5714;-0.9878;0.0000;417;498;0.1906;-0.0920;-0.0070;0.0880;0.0635;0.0000;1.3622
187.0;2.6209;2.5842;-1.0695;0.0000;415;501;0.0342;-0.0935;-0.0070;0.0958;0.0645;0.0000;1.3622
187.5;2.6346;2.5966;-0.7962;0.0000;423;494;-0.0538;-0.0949;-0.0085;0.0714;0.0645;0.0000;1.3701
188.0;2.6479;2.6090;-0.8542;0.0000;419;496;0.1026;-0.0979;-0.0085;0.0762;0.0655;0.0000;1.3701
188.5;2.6612;2.6218;-0.5122;0.0000;429;488;0.0147;-0.1008;-0.0085;0.0459;0.0655;0.0000;1.3701
189.0;2.6745;2.6342;-0.3061;0.0000;435;482;-0.0733;-0.1023;-0.0100;0.0274;0.0655;0.0000;1.3701
189.5;2.6859;2.6465;-0.0115;0.0000;445;476;-0.0049;-0.0993;-0.0100;-0.0000;0.0655;0.0000;1.3780
190.0;2.6973;2.6589;-0.0710;0.0000;443;478;-0.0049;-0.0964;-0.0100;0.0059;0.0655;0.0000;1.3780
190.5;2.7088;2.6717;-0.1817;0.0000;441;484;0.0049;-0.0935;-0.0100;0.0156;0.0655;0.0000;1.3780
191.0;2.7193;2.6841;0.0550;0.0000;449;476;-0.0831;-0.0891;-0.0114;-0.0059;0.0655;0.0000;1.3780
191.5;2.7303;2.6964;-0.0191;0.0000;447;482;-0.0049;-0.0847;-0.0114;0.0010;0.0655;0.0000;1.3780
192.0;2.7418;2.7092;0.2412;0.0000;457;476;-0.0147;-0.0817;-0.0114;-0.0225;0.0655;0.0000;1.3858
192.5;2.7523;2.7216;0.1489;0.0000;455;482;-0.0929;-0.0774;-0.0114;-0.0137;0.0655;0.0000;1.3858
193.0;2.7633;2.7340;0.2885;0.0000;462;482;-0.0147;-0.0744;-0.0114;-0.0264;0.0655;0.0000;1.3858
193.5;2.7747;2.7468;0.0947;0.0000;458;488;0.0733;-0.0715;-0.0129;-0.0088;0.0655;0.0000;1.3858
194.0;2.7857;2.7592;0.1099;0.0000;460;490;-0.0049;-0.0671;-0.0129;-0.0108;0.0655;0.0000;1.3937
194.5;2.7967;2.7715;0.2046;0.0000;462;486;-0.0929;-0.0642;-0.0129;-0.0186;0.0655;0.0000;1.3937
195.0;2.8072;2.7839;0.2840;0.0000;468;488;-0.0147;-0.0583;-0.0129;-0.0264;0.0655;0.0000;1.3937
195.5;2.8173;2.7967;0.4145;0.0000;474;486;-0.0147;-0.0524;-0.0129;-0.0381;0.0645;0.0000;1.3937
196.0;2.8274;2.8091;0.1443;0.0000;470;496;-0.0147;-0.0466;-0.0129;-0.0137;0.0645;0.0000;1.3937
196.5;2.8370;2.8214;0.3183;0.0000;480;496;-0.0147;-0.0393;-0.0144;-0.0293;0.0645;0.0000;1.4016
197.0;2.8457;2.8342;0.0618;0.0000;474;503;-0.0049;-0.0290;-0.0144;-0.0059;0.0645;0.0000;1.4016
197.5;2.8553;2.8466;0.1137;0.0000;476;505;0.0733;-0.0231;-0.0144;-0.0108;0.0645;0.0000;1.4016
198.0;2.8663;2.8590;-0.2420;0.0000;470;517;0.1613;-0.0188;-0.0144;0.0215;0.0645;0.0000;1.4016
198.5;2.8773;2.8718;-0.3603;0.0000;468;523;0.0049;-0.0158;-0.0144;0.0323;0.0645;0.0000;1.4094
199.0;2.8887;2.8842;-0.6046;0.0000;466;533;0.0147;-0.0129;-0.0144;0.0538;0.0655;0.0000;1.4094
199.5;2.9002;2.8965;-0.6153;0.0000;468;537;0.1711;-0.0100;-0.0144;0.0547;0.0655;0.0000;1.4094
200.0;2.9116;2.9089;-0.5412;0.0000;472;537;0.0929;-0.0070;-0.0144;0.0479;0.0655;0.0000;1.4094
200.5;2.9231;2.9217;-0.8916;0.0000;466;548;0.0244;-0.0041;-0.0144;0.0802;0.0665;0.0000;1.4094
201.0;2.9345;2.9341;-0.8687;0.0000;466;548;0.1808;-0.0026;-0.0144;0.0772;0.0665;0.0000;1.4173
201.5;2.9460;2.9464;-1.0847;0.0000;462;556;0.1124;0.0018;-0.0144;0.0968;0.0674;0.0000;1.4173
202.0;2.9560;2.9592;-0.8519;0.0000;472;554;0.1026;0.0062;-0.0144;0.0762;0.0674;0.0000;1.4173
202.5;2.9666;2.9716;-0.8947;0.0000;476;558;-0.0538;0.0120;-0.0144;0.0802;0.0684;0.0000;1.4173
203.0;2.9771;2.9840;-0.4275;0.0000;492;550;-0.1417;0.0164;-0.0144;0.0381;0.0684;0.0000;1.4252
203.5;2.9872;2.9968;-0.2824;0.0000;500;548;0.0831;0.0223;-0.0144;0.0244;0.0684;0.0000;1.4252
204.0;2.9973;3.0092;-0.2527;0.0000;501;550;0.0049;0.0296;-0.0144;0.0225;0.0684;0.0000;1.4252
204.5;3.0069;3.0215;-0.2893;0.0000;503;554;0.1613;0.0369;-0.0129;0.0254;0.0684;0.0000;1.4252
205.0;3.0165;3.0339;-0.2107;0.0000;505;554;0.0831;0.0428;-0.0129;0.0186;0.0684;0.0000;1.4252
205.5;3.0279;3.0467;-0.0634;0.0000;513;554;-0.0049;0.0457;-0.0129;0.0049;0.0684;0.0000;1.4331
206.0;3.0408;3.0591;-0.1924;0.0000;515;564;0.0831;0.0457;-0.0129;0.0166;0.0684;0.0000;1.4331
206.5;3.0531;3.0714;-0.0153;0.0000;523;562;0.0733;0.0457;-0.0129;0.0010;0.0684;0.0000;1.4331
207.0;3.0668;3.0842;-0.1779;0.0000;517;566;0.0049;0.0428;-0.0129;0.0156;0.0694;0.0000;1.4331
207.5;3.0810;3.0966;0.0031;0.0000;523;562;-0.0049;0.0384;-0.0129;-0.0010;0.0694;0.0000;1.4409
208.0;3.0966;3.1090;0.0618;0.0000;525;560;-0.0049;0.0296;-0.0129;-0.0059;0.0684;0.0000;1.4409
208.5;3.1126;3.1218;0.1603;0.0000;527;558;0.0635;0.0208;-0.0129;-0.0147;0.0684;0.0000;1.4409
209.0;3.1287;3.1342;0.1122;0.0000;525;558;-0.0831;0.0120;-0.0129;-0.0108;0.0684;0.0000;1.4409
209.5;3.1456;3.1465;-0.0122;0.0000;523;562;-0.0049;0.0018;-0.0129;0.0010;0.0684;0.0000;1.4409
210.0;3.1630;3.1589;-0.0786;0.0000;519;562;-0.0049;-0.0114;-0.0129;0.0068;0.0684;0.0000;1.4488
210.5;3.1804;3.1712;-0.2863;0.0000;507;560;0.0049;-0.0231;-0.0129;0.0254;0.0694;0.0000;1.4409
211.0;3.1992;3.1836;-0.2840;0.0000;501;554;0.0831;-0.0393;-0.0129;0.0254;0.0694;0.0000;1.4331
211.5;3.2175;3.1955;-0.5916;0.0000;488;556;0.0929;-0.0554;-0.0129;0.0528;0.0694;0.0000;1.4173
212.0;3.2358;3.2074;-0.6275;0.0000;480;550;0.0929;-0.0715;-0.0129;0.0557;0.0694;0.0000;1.4094
212.5;3.2527;3.2193;-0.9252;0.0000;464;552;0.1808;-0.0847;-0.0129;0.0831;0.0704;0.0000;1.4016
213.0;3.2692;3.2308;-1.0817;0.0000;457;552;0.1124;-0.0964;-0.0144;0.0968;0.0704;0.0000;1.3937
213.5;3.2848;3.2422;-1.1687;0.0000;449;548;0.1124;-0.1067;-0.0144;0.1046;0.0714;0.0000;1.3858
214.0;3.2990;3.2537;-1.1290;0.0000;447;544;0.1124;-0.1140;-0.0144;0.1007;0.0723;0.0000;1.3780
214.5;3.3109;3.2647;-1.0771;0.0000;443;537;0.1124;-0.1169;-0.0158;0.0968;0.0723;0.0000;1.3701
215.0;3.3219;3.2756;-0.9733;0.0000;443;533;0.0244;-0.1169;-0.0158;0.0870;0.0733;0.0000;1.3622
215.5;3.3333;3.2862;-0.5992;0.0000;449;517;0.0147;-0.1184;-0.0158;0.0538;0.0733;0.0000;1.3543
216.0;3.3434;3.2967;-0.5321;0.0000;449;513;0.0147;-0.1169;-0.0158;0.0469;0.0733;0.0000;1.3386
216.5;3.3530;3.3072;-0.3145;0.0000;451;505;0.0049;-0.1154;-0.0173;0.0274;0.0733;0.0000;1.3307
217.0;3.3626;3.3178;-0.2130;0.0000;451;500;0.0831;-0.1125;-0.0173;0.0186;0.0733;0.0000;1.3228
217.5;3.3709;3.3278;-0.1473;0.0000;451;498;0.0831;-0.1081;-0.0173;0.0127;0.0733;0.0000;1.3150
218.0;3.3787;3.3379;-0.1466;0.0000;449;496;0.0049;-0.1023;-0.0188;0.0127;0.0743;0.0000;1.3071
218.5;3.3860;3.3475;-0.0603;0.0000;449;494;0.0733;-0.0964;-0.0188;0.0049;0.0743;0.0000;1.2992
219.0;3.3929;3.3576;0.0191;0.0000;449;488;-0.0049;-0.0891;-0.0188;-0.0020;0.0743;0.0000;1.2913
219.5;3.3997;3.3668;0.1183;0.0000;451;484;-0.0049;-0.0832;-0.0188;-0.0108;0.0743;0.0000;1.2835
220.0;3.4071;3.3764;0.1687;0.0000;451;482;-0.0147;-0.0774;-0.0202;-0.0156;0.0733;0.0000;1.2677
220.5;3.4125;3.3855;0.1328;0.0000;449;482;-0.0049;-0.0686;-0.0202;-0.0127;0.0733;0.0000;1.2598
221.0;3.4171;3.3947;0.3015;0.0000;455;478;-0.0929;-0.0583;-0.0202;-0.0274;0.0733;0.0000;1.2520
221.5;3.4226;3.4034;0.2756;0.0000;455;480;-0.0147;-0.0481;-0.0202;-0.0254;0.0733;0.0000;1.2441
222.0;3.4277;3.4121;0.4489;0.0000;457;474;0.0538;-0.0393;-0.0202;-0.0411;0.0733;0.0000;1.2362
222.5;3.4332;3.4208;0.3008;0.0000;453;476;-0.0147;-0.0319;-0.0202;-0.0274;0.0733;0.0000;1.2283
223.0;3.4382;3.4290;0.2832;0.0000;451;476;-0.0147;-0.0231;-0.0202;-0.0264;0.0733;0.0000;1.2126
223.5;3.4423;3.4377;0.1603;0.0000;449;480;-0.0147;-0.0129;-0.0202;-0.0147;0.0723;0.0000;1.2047
224.0;3.4464;3.4455;0.2115;0.0000;449;480;0.0635;-0.0026;-0.0202;-0.0196;0.0723;0.0000;1.1969
224.5;3.4505;3.4538;0.3832;0.0000;455;474;-0.0147;0.0062;-0.0202;-0.0352;0.0723;0.0000;1.1890
225.0;3.4560;3.4615;0.2595;0.0000;451;480;0.0635;0.0135;-0.0202;-0.0235;0.0723;0.0000;1.1811
225.5;3.4606;3.4689;0.2557;0.0000;451;480;-0.0147;0.0208;-0.0202;-0.0235;0.0723;0.0000;1.1732
226.0;3.4652;3.4766;0.1145;0.0000;447;482;0.0733;0.0267;-0.0202;-0.0108;0.0723;0.0000;1.1575
226.5;3.4702;3.4840;0.2229;0.0000;449;478;0.0635;0.0340;-0.0202;-0.0205;0.0723;0.0000;1.1496
227.0;3.4757;3.4913;0.1595;0.0000;447;480;-0.0147;0.0384;-0.0202;-0.0147;0.0723;0.0000;1.1417
227.5;3.4803;3.4982;0.2435;0.0000;449;476;-0.0147;0.0442;-0.0202;-0.0225;0.0723;0.0000;1.1339
228.0;3.4863;3.5050;0.2336;0.0000;447;476;0.0635;0.0472;-0.0202;-0.0215;0.0714;0.0000;1.1260
228.5;3.4922;3.5119;0.1649;0.0000;445;476;0.0635;0.0486;-0.0202;-0.0156;0.0714;0.0000;1.1181
229.0;3.5000;3.5183;0.0176;0.0000;439;480;0.0733;0.0442;-0.0188;-0.0020;0.0714;0.0000;1.1024
229.5;3.5078;3.5247;0.0519;0.0000;437;474;0.0733;0.0413;-0.0188;-0.0049;0.0714;0.0000;1.0945
230.0;3.5151;3.5311;0.0725;0.0000;433;470;-0.0049;0.0384;-0.0188;-0.0068;0.0714;0.0000;1.0866
230.5;3.5229;3.5371;-0.0550;0.0000;427;470;-0.0049;0.0340;-0.0188;0.0049;0.0714;0.0000;1.0787
231.0;3.5307;3.5430;0.0351;0.0000;429;466;-0.0831;0.0296;-0.0188;-0.0039;0.0714;0.0000;1.0709
231.5;3.5394;3.5490;-0.0718;0.0000;423;464;-0.0049;0.0237;-0.0188;0.0059;0.0714;0.0000;1.0551
232.0;3.5476;3.5545;-0.0939;0.0000;419;460;-0.0049;0.0164;-0.0188;0.0078;0.0714;0.0000;1.0472
232.5;3.5563;3.5600;-0.0267;0.0000;417;457;-0.0049;0.0076;-0.0188;0.0020;0.0714;0.0000;1.0394
233.0;3.5655;3.5650;0.0229;0.0000;413;451;-0.0049;-0.0012;-0.0188;-0.0029;0.0714;0.0000;1.0315
233.5;3.5742;3.5705;-0.0397;0.0000;408;447;-0.0049;-0.0114;-0.0188;0.0029;0.0714;0.0000;1.0236
234.0;3.5833;3.5755;-0.1145;0.0000;400;443;-0.0049;-0.0217;-0.0188;0.0098;0.0714;0.0000;1.0079
234.5;3.5911;3.5801;-0.0855;0.0000;398;439;0.0733;-0.0290;-0.0188;0.0068;0.0714;0.0000;1.0000
235.0;3.5975;3.5847;-0.2008;0.0000;390;439;0.0049;-0.0319;-0.0188;0.0176;0.0723;0.0000;0.9921
235.5;3.6030;3.5893;-0.1718;0.0000;386;433;-0.0733;-0.0349;-0.0188;0.0147;0.0723;0.0000;0.9843
236.0;3.6071;3.5939;-0.1634;0.0000;384;427;-0.0733;-0.0349;-0.0188;0.0147;0.0723;0.0000;0.9685
236.5;3.6108;3.5980;-0.1771;0.0000;382;427;0.0049;-0.0319;-0.0188;0.0156;0.0723;0.0000;0.9606
237.0;3.6136;3.6021;-0.2061;0.0000;378;423;0.0049;-0.0290;-0.0202;0.0176;0.0723;0.0000;0.9528
237.5;3.6154;3.6058;-0.1771;0.0000;376;421;0.0831;-0.0246;-0.0202;0.0156;0.0723;0.0000;0.9449
238.0;3.6172;3.6099;-0.0824;0.0000;376;417;-0.0049;-0.0202;-0.0202;0.0068;0.0723;0.0000;0.9291
238.5;3.6181;3.6131;0.0031;0.0000;376;413;-0.0049;-0.0129;-0.0202;-0.0010;0.0723;0.0000;0.9213
239.0;3.6190;3.6168;0.1420;0.0000;378;408;-0.0147;-0.0056;-0.0202;-0.0137;0.0723;0.0000;0.9134
239.5;3.6190;3.6200;0.0794;0.0000;376;410;-0.0049;0.0018;-0.0202;-0.0078;0.0723;0.0000;0.9055
240.0;3.6195;3.6232;0.0786;0.0000;374;408;-0.0049;0.0091;-0.0202;-0.0078;0.0723;0.0000;0.8898
240.5;3.6186;3.6259;0.0435;0.0000;374;410;0.0733;0.0179;-0.0202;-0.0049;0.0723;0.0000;0.8819
241.0;3.6186;3.6291;0.1076;0.0000;374;406;-0.0831;0.0252;-0.0202;-0.0098;0.0723;0.0000;0.8740
241.5;3.6181;3.6314;0.1710;0.0000;374;404;-0.1711;0.0325;-0.0188;-0.0156;0.0723;0.0000;0.8661
242.0;3.6172;3.6342;0.2595;0.0000;376;400;-0.0147;0.0413;-0.0188;-0.0235;0.0723;0.0000;0.8504
242.5;3.6172;3.6364;0.3282;0.0000;376;398;0.0635;0.0472;-0.0188;-0.0303;0.0714;0.0000;0.8425
243.0;3.6172;3.6387;0.4000;0.0000;376;394;0.0635;0.0530;-0.0188;-0.0362;0.0714;0.0000;0.8346
243.5;3.6186;3.6406;0.5137;0.0000;378;390;0.0538;0.0545;-0.0188;-0.0469;0.0714;0.0000;0.8268
244.0;3.6190;3.6424;0.4489;0.0000;374;390;-0.0244;0.0589;-0.0188;-0.0411;0.0714;0.0000;0.8110
244.5;3.6190;3.6442;0.4412;0.0000;374;388;-0.0244;0.0618;-0.0188;-0.0401;0.0704;0.0000;0.8031
245.0;3.6195;3.6456;0.4519;0.0000;372;388;-0.0244;0.0648;-0.0173;-0.0411;0.0704;0.0000;0.7953
245.5;3.6200;3.6474;0.4420;0.0000;370;386;0.1320;0.0677;-0.0173;-0.0401;0.0704;0.0000;0.7795
246.0;3.6200;3.6484;0.4061;0.0000;367;384;0.0635;0.0706;-0.0173;-0.0371;0.0704;0.0000;0.7717
246.5;3.6181;3.6497;0.4115;0.0000;365;382;0.0635;0.0779;-0.0173;-0.0371;0.0704;0.0000;0.7638
247.0;3.6163;3.6506;0.4076;0.0000;363;380;0.0635;0.0853;-0.0173;-0.0371;0.0694;0.0000;0.7559
247.5;3.6140;3.6511;0.3702;0.0000;363;382;0.0635;0.0926;-0.0158;-0.0342;0.0694;0.0000;0.7402
248.0;3.6131;3.6520;0.3221;0.0000;361;382;0.0635;0.0955;-0.0158;-0.0293;0.0694;0.0000;0.7323
248.5;3.6113;3.6525;0.3290;0.0000;359;380;0.0635;0.1014;-0.0158;-0.0303;0.0694;0.0000;0.7244
249.0;3.6099;3.6525;0.2656;0.0000;355;380;0.1417;0.1058;-0.0144;-0.0244;0.0694;0.0000;0.7087
249.5;3.6094;3.6529;0.3412;0.0000;355;378;0.0635;0.1087;-0.0144;-0.0313;0.0694;0.0000;0.7008
250.0;3.6094;3.6529;0.3466;0.0000;353;376;-0.0147;0.1087;-0.0144;-0.0313;0.0684;0.0000;0.6929
250.5;3.6099;3.6525;0.3603;0.0000;351;374;-0.0147;0.1058;-0.0144;-0.0332;0.0684;0.0000;0.6850
251.0;3.6117;3.6525;0.3511;0.0000;349;372;-0.0147;0.1014;-0.0129;-0.0323;0.0684;0.0000;0.6772
251.5;3.6131;3.6520;0.3779;0.0000;347;369;0.0635;0.0955;-0.0129;-0.0342;0.0684;0.0000;0.6693
252.0;3.6149;3.6511;0.3603;0.0000;343;369;-0.0147;0.0911;-0.0129;-0.0332;0.0684;0.0000;0.6614
252.5;3.6168;3.6506;0.4061;0.0000;341;363;-0.0929;0.0838;-0.0129;-0.0371;0.0674;0.0000;0.6535
253.0;3.6200;3.6497;0.4214;0.0000;337;357;-0.1026;0.0735;-0.0114;-0.0381;0.0674;0.0000;0.6457
253.5;3.6236;3.6484;0.4153;0.0000;333;353;-0.0147;0.0618;-0.0114;-0.0381;0.0674;0.0000;0.6378
254.0;3.6277;3.6474;0.3947;0.0000;329;347;-0.0147;0.0486;-0.0114;-0.0362;0.0674;0.0000;0.6299
254.5;3.6314;3.6456;0.4374;0.0000;326;341;0.0538;0.0355;-0.0114;-0.0401;0.0674;0.0000;0.6220
255.0;3.6351;3.6442;0.4198;0.0000;320;337;0.0635;0.0223;-0.0114;-0.0381;0.0665;0.0000;0.6142
255.5;3.6374;3.6424;0.4496;0.0000;316;331;-0.1026;0.0120;-0.0114;-0.0411;0.0665;0.0000;0.6063
256.0;3.6397;3.6406;0.4229;0.0000;312;327;-0.0244;0.0018;-0.0114;-0.0381;0.0665;0.0000;0.5984
256.5;3.6415;3.6387;0.3412;0.0000;306;326;-0.0147;-0.0085;-0.0114;-0.0313;0.0665;0.0000;0.5906
257.0;3.6429;3.6364;0.3290;0.0000;300;320;-0.0147;-0.0158;-0.0114;-0.0303;0.0665;0.0000;0.5827
257.5;3.6415;3.6342;0.3168;0.0000;294;314;-0.0147;-0.0188;-0.0114;-0.0293;0.0655;0.0000;0.5748
258.0;3.6383;3.6314;0.3565;0.0000;292;310;0.0635;-0.0173;-0.0114;-0.0323;0.0655;0.0000;0.5669
258.5;3.6186;3.6291;0.3511;0.0000;300;300;-0.0147;0.0252;-0.0114;-0.0323;0.0655;0.0000;0.5512
259.0;3.6039;3.6259;0.4084;0.0000;306;306;0.0635;0.0545;-0.0114;-0.0371;0.0655;0.0000;0.5433
259.5;3.5925;3.6232;0.3618;0.0000;308;312;0.0635;0.0750;-0.0114;-0.0332;0.0655;0.0000;0.5354
260.0;3.5842;3.6200;0.3382;0.0000;310;316;-0.0147;0.0882;-0.0100;-0.0313;0.0655;0.0000;0.5276
260.5;3.5769;3.6168;0.3855;0.0000;308;316;0.0635;0.0984;-0.0100;-0.0352;0.0645;0.0000;0.5197
261.0;3.5701;3.6131;0.3802;0.0000;308;316;-0.0147;0.1072;-0.0100;-0.0352;0.0645;0.0000;0.5118
261.5;3.5641;3.6099;0.3252;0.0000;306;316;-0.0147;0.1131;-0.0085;-0.0293;0.0645;0.0000;0.5039
262.0;3.5595;3.6058;0.4084;0.0000;308;314;0.0635;0.1160;-0.0085;-0.0371;0.0645;0.0000;0.4961
262.5;3.5554;3.6021;0.3611;0.0000;306;316;-0.0147;0.1160;-0.0085;-0.0332;0.0645;0.0000;0.4882
263.0;3.5508;3.5980;0.3595;0.0000;302;314;-0.0147;0.1175;-0.0070;-0.0332;0.0635;0.0000;0.4803
263.5;3.5458;3.5939;0.3519;0.0000;300;312;-0.0929;0.1190;-0.0070;-0.0323;0.0635;0.0000;0.4724
264.0;3.5412;3.5893;0.3969;0.0000;298;310;-0.0147;0.1204;-0.0070;-0.0362;0.0635;0.0000;0.4646
264.5;3.5371;3.5847;0.5092;0.0000;300;304;-0.1026;0.1190;-0.0070;-0.0459;0.0635;0.0000;0.4567
265.0;3.5334;3.5801;0.5542;0.0000;296;300;0.0538;0.1160;-0.0056;-0.0508;0.0626;0.0000;0.4488
265.5;3.5293;3.5755;0.6382;0.0000;296;296;0.0538;0.1146;-0.0056;-0.0577;0.0626;0.0000;0.4409
266.0;3.5247;3.5705;0.5626;0.0000;292;296;-0.0244;0.1131;-0.0056;-0.0508;0.0626;0.0000;0.4331
266.5;3.5201;3.5650;0.6481;0.0000;292;292;-0.1026;0.1116;-0.0041;-0.0587;0.0616;0.0000;0.4173
267.0;3.5151;3.5600;0.6420;0.0000;290;290;-0.0244;0.1116;-0.0041;-0.0587;0.0616;0.0000;0.4094
267.5;3.5092;3.5545;0.6489;0.0000;286;286;-0.0244;0.1116;-0.0041;-0.0587;0.0616;0.0000;0.4016
268.0;3.5046;3.5490;0.6672;0.0000;284;284;0.0538;0.1102;-0.0026;-0.0606;0.0606;0.0000;0.3937
268.5;3.4995;3.5430;0.5580;0.0000;279;283;-0.0244;0.1072;-0.0026;-0.0508;0.0606;0.0000;0.3858
269.0;3.4945;3.5371;0.5198;0.0000;275;283;0.1320;0.1058;-0.0026;-0.0469;0.0606;0.0000;0.3780
269.5;3.4904;3.5311;0.3954;0.0000;269;284;0.1417;0.0999;-0.0012;-0.0362;0.0606;0.0000;0.3701
270.0;3.4876;3.5247;0.4588;0.0000;267;279;0.0538;0.0926;-0.0012;-0.0420;0.0596;0.0000;0.3622
270.5;3.4853;3.5183;0.4076;0.0000;261;277;0.0635;0.0809;-0.0012;-0.0371;0.0596;0.0000;0.3543
271.0;3.4831;3.5119;0.4840;0.0000;257;271;0.2102;0.0706;-0.0012;-0.0440;0.0596;0.0000;0.3465
271.5;3.4638;3.5050;0.4573;0.0000;263;259;0.1320;0.1028;-0.0012;-0.0420;0.0596;0.0000;0.3307
272.0;3.4473;3.4982;0.3397;0.0000;261;267;0.2199;0.1263;0.0003;-0.0313;0.0596;0.0000;0.3228
272.5;3.4350;3.4913;0.2924;0.0000;261;271;0.1417;0.1395;0.0003;-0.0264;0.0587;0.0000;0.3150
273.0;3.4272;3.4840;0.3855;0.0000;263;267;-0.0929;0.1409;0.0018;-0.0352;0.0587;0.0000;0.3071
273.5;3.4222;3.4766;0.5366;0.0000;265;263;-0.0244;0.1351;0.0018;-0.0489;0.0587;0.0000;0.2992
274.0;3.4190;3.4689;0.5214;0.0000;261;261;0.0538;0.1248;0.0018;-0.0479;0.0587;0.0000;0.2913
274.5;3.4167;3.4615;0.6267;0.0000;257;253;0.0538;0.1116;0.0032;-0.0567;0.0577;0.0000;0.2835
275.0;3.4162;3.4538;0.5725;0.0000;251;251;-0.0244;0.0926;0.0032;-0.0518;0.0577;0.0000;0.2756
275.5;3.4171;3.4455;0.7183;0.0000;249;241;-0.1124;0.0706;0.0032;-0.0655;0.0577;0.0000;0.2598
276.0;3.4176;3.4377;0.8473;0.0000;243;230;-0.1906;0.0486;0.0032;-0.0772;0.0567;0.0000;0.2520
276.5;3.4176;3.4290;0.9206;0.0000;239;222;-0.0342;0.0296;0.0032;-0.0831;0.0567;0.0000;0.2441
277.0;3.4171;3.4208;0.7954;0.0000;230;218;-0.0342;0.0091;0.0032;-0.0723;0.0557;0.0000;0.2362
277.5;3.4158;3.4121;0.7534;0.0000;222;212;-0.0342;-0.0100;0.0032;-0.0684;0.0557;0.0000;0.2283
278.0;3.4130;3.4034;0.6802;0.0000;212;208;-0.0244;-0.0246;0.0032;-0.0616;0.0557;0.0000;0.2205
278.5;3.4103;3.3947;0.5206;0.0000;204;204;-0.1026;-0.0393;0.0032;-0.0469;0.0547;0.0000;0.2126
279.0;3.4061;3.3855;0.4809;0.0000;196;200;0.0538;-0.0524;0.0032;-0.0440;0.0547;0.0000;0.1969
279.5;3.4006;3.3764;0.3023;0.0000;187;200;-0.0147;-0.0612;0.0032;-0.0274;0.0547;0.0000;0.1890
280.0;3.3947;3.3668;0.3405;0.0000;183;195;-0.0147;-0.0700;0.0032;-0.0313;0.0547;0.0000;0.1811
280.5;3.3878;3.3576;0.3718;0.0000;179;189;-0.0147;-0.0774;0.0018;-0.0342;0.0547;0.0000;0.1732
281.0;3.3800;3.3475;0.5031;0.0000;177;181;-0.0244;-0.0817;0.0018;-0.0459;0.0538;0.0000;0.1654
281.5;3.3713;3.3379;0.4840;0.0000;173;177;0.0538;-0.0847;0.0018;-0.0440;0.0538;0.0000;0.1575
282.0;3.3626;3.3278;0.6237;0.0000;173;169;0.0538;-0.0876;0.0018;-0.0567;0.0538;0.0000;0.1417
282.5;3.3530;3.3178;0.5473;0.0000;167;169;0.0538;-0.0891;0.0003;-0.0499;0.0538;0.0000;0.1339
283.0;3.3434;3.3077;0.5038;0.0000;167;169;-0.0244;-0.0905;0.0003;-0.0459;0.0528;0.0000;0.1417
283.5;3.3324;3.2976;0.5557;0.0000;167;171;0.0538;-0.0876;0.0003;-0.0508;0.0528;0.0000;0.1496
284.0;3.3205;3.2880;0.6802;0.0000;171;169;0.0538;-0.0817;0.0003;-0.0616;0.0528;0.0000;0.1575
284.5;3.3104;3.2788;0.6763;0.0000;173;171;0.0538;-0.0803;0.0003;-0.0616;0.0518;0.0000;0.1654
285.0;3.2990;3.2692;0.5901;0.0000;173;175;-0.0244;-0.0744;-0.0012;-0.0538;0.0518;0.0000;0.1654
285.5;3.2875;3.2601;0.7626;0.0000;179;173;-0.0342;-0.0700;-0.0012;-0.0694;0.0518;0.0000;0.1732
286.0;3.2761;3.2509;0.6985;0.0000;179;177;-0.0342;-0.0627;-0.0012;-0.0635;0.0508;0.0000;0.1811
286.5;3.2656;3.2422;0.8855;0.0000;187;175;-0.0342;-0.0598;-0.0012;-0.0802;0.0508;0.0000;0.1890
287.0;3.2560;3.2335;0.8160;0.0000;187;177;-0.0342;-0.0568;-0.0012;-0.0743;0.0499;0.0000;0.1969
287.5;3.2477;3.2248;0.8305;0.0000;189;179;-0.1124;-0.0583;-0.0012;-0.0753;0.0499;0.0000;0.2047
288.0;3.2399;3.2161;0.7313;0.0000;187;181;-0.0342;-0.0598;-0.0026;-0.0665;0.0499;0.0000;0.2047
288.5;3.2321;3.2079;0.8183;0.0000;189;179;0.0440;-0.0612;-0.0026;-0.0743;0.0489;0.0000;0.2126
289.0;3.2234;3.2001;0.8527;0.0000;191;181;-0.0342;-0.0598;-0.0026;-0.0772;0.0489;0.0000;0.2205
289.5;3.2147;3.1918;0.8901;0.0000;193;181;-0.0342;-0.0583;-0.0026;-0.0811;0.0479;0.0000;0.2283
290.0;3.2060;3.1841;0.8466;0.0000;195;183;-0.0342;-0.0554;-0.0026;-0.0762;0.0479;0.0000;0.2362
290.5;3.1983;3.1763;0.6183;0.0000;191;191;0.1320;-0.0554;-0.0026;-0.0557;0.0479;0.0000;0.2441
291.0;3.1900;3.1690;0.6458;0.0000;193;191;0.0538;-0.0539;-0.0041;-0.0587;0.0469;0.0000;0.2441
291.5;3.1832;3.1616;0.5695;0.0000;191;195;0.0538;-0.0539;-0.0041;-0.0518;0.0469;0.0000;0.2520
292.0;3.1767;3.1543;0.5840;0.0000;191;195;0.2102;-0.0568;-0.0041;-0.0528;0.0469;0.0000;0.2598
292.5;3.1694;3.1474;0.4878;0.0000;191;198;0.2102;-0.0554;-0.0041;-0.0440;0.0459;0.0000;0.2677
293.0;3.1621;3.1406;0.5015;0.0000;191;200;0.1320;-0.0539;-0.0041;-0.0459;0.0459;0.0000;0.2756
293.5;3.1552;3.1337;0.4359;0.0000;193;202;0.0538;-0.0539;-0.0041;-0.0401;0.0459;0.0000;0.2835
294.0;3.1506;3.1273;0.4466;0.0000;193;204;0.0538;-0.0598;-0.0041;-0.0411;0.0459;0.0000;0.2913
294.5;3.1461;3.1209;0.5046;0.0000;196;202;-0.0244;-0.0642;-0.0056;-0.0459;0.0450;0.0000;0.2992
295.0;3.1419;3.1145;0.4832;0.0000;195;204;0.1320;-0.0686;-0.0056;-0.0440;0.0450;0.0000;0.2992
295.5;3.1364;3.1085;0.5015;0.0000;196;202;-0.0244;-0.0715;-0.0056;-0.0459;0.0450;0.0000;0.3071
296.0;3.1319;3.1026;0.5725;0.0000;198;202;-0.0244;-0.0730;-0.0056;-0.0518;0.0450;0.0000;0.3150
296.5;3.1282;3.0966;0.5351;0.0000;198;204;0.0538;-0.0788;-0.0056;-0.0489;0.0440;0.0000;0.3228
297.0;3.1259;3.0911;0.5122;0.0000;198;204;0.0538;-0.0876;-0.0070;-0.0469;0.0440;0.0000;0.3307
297.5;3.1255;3.0856;0.4695;0.0000;198;204;-0.0244;-0.1008;-0.0070;-0.0430;0.0440;0.0000;0.3386
298.0;3.1259;3.0801;0.3832;0.0000;195;204;0.0635;-0.1154;-0.0070;-0.0352;0.0440;0.0000;0.3465
298.5;3.1264;3.0751;0.4191;0.0000;195;202;0.0635;-0.1286;-0.0085;-0.0381;0.0430;0.0000;0.3543
299.0;3.1264;3.0701;0.4840;0.0000;195;198;-0.0244;-0.1418;-0.0085;-0.0440;0.0430;0.0000;0.3622
299.5;3.1268;3.0655;0.4679;0.0000;193;198;-0.0244;-0.1550;-0.0085;-0.0430;0.0430;0.0000;0.3622
300.0;3.1264;3.0604;0.4725;0.0000;193;196;-0.1026;-0.1653;-0.0100;-0.0430;0.0430;0.0000;0.3701
300.5;3.1250;3.0563;0.5275;0.0000;193;195;-0.0244;-0.1726;-0.0100;-0.0479;0.0420;0.0000;0.3780
301.0;3.1227;3.0517;0.5290;0.0000;193;193;-0.1026;-0.1784;-0.0114;-0.0479;0.0420;0.0000;0.3858
301.5;3.1195;3.0476;0.4427;0.0000;193;195;-0.1026;-0.1799;-0.0114;-0.0401;0.0420;0.0000;0.3937
302.0;3.1145;3.0435;0.4504;0.0000;193;195;-0.0244;-0.1784;-0.0129;-0.0411;0.0420;0.0000;0.4016
302.5;3.1103;3.0394;0.5076;0.0000;195;195;-0.0244;-0.1770;-0.0129;-0.0459;0.0411;0.0000;0.4094
303.0;3.1058;3.0357;0.4198;0.0000;195;198;-0.0147;-0.1755;-0.0144;-0.0381;0.0411;0.0000;0.4173
303.5;3.1012;3.0321;0.4885;0.0000;198;198;-0.0244;-0.1726;-0.0144;-0.0440;0.0411;0.0000;0.4252
304.0;3.0966;3.0288;0.4817;0.0000;198;200;0.0538;-0.1696;-0.0158;-0.0440;0.0411;0.0000;0.4331
304.5;3.0929;3.0256;0.5656;0.0000;202;200;-0.0244;-0.1696;-0.0158;-0.0518;0.0401;0.0000;0.4409
305.0;3.0888;3.0224;0.5679;0.0000;204;202;-0.0244;-0.1667;-0.0173;-0.0518;0.0401;0.0000;0.4488
305.5;3.0842;3.0192;0.6695;0.0000;208;200;-0.0244;-0.1623;-0.0173;-0.0606;0.0401;0.0000;0.4567
306.0;3.0806;3.0165;0.6130;0.0000;208;204;-0.0244;-0.1609;-0.0173;-0.0557;0.0401;0.0000;0.4646
306.5;3.0774;3.0137;0.6191;0.0000;210;206;-0.0244;-0.1594;-0.0188;-0.0567;0.0391;0.0000;0.4646
307.0;3.0742;3.0114;0.6481;0.0000;214;208;-0.0244;-0.1579;-0.0188;-0.0587;0.0391;0.0000;0.4724
307.5;3.0696;3.0092;0.5695;0.0000;214;212;0.0538;-0.1521;-0.0202;-0.0518;0.0391;0.0000;0.4803
308.0;3.0650;3.0069;0.6969;0.0000;220;212;-0.0342;-0.1462;-0.0202;-0.0635;0.0381;0.0000;0.4882
308.5;3.0604;3.0050;0.7000;0.0000;222;214;-0.0244;-0.1389;-0.0217;-0.0635;0.0381;0.0000;0.4961
309.0;3.0559;3.0032;0.7878;0.0000;228;214;0.0440;-0.1330;-0.0217;-0.0714;0.0371;0.0000;0.5039
309.5;3.0513;3.0014;0.6809;0.0000;228;220;-0.0244;-0.1257;-0.0217;-0.0616;0.0371;0.0000;0.5118
310.0;3.0481;3.0000;0.7145;0.0000;232;222;-0.0342;-0.1213;-0.0231;-0.0645;0.0371;0.0000;0.5276
310.5;3.0449;3.0000;0.5618;0.0000;249;245;-0.1026;-0.1140;-0.0231;-0.0508;0.0362;0.0000;0.5984
311.0;3.0421;3.0000;0.6824;0.0000;253;241;-0.0244;-0.1067;-0.0231;-0.0616;0.0362;0.0000;0.5984
311.5;3.0398;3.0000;0.7145;0.0000;255;243;-0.1124;-0.1008;-0.0231;-0.0645;0.0362;0.0000;0.5984
312.0;3.0366;3.0000;0.5420;0.0000;251;247;0.0538;-0.0935;-0.0246;-0.0489;0.0352;0.0000;0.5984
312.5;3.0343;3.0000;0.5779;0.0000;255;249;-0.0244;-0.0876;-0.0246;-0.0528;0.0352;0.0000;0.5984
313.0;3.0307;3.0000;0.5183;0.0000;255;251;0.0538;-0.0774;-0.0246;-0.0469;0.0352;0.0000;0.5984
313.5;3.0270;3.0000;0.5893;0.0000;259;251;-0.0244;-0.0686;-0.0246;-0.0538;0.0352;0.0000;0.5984
314.0;3.0238;3.0000;0.5252;0.0000;261;255;0.0538;-0.0612;-0.0246;-0.0479;0.0342;0.0000;0.5984
314.5;3.0206;3.0000;0.6244;0.0000;263;253;-0.0244;-0.0539;-0.0261;-0.0567;0.0342;0.0000;0.5984
315.0;3.0183;3.0000;0.4756;0.0000;261;261;0.0538;-0.0466;-0.0261;-0.0430;0.0342;0.0000;0.5984
315.5;3.0169;3.0000;0.4000;0.0000;261;263;0.0635;-0.0437;-0.0261;-0.0362;0.0342;0.0000;0.5984
316.0;3.0169;3.0000;0.3389;0.0000;261;267;0.0635;-0.0437;-0.0261;-0.0313;0.0332;0.0000;0.5984
316.5;3.0169;3.0000;0.3084;0.0000;261;267;0.1417;-0.0437;-0.0261;-0.0283;0.0332;0.0000;0.5984
317.0;3.0169;3.0000;0.3221;0.0000;261;269;0.1417;-0.0437;-0.0261;-0.0293;0.0332;0.0000;0.5984
317.5;3.0165;3.0000;0.2611;0.0000;257;271;0.0635;-0.0422;-0.0261;-0.0244;0.0332;0.0000;0.5984
318.0;3.0165;3.0000;0.2595;0.0000;257;271;0.0635;-0.0422;-0.0261;-0.0235;0.0332;0.0000;0.5984
318.5;3.0169;3.0000;0.1962;0.0000;255;271;0.0635;-0.0437;-0.0275;-0.0186;0.0332;0.0000;0.5984
319.0;3.0174;3.0000;0.3351;0.0000;259;269;0.1417;-0.0451;-0.0275;-0.0303;0.0332;0.0000;0.5984
319.5;3.0188;3.0000;0.2756;0.0000;257;269;0.0635;-0.0481;-0.0275;-0.0254;0.0323;0.0000;0.5984
320.0;3.0211;3.0000;0.3351;0.0000;259;267;0.0635;-0.0539;-0.0275;-0.0303;0.0323;0.0000;0.5984
320.5;3.0229;3.0000;0.3603;0.0000;259;267;-0.0049;-0.0583;-0.0275;-0.0332;0.0323;0.0000;0.5984
321.0;3.0256;3.0000;0.3855;0.0000;259;265;-0.0147;-0.0656;-0.0275;-0.0352;0.0323;0.0000;0.5984
321.5;3.0279;3.0000;0.3107;0.0000;255;265;-0.0147;-0.0715;-0.0275;-0.0283;0.0323;0.0000;0.5984
322.0;3.0311;3.0000;0.3832;0.0000;255;261;0.0635;-0.0788;-0.0290;-0.0352;0.0313;0.0000;0.5984
322.5;3.0343;3.0000;0.3832;-0.0214;263;251;0.0635;-0.0876;-0.0290;-0.0371;0.0313;-0.0314;0.5984
323.0;3.0389;3.0000;0.2221;-0.0641;265;245;-0.0147;-0.0993;-0.0290;-0.0264;0.0313;-0.0588;0.5984
323.5;3.0430;3.0000;0.2954;-0.1282;273;234;-0.0929;-0.1081;-0.0290;-0.0381;0.0313;-0.0863;0.5984
324.0;3.0449;3.0000;0.2153;-0.2130;277;226;-0.0147;-0.1140;-0.0305;-0.0391;0.0313;-0.1137;0.5984
324.5;3.0472;3.0000;0.2977;-0.3191;286;212;-0.0147;-0.1184;-0.0305;-0.0557;0.0303;-0.1412;0.5984
325.0;3.0481;3.0000;0.2565;-0.4466;294;202;-0.0929;-0.1213;-0.0305;-0.0635;0.0303;-0.1725;0.5984
325.5;3.0485;3.0000;0.3237;-0.5954;306;189;-0.1711;-0.1228;-0.0319;-0.0831;0.0303;-0.2000;0.5984
326.0;3.0490;3.0000;0.0763;-0.7656;312;183;-0.0831;-0.1242;-0.0319;-0.0762;0.0293;-0.2314;0.5984
326.5;3.0490;3.0000;0.0115;-0.9565;322;173;-0.0049;-0.1242;-0.0319;-0.0880;0.0293;-0.2588;0.5984
327.0;3.0476;3.0000;0.0229;-1.1695;333;161;-0.0831;-0.1198;-0.0334;-0.1075;0.0283;-0.2863;0.5984
327.5;3.0449;3.0000;-0.1183;-1.4031;343;152;-0.1613;-0.1140;-0.0334;-0.1163;0.0274;-0.3176;0.5984
328.0;3.0430;3.0000;-0.1550;-1.6580;355;140;-0.0733;-0.1081;-0.0334;-0.1359;0.0274;-0.3490;0.5984
328.5;3.0412;3.0000;-0.4733;-1.9344;365;134;-0.1417;-0.1052;-0.0349;-0.1320;0.0264;-0.3765;0.5984
329.0;3.0394;3.0000;-0.6878;-2.2313;374;126;-0.1417;-0.1008;-0.0349;-0.1398;0.0254;-0.4078;0.5984
329.5;3.0371;3.0000;-1.0328;-2.5504;382;120;-0.0440;-0.0935;-0.0349;-0.1369;0.0244;-0.4392;0.5984
330.0;3.0343;3.0000;-1.1588;-2.8901;396;109;-0.1222;-0.0876;-0.0349;-0.1564;0.0235;-0.4667;0.5984
330.5;3.0311;3.0000;-1.6229;-3.2519;404;105;-0.1026;-0.0788;-0.0363;-0.1466;0.0235;-0.4980;0.5984
331.0;3.0279;3.0000;-1.7794;-3.6344;417;95;-0.0244;-0.0715;-0.0363;-0.1672;0.0225;-0.5294;0.5984
331.5;3.0252;3.0000;-2.2237;-4.0382;425;89;-0.0831;-0.0642;-0.0363;-0.1642;0.0215;-0.5608;0.5984
332.0;3.0229;3.0000;-2.7679;-4.4626;433;85;-0.1417;-0.0583;-0.0363;-0.1535;0.0205;-0.5922;0.5984
332.5;3.0087;3.0000;-3.0344;-4.9092;455;67;-0.1320;-0.0231;-0.0363;-0.1691;0.0196;-0.6235;0.5984
333.0;2.9977;3.0000;-3.4603;-5.3763;470;65;-0.1124;0.0047;-0.0363;-0.1730;0.0186;-0.6549;0.5984
333.5;2.9886;3.0000;-3.9046;-5.8656;486;64;-0.0244;0.0267;-0.0363;-0.1769;0.0176;-0.6863;0.5984
334.0;2.9821;3.0000;-4.5130;-6.3756;500;62;-0.0831;0.0428;-0.0363;-0.1681;0.0166;-0.7176;0.5984
334.5;2.9766;3.0000;-4.9015;-6.9069;513;54;-0.1515;0.0574;-0.0363;-0.1808;0.0156;-0.7529;0.5984
335.0;2.9716;3.0000;-5.5786;-7.4588;525;52;-0.2004;0.0706;-0.0363;-0.1701;0.0147;-0.7843;0.5984
335.5;2.9684;3.0000;-5.9359;-8.0328;541;40;-0.1906;0.0779;-0.0349;-0.1896;0.0137;-0.8157;0.5984
336.0;2.9657;3.0000;-6.6809;-8.6282;550;38;-0.1613;0.0838;-0.0349;-0.1760;0.0127;-0.8471;0.5984
336.5;2.9634;3.0000;-7.5260;-9.2443;556;36;-0.1320;0.0911;-0.0349;-0.1554;0.0117;-0.8824;0.5984
337.0;2.9611;3.0000;-8.2351;-9.8817;570;32;-0.0342;0.0955;-0.0349;-0.1486;0.0108;-0.9137;0.5984
337.5;2.9588;3.0000;-8.9015;-10.5405;580;24;-0.1613;0.1014;-0.0334;-0.1476;0.0098;-0.9490;0.5984
338.0;2.9560;3.0000;-9.4344;-11.2206;595;13;-0.2199;0.1087;-0.0334;-0.1613;0.0088;-0.9804;0.5984
338.5;2.9533;3.0000;-10.1031;-11.9214;611;5;-0.2004;0.1160;-0.0334;-0.1642;0.0078;-1.0157;0.5984
339.0;2.9510;3.0000;-10.6802;-12.6443;627;-5;-0.1808;0.1204;-0.0319;-0.1769;0.0068;-1.0471;0.5984
339.5;2.9496;3.0000;-11.6115;-13.3878;636;-9;-0.2199;0.1248;-0.0319;-0.1603;0.0068;-1.0824;0.5984
340.0;2.9473;3.0000;-12.2771;-14.1527;650;-21;-0.2786;0.1307;-0.0319;-0.1691;0.0059;-1.1176;0.5984
340.5;2.9460;3.0000;-13.2137;-14.9389;660;-24;-0.2493;0.1336;-0.0305;-0.1554;0.0049;-1.1529;0.5984
341.0;2.9451;3.0000;-14.0114;-15.7389;670;-30;-0.1417;0.1351;-0.0305;-0.1564;0.0039;-1.1765;0.5984
341.5;2.9455;3.0000;-14.9687;-16.5389;674;-30;-0.1906;0.1351;-0.0305;-0.1417;0.0029;-1.1843;0.5984
342.0;2.9455;3.0000;-15.9901;-17.3389;675;-28;-0.1417;0.1351;-0.0290;-0.1222;0.0020;-1.1882;0.5984
342.5;2.9446;3.0000;-16.8779;-18.1389;677;-28;-0.1124;0.1365;-0.0290;-0.1144;0.0020;-1.1961;0.5984
343.0;2.9441;3.0000;-17.7290;-18.9389;681;-30;-0.2590;0.1380;-0.0290;-0.1095;0.0010;-1.2039;0.5984
343.5;2.9455;3.0000;-18.3397;-19.7389;689;-38;-0.3568;0.1351;-0.0275;-0.1261;-0.0000;-1.2078;0.5984
344.0;2.9487;3.0000;-19.3496;-20.5389;691;-38;-0.4448;0.1263;-0.0275;-0.1075;-0.0000;-1.2157;0.5984
344.5;2.9547;3.0000;-19.9618;-21.3389;701;-50;-0.4741;0.1116;-0.0275;-0.1241;-0.0010;-1.2235;0.5984
345.0;2.9611;3.0000;-20.8626;-22.1389;701;-54;-0.4545;0.0955;-0.0261;-0.1153;-0.0020;-1.2314;0.5984
345.5;2.9675;3.0000;-21.6053;-22.9389;703;-64;-0.5034;0.0794;-0.0261;-0.1202;-0.0020;-1.2353;0.5984
346.0;2.9748;3.0000;-22.5214;-23.7389;703;-67;-0.4741;0.0618;-0.0261;-0.1105;-0.0029;-1.2431;0.5984
346.5;2.9812;3.0000;-23.2237;-24.5176;697;-69;-0.2884;0.0457;-0.0261;-0.1173;-0.0039;-1.2235;0.5984
347.0;2.9858;3.0000;-24.3282;-25.2756;683;-62;-0.3959;0.0340;-0.0261;-0.0860;-0.0039;-1.2000;0.5984
347.5;2.9899;3.0000;-25.5015;-26.0114;668;-50;-0.2981;0.0237;-0.0261;-0.0459;-0.0039;-1.1804;0.5984
348.0;2.9927;3.0000;-26.1969;-26.7267;662;-48;-0.2493;0.0179;-0.0261;-0.0479;-0.0049;-1.1569;0.5984
348.5;2.9940;3.0000;-27.1481;-27.4206;646;-38;-0.2493;0.0135;-0.0246;-0.0254;-0.0049;-1.1373;0.5984
349.0;2.9945;3.0000;-27.7000;-28.0931;642;-36;-0.2884;0.0120;-0.0246;-0.0362;-0.0049;-1.1137;0.5984
349.5;2.9945;3.0000;-28.5145;-28.7443;630;-30;-0.2590;0.0135;-0.0246;-0.0215;-0.0049;-1.0941;0.5984
350.0;2.9936;3.0000;-29.0702;-29.3740;627;-26;-0.2395;0.0149;-0.0246;-0.0274;-0.0049;-1.0706;0.5984
350.5;2.9913;3.0000;-29.9351;-29.9832;615;-17;-0.2102;0.0208;-0.0246;-0.0049;-0.0049;-1.0471;0.5984
351.0;2.9890;3.0000;-30.6908;-30.5702;603;-7;-0.2590;0.0267;-0.0246;0.0108;-0.0049;-1.0275;0.5984
351.5;2.9863;3.0000;-31.1191;-31.1366;601;-5;-0.3177;0.0325;-0.0246;-0.0020;-0.0049;-1.0039;0.5984
352.0;2.9831;3.0000;-31.8771;-31.6817;591;5;-0.2297;0.0413;-0.0246;0.0166;-0.0049;-0.9804;0.5984
352.5;2.9794;3.0000;-32.1282;-32.2053;593;5;-0.2884;0.0501;-0.0246;-0.0078;-0.0049;-0.9569;0.5984
353.0;2.9748;3.0000;-32.6756;-32.7076;591;11;-0.3470;0.0618;-0.0246;-0.0029;-0.0049;-0.9333;0.5984
353.5;2.9707;3.0000;-33.1641;-33.1893;589;17;-0.4839;0.0721;-0.0246;-0.0029;-0.0049;-0.9098;0.5984
354.0;2.9675;3.0000;-33.5267;-33.6489;589;21;-0.4741;0.0809;-0.0231;-0.0117;-0.0049;-0.8863;0.5984
354.5;2.9643;3.0000;-33.9092;-34.0878;586;24;-0.4643;0.0882;-0.0231;-0.0166;-0.0049;-0.8627;0.5984
355.0;2.9602;3.0000;-34.1947;-34.5053;586;28;-0.4545;0.0984;-0.0231;-0.0283;-0.0049;-0.8392;0.5984
355.5;2.9547;3.0000;-34.7725;-34.9015;578;38;-0.4350;0.1116;-0.0217;-0.0117;-0.0059;-0.8157;0.5984
356.0;2.9483;3.0000;-35.2237;-35.2763;574;50;-0.4936;0.1277;-0.0217;-0.0049;-0.0059;-0.7882;0.5984
356.5;2.9405;3.0000;-35.8687;-35.6305;568;64;-0.3568;0.1483;-0.0217;0.0205;-0.0049;-0.7647;0.5984
357.0;2.9322;3.0000;-36.2420;-35.9626;564;75;-0.2493;0.1673;-0.0202;0.0244;-0.0049;-0.7412;0.5984
357.5;2.9245;3.0000;-36.9389;-36.2740;552;95;-0.1320;0.1878;-0.0202;0.0596;-0.0049;-0.7137;0.5984
358.0;2.9167;3.0000;-37.4420;-36.5641;546;110;-0.1906;0.2069;-0.0188;0.0782;-0.0049;-0.6902;0.5984
358.5;2.9112;3.0000;-37.9672;-36.8328;539;126;-0.2395;0.2215;-0.0188;0.1017;-0.0039;-0.6627;0.5984
359.0;2.9080;3.0000;-38.5664;-37.0802;527;144;-0.2199;0.2288;-0.0173;0.1329;-0.0029;-0.6392;0.5984
359.5;2.9052;3.0000;-38.9275;-37.3069;519;153;-0.0538;0.2362;-0.0158;0.1457;-0.0020;-0.6118;0.5984
360.0;2.9025;3.0000;-39.3313;-37.5115;509;165;-0.1906;0.2420;-0.0158;0.1632;-0.0010;-0.5882;0.5984
360.5;2.9016;3.0000;-39.6992;-37.6954;500;177;-0.1808;0.2449;-0.0144;0.1799;-0.0000;-0.5608;0.5984
361.0;2.9006;3.0000;-40.1267;-37.8580;490;191;-0.2199;0.2464;-0.0129;0.2033;0.0010;-0.5333;0.5984
361.5;2.9020;3.0000;-40.3053;-37.9992;484;198;-0.3372;0.2435;-0.0129;0.2072;0.0020;-0.5098;0.5984
362.0;2.9043;3.0000;-40.7855;-38.0000;429;253;-0.2688;0.2376;-0.0114;0.2502;0.0029;-0.3255;0.5984
362.5;2.9075;3.0000;-41.2221;-38.0000;419;263;-0.3177;0.2288;-0.0100;0.2893;0.0049;-0.3255;0.5984
363.0;2.9125;3.0000;-41.3626;-38.0000;415;265;-0.2688;0.2171;-0.0100;0.3021;0.0068;-0.3255;0.5984
363.5;2.9176;3.0000;-41.6282;-38.0000;408;269;-0.1906;0.2039;-0.0085;0.3265;0.0088;-0.3255;0.5984
364.0;2.9231;3.0000;-41.6328;-38.0000;404;267;-0.0342;0.1907;-0.0085;0.3265;0.0098;-0.3255;0.5984
364.5;2.9277;3.0000;-41.7191;-38.0000;398;265;-0.0244;0.1790;-0.0070;0.3343;0.0117;-0.3255;0.5984
365.0;2.9313;3.0000;-41.6634;-38.0000;396;265;0.1222;0.1702;-0.0070;0.3294;0.0137;-0.3255;0.5984
365.5;2.9354;3.0000;-41.7550;-37.9794;382;273;0.2199;0.1600;-0.0056;0.3392;0.0156;-0.2980;0.5984
366.0;2.9373;3.0000;-41.3954;-37.9366;378;271;0.2004;0.1556;-0.0056;0.3109;0.0176;-0.2706;0.5984
366.5;2.9386;3.0000;-41.3359;-37.8725;369;279;0.2493;0.1512;-0.0041;0.3109;0.0196;-0.2392;0.5984
367.0;2.9396;3.0000;-41.1588;-37.7878;361;284;0.2884;0.1497;-0.0041;0.3030;0.0205;-0.2118;0.5984
367.5;2.9400;3.0000;-41.0107;-37.6817;353;290;0.3861;0.1483;-0.0041;0.2991;0.0225;-0.1843;0.5984
368.0;2.9409;3.0000;-41.0672;-37.5542;339;302;0.3372;0.1468;-0.0026;0.3157;0.0244;-0.1569;0.5984
368.5;2.9409;3.0000;-40.7550;-37.4053;335;308;0.4839;0.1468;-0.0026;0.3011;0.0264;-0.1255;0.5984
369.0;2.9418;3.0000;-40.7420;-37.2351;322;320;0.3959;0.1439;-0.0012;0.3148;0.0274;-0.0980;0.5984
369.5;2.9432;3.0000;-40.5099;-37.0443;314;327;0.4741;0.1409;-0.0012;0.3118;0.0293;-0.0667;0.5984
370.0;2.9464;3.0000;-40.6649;-36.8313;294;343;0.4839;0.1321;-0.0012;0.3441;0.0313;-0.0392;0.5984
370.5;2.9510;3.0000;-40.5641;-36.5977;279;355;0.6598;0.1219;0.0003;0.3568;0.0332;-0.0078;0.5984
371.0;2.9560;3.0000;-40.7473;-36.3427;257;372;0.6109;0.1087;0.0003;0.3959;0.0352;0.0196;0.5984
371.5;2.9615;3.0000;-40.6069;-36.0664;243;382;0.6794;0.0955;0.0003;0.4086;0.0381;0.0510;0.5984
372.0;2.9666;3.0000;-40.4206;-35.7695;230;392;0.6598;0.0823;0.0003;0.4184;0.0401;0.0824;0.5984
372.5;2.9725;3.0000;-40.7313;-35.4504;202;413;0.7185;0.0677;0.0018;0.4751;0.0430;0.1098;0.5984
373.0;2.9776;3.0000;-40.5626;-35.1107;187;423;0.8651;0.0545;0.0018;0.4907;0.0459;0.1412;0.5984
373.5;2.9831;3.0000;-40.5359;-34.7489;165;439;1.0313;0.0398;0.0018;0.5200;0.0489;0.1725;0.5984
374.0;2.9890;3.0000;-40.1710;-34.3664;152;449;1.0899;0.0267;0.0018;0.5220;0.0518;0.2039;0.5984