Time(ms);ActualLinearVel;TargetLinearVel;ActualAngularVel;TargetAngularVel;PWML;PWMR;ImuDiff;VelP;VelI;AngP;AngI;RotationFF;LinearFF
general_params = {
fan_speed = 600.000000,
angular_kp = 0.100000,
angular_ki = 0.000500,
angular_kd = 0.000000,
angular_acc_feed_forward_k = 0.000550,
angular_vel_feed_forward_k = 0.009400,
linear_vel_acc_feed_forward_k = 0.033000,
linear_vel_brake_feed_forward_k = 0.025000,
linear_vel_feed_forward_k = 0.141000,
wall_kp = 0.000000,
wall_ki = 0.000000,
wall_kd = 0.000000,
linear_vel_kp = 2.500000,
linear_vel_ki = 0.010000,
linear_vel_kd = 0.000000,
diagonal_walls_kp = 0.000000,
diagonal_walls_ki = 0.000000,
diagonal_walls_kd = 0.000000,
start_wall_break_mm_left = 5.500000,
start_wall_break_mm_right = 7.200000,
enable_wall_break_correction = 1.000000,
max_linear_acc_jerk = 625.000000,
max_linear_brake_jerk = 625.000000,
wheel_radius_mm = 12.750000,
coulomb_ff = 0.180000,
angular_coulomb_ff = 0.010000,
};
t;Vel;TgtVel;AngVel;TgtAngVel;PWM_L;PWM_R;ImuDiff;VelP;VelI;AngP;AngI;RotFF;LinFF
0.0;0.0000;0.0000;-0.1214;0.0000;-3;7;-0.0831;0.0003;-0.0012;0.0117;-0.0000;0.0078;0.0079
0.5;0.0000;0.0005;0.0244;0.0000;3;5;-0.0049;0.0003;-0.0012;-0.0029;-0.0000;0.0078;0.0157
1.0;0.0000;0.0009;0.1405;0.0000;7;5;-0.0049;0.0018;-0.0012;-0.0147;-0.0010;0.0078;0.0236
1.5;0.0000;0.0014;0.1405;0.0000;52;50;-0.0049;0.0018;-0.0012;-0.0147;-0.0010;0.0078;0.2205
2.0;0.0005;0.0023;0.0275;0.0000;52;54;-0.0049;0.0032;-0.0012;-0.0029;-0.0010;0.0078;0.2283
2.5;0.0009;0.0032;-0.0634;0.0000;52;60;-0.0049;0.0047;-0.0012;0.0059;-0.0010;0.0078;0.2362
3.0;0.0014;0.0041;0.0183;0.0000;56;60;-0.0049;0.0062;-0.0012;-0.0020;-0.0010;0.0078;0.2520
3.5;0.0023;0.0055;0.0382;0.0000;60;62;-0.0049;0.0076;-0.0012;-0.0039;-0.0010;0.0078;0.2598
4.0;0.0032;0.0069;0.0542;0.0000;62;64;-0.0049;0.0091;-0.0012;-0.0059;-0.0010;0.0078;0.2677
4.5;0.0041;0.0082;-0.1145;0.0000;62;71;-0.0049;0.0105;-0.0012;0.0108;-0.0010;0.0078;0.2835
5.0;0.0050;0.0101;-0.0168;0.0000;67;71;-0.0049;0.0120;-0.0012;0.0010;-0.0010;0.0078;0.2913
5.5;0.0060;0.0119;0.0611;0.0000;71;73;-0.0049;0.0135;0.0003;-0.0068;-0.0010;0.0078;0.2992
6.0;0.0073;0.0142;0.1443;0.0000;75;73;-0.0049;0.0164;0.0003;-0.0147;-0.0010;0.0078;0.3150
6.5;0.0087;0.0160;0.0366;0.0000;77;79;-0.0049;0.0179;0.0003;-0.0039;-0.0010;0.0078;0.3228
7.0;0.0101;0.0183;-0.0496;0.0000;77;85;-0.0049;0.0193;0.0003;0.0049;-0.0010;0.0078;0.3307
7.5;0.0119;0.0211;0.0115;0.0000;81;87;-0.0049;0.0223;0.0003;-0.0020;-0.0010;0.0078;0.3465
8.0;0.0137;0.0238;0.1023;0.0000;87;87;-0.0049;0.0252;0.0003;-0.0108;-0.0010;0.0078;0.3543
8.5;0.0174;0.0266;0.1740;0.0000;93;87;-0.0831;0.0223;0.0003;-0.0176;-0.0010;0.0078;0.3622
9.0;0.0206;0.0293;0.0221;0.0000;93;93;-0.0049;0.0223;0.0003;-0.0029;-0.0010;0.0078;0.3780
9.5;0.0234;0.0325;0.0504;0.0000;95;95;-0.0049;0.0223;0.0003;-0.0059;-0.0010;0.0078;0.3858
10.0;0.0298;0.0357;0.0725;0.0000;99;97;-0.0049;0.0149;0.0003;-0.0078;-0.0010;0.0078;0.4016
10.5;0.0348;0.0394;0.2328;0.0000;103;95;-0.0049;0.0105;0.0003;-0.0235;-0.0010;0.0078;0.4094
11.0;0.0389;0.0430;0.3618;0.0000;109;95;-0.0049;0.0091;0.0003;-0.0371;-0.0010;0.0078;0.4173
11.5;0.0426;0.0467;0.2443;0.0000;109;101;-0.0049;0.0091;0.0003;-0.0254;-0.0010;0.0078;0.4331
12.0;0.0476;0.0504;0.1740;0.0000;110;103;-0.0831;0.0076;0.0003;-0.0176;-0.0010;0.0078;0.4409
12.5;0.0522;0.0545;0.2382;0.0000;114;105;-0.0929;0.0047;0.0003;-0.0244;-0.0020;0.0078;0.4488
13.0;0.0563;0.0586;0.0664;0.0000;112;110;-0.0049;0.0062;0.0003;-0.0068;-0.0020;0.0078;0.4646
13.5;0.0614;0.0632;-0.0466;0.0000;112;116;-0.0049;0.0047;0.0003;0.0039;-0.0020;0.0078;0.4724
14.0;0.0650;0.0678;-0.0275;0.0000;116;118;-0.0049;0.0062;0.0003;0.0020;-0.0020;0.0078;0.4882
14.5;0.0696;0.0723;-0.1511;0.0000;116;124;0.0831;0.0062;0.0003;0.0147;-0.0010;0.0078;0.4961
15.0;0.0737;0.0774;-0.1160;0.0000;120;126;-0.0831;0.0076;0.0003;0.0108;-0.0010;0.0078;0.5039
15.5;0.0783;0.0824;-0.3038;0.0000;118;136;-0.0733;0.0091;0.0003;0.0303;-0.0010;0.0078;0.5197
16.0;0.0833;0.0875;-0.2916;0.0000;122;138;0.0049;0.0091;0.0003;0.0283;-0.0010;0.0078;0.5276
16.5;0.0884;0.0929;-0.4992;0.0000;120;146;-0.0635;0.0105;0.0003;0.0499;-0.0010;0.0078;0.5433
17.0;0.0943;0.0980;-0.3710;0.0000;126;146;-0.0733;0.0091;0.0003;0.0362;-0.0010;0.0078;0.5512
17.5;0.1007;0.1039;-0.3634;0.0000;130;148;0.0049;0.0062;0.0003;0.0362;-0.0000;0.0078;0.5591
18.0;0.1067;0.1094;-0.5168;0.0000;128;155;-0.0635;0.0062;0.0003;0.0508;-0.0000;0.0078;0.5748
18.5;0.1136;0.1154;-0.5389;0.0000;132;159;0.0929;0.0047;0.0003;0.0538;-0.0000;0.0078;0.5827
19.0;0.1200;0.1218;-0.6107;0.0000;134;163;-0.1417;0.0032;0.0003;0.0606;-0.0000;0.0078;0.5984
19.5;0.1268;0.1277;-0.4679;0.0000;140;163;0.0147;0.0018;0.0003;0.0459;0.0010;0.0078;0.6063
20.0;0.1337;0.1342;-0.5824;0.0000;140;169;0.0147;0.0018;0.0003;0.0577;0.0010;0.0078;0.6142
20.5;0.1401;0.1410;-0.4366;0.0000;146;167;0.0147;0.0018;0.0003;0.0430;0.0010;0.0078;0.6299
21.0;0.1465;0.1474;-0.5695;0.0000;144;175;0.0147;0.0018;0.0003;0.0567;0.0010;0.0078;0.6378
21.5;0.1538;0.1543;-0.5809;0.0000;148;179;-0.0635;0.0003;0.0003;0.0577;0.0020;0.0078;0.6535
22.0;0.1607;0.1616;-0.7427;0.0000;148;187;0.0244;0.0003;0.0003;0.0733;0.0020;0.0078;0.6614
22.5;0.1690;0.1685;-0.6237;0.0000;153;187;0.0147;-0.0012;0.0003;0.0616;0.0020;0.0078;0.6772
23.0;0.1772;0.1758;-0.5221;0.0000;157;187;-0.0635;-0.0041;0.0003;0.0518;0.0029;0.0078;0.6850
23.5;0.1854;0.1836;-0.7107;0.0000;155;195;-0.0538;-0.0056;0.0003;0.0704;0.0029;0.0078;0.7008
24.0;0.1946;0.1914;-0.6275;0.0000;161;195;0.0147;-0.0085;0.0003;0.0626;0.0029;0.0078;0.7087
24.5;0.2033;0.1992;-0.7359;0.0000;161;200;-0.0538;-0.0114;0.0003;0.0733;0.0039;0.0078;0.7165
25.0;0.2115;0.2070;-0.5947;0.0000;167;200;0.0929;-0.0129;0.0003;0.0587;0.0039;0.0078;0.7323
25.5;0.2207;0.2152;-0.6641;0.0000;167;204;0.0147;-0.0144;0.0003;0.0655;0.0039;0.0078;0.7402
26.0;0.2294;0.2234;-0.5580;0.0000;175;204;-0.0635;-0.0158;0.0003;0.0557;0.0049;0.0078;0.7559
26.5;0.2386;0.2317;-0.6672;0.0000;175;212;0.0147;-0.0173;0.0003;0.0665;0.0049;0.0078;0.7638
27.0;0.2486;0.2404;-0.7779;0.0000;175;218;-0.0538;-0.0202;0.0003;0.0772;0.0049;0.0078;0.7795
27.5;0.2582;0.2491;-0.9015;0.0000;175;224;0.0244;-0.0231;0.0003;0.0899;0.0059;0.0078;0.7874
28.0;0.2683;0.2582;-0.8962;0.0000;177;226;0.0244;-0.0261;0.0003;0.0890;0.0059;0.0078;0.8031
28.5;0.2784;0.2669;-0.8069;0.0000;181;228;0.1026;-0.0290;0.0003;0.0802;0.0068;0.0078;0.8110
29.0;0.2885;0.2766;-0.9916;0.0000;179;236;0.0342;-0.0319;0.0003;0.0987;0.0068;0.0078;0.8268
29.5;0.2999;0.2857;-0.9641;0.0000;183;238;0.0244;-0.0363;0.0003;0.0958;0.0078;0.0078;0.8346
30.0;0.3118;0.2953;-1.0863;0.0000;183;243;0.0342;-0.0422;0.0003;0.1085;0.0078;0.0078;0.8504
30.5;0.3233;0.3049;-1.0053;0.0000;187;245;0.1124;-0.0466;0.0003;0.0997;0.0088;0.0078;0.8583
31.0;0.3347;0.3146;-1.0168;0.0000;189;247;-0.0440;-0.0510;-0.0012;0.1007;0.0088;0.0078;0.8740
31.5;0.3466;0.3246;-0.8954;0.0000;195;247;0.0244;-0.0554;-0.0012;0.0890;0.0098;0.0078;0.8819
32.0;0.3585;0.3347;-0.9076;0.0000;193;247;0.0244;-0.0598;-0.0012;0.0899;0.0098;0.0078;0.8819
32.5;0.3709;0.3448;-0.9672;0.0000;191;249;0.0244;-0.0656;-0.0012;0.0958;0.0108;0.0078;0.8819
33.0;0.3828;0.3549;-0.8328;0.0000;195;245;0.0244;-0.0715;-0.0012;0.0831;0.0108;0.0078;0.8898
33.5;0.3947;0.3649;-0.8267;0.0000;195;245;0.0244;-0.0759;-0.0012;0.0821;0.0117;0.0078;0.8898
34.0;0.4066;0.3750;-0.7328;0.0000;196;243;0.0244;-0.0803;-0.0026;0.0723;0.0117;0.0078;0.8898
34.5;0.4180;0.3846;-0.8908;0.0000;193;247;0.0244;-0.0847;-0.0026;0.0890;0.0117;0.0078;0.8898
35.0;0.4295;0.3947;-0.8244;0.0000;193;245;0.0244;-0.0876;-0.0026;0.0821;0.0127;0.0078;0.8898
35.5;0.4405;0.4048;-0.9298;0.0000;191;247;0.1026;-0.0891;-0.0026;0.0929;0.0127;0.0078;0.8898
36.0;0.4515;0.4148;-0.8740;0.0000;193;245;-0.0538;-0.0935;-0.0041;0.0870;0.0137;0.0078;0.8976
36.5;0.4629;0.4249;-0.8611;0.0000;193;245;0.1026;-0.0964;-0.0041;0.0860;0.0137;0.0078;0.8976
37.0;0.4753;0.4350;-0.7901;0.0000;193;245;0.0244;-0.1023;-0.0041;0.0782;0.0147;0.0078;0.8976
37.5;0.4881;0.4446;-0.8298;0.0000;191;245;0.0244;-0.1081;-0.0041;0.0821;0.0147;0.0078;0.8976
38.0;0.5000;0.4547;-1.0321;0.0000;185;249;0.1124;-0.1140;-0.0056;0.1026;0.0156;0.0078;0.8976
38.5;0.5124;0.4647;-0.9756;0.0000;185;247;0.1808;-0.1198;-0.0056;0.0968;0.0156;0.0078;0.9055
39.0;0.5256;0.4748;-1.0870;0.0000;181;251;0.1124;-0.1286;-0.0056;0.1085;0.0166;0.0078;0.9055
39.5;0.5394;0.4849;-1.0359;0.0000;181;249;0.1124;-0.1374;-0.0070;0.1026;0.0166;0.0078;0.9055
40.0;0.5527;0.4950;-1.2221;0.0000;175;253;0.1124;-0.1462;-0.0070;0.1222;0.0176;0.0078;0.9055
40.5;0.5664;0.5046;-1.2771;0.0000;171;253;0.2004;-0.1550;-0.0085;0.1271;0.0176;0.0078;0.9055
41.0;0.5806;0.5147;-1.4290;0.0000;165;255;0.2004;-0.1653;-0.0085;0.1427;0.0186;0.0078;0.9055
41.5;0.5948;0.5247;-1.4931;0.0000;161;255;0.2004;-0.1755;-0.0100;0.1486;0.0196;0.0078;0.9134
42.0;0.6099;0.5348;-1.5786;0.0000;157;257;0.2884;-0.1887;-0.0100;0.1574;0.0205;0.0078;0.9134
42.5;0.6264;0.5449;-1.8092;0.0000;148;263;0.3666;-0.2048;-0.0114;0.1808;0.0215;0.0078;0.9134
43.0;0.6429;0.5549;-1.9000;0.0000;142;263;0.3763;-0.2209;-0.0114;0.1896;0.0225;0.0078;0.9134
43.5;0.6593;0.5646;-2.1481;0.0000;132;267;0.3861;-0.2370;-0.0129;0.2141;0.0235;0.0078;0.9134
44.0;0.6772;0.5746;-2.1366;0.0000;126;265;0.4643;-0.2561;-0.0144;0.2131;0.0244;0.0078;0.9134
44.5;0.6951;0.5847;-2.3130;0.0000;116;267;0.4643;-0.2766;-0.0144;0.2307;0.0254;0.0078;0.9213
45.0;0.7138;0.5948;-2.3229;0.0000;110;265;0.5425;-0.2986;-0.0158;0.2317;0.0264;0.0078;0.9213
45.5;0.7344;0.6049;-2.4832;0.0000;101;265;0.5523;-0.3249;-0.0173;0.2483;0.0274;0.0078;0.9213
46.0;0.7550;0.6149;-2.6092;0.0000;91;265;0.5523;-0.3513;-0.0188;0.2600;0.0293;0.0078;0.9213
46.5;0.7766;0.6250;-2.7366;0.0000;81;263;0.5621;-0.3791;-0.0202;0.2727;0.0303;0.0078;0.9213
47.0;0.7981;0.6346;-2.8061;0.0000;73;259;0.5621;-0.4099;-0.0217;0.2805;0.0323;0.0078;0.9291
47.5;0.8201;0.6447;-2.7794;0.0000;65;253;0.7185;-0.4392;-0.0231;0.2776;0.0332;0.0078;0.9291
48.0;0.8420;0.6548;-2.9718;0.0000;54;255;0.7283;-0.4685;-0.0261;0.2962;0.0352;0.0078;0.9291
48.5;0.8631;0.6648;-2.9634;0.0000;46;249;0.8065;-0.4963;-0.0275;0.2962;0.0362;0.0078;0.9291
49.0;0.8860;0.6749;-3.0977;0.0000;34;247;0.6500;-0.5286;-0.0290;0.3089;0.0381;0.0078;0.9291
49.5;0.9089;0.6850;-2.9802;0.0000;30;239;0.7283;-0.5608;-0.0319;0.2972;0.0391;0.0078;0.9291
50.0;0.9295;0.6946;-2.9107;0.0000;24;232;0.7967;-0.5872;-0.0349;0.2903;0.0411;0.0078;0.9370
50.5;0.9501;0.7047;-2.7977;0.0000;19;224;0.7185;-0.6135;-0.0363;0.2796;0.0420;0.0078;0.9370
51.0;0.9675;0.7147;-2.5412;0.0000;21;212;0.4741;-0.6326;-0.0393;0.2532;0.0430;0.0078;0.9370
51.5;0.9817;0.7248;-1.9878;0.0000;30;195;0.4545;-0.6428;-0.0422;0.1984;0.0440;0.0078;0.9370
52.0;0.9927;0.7349;-0.9305;0.0000;54;165;0.1808;-0.6458;-0.0437;0.0929;0.0450;0.0078;0.9370
52.5;1.0000;0.7450;-0.0313;0.0000;75;142;0.1515;-0.6384;-0.0466;0.0029;0.0450;0.0078;0.9449
53.0;1.0032;0.7546;1.0237;0.0000;103;116;0.1124;-0.6223;-0.0495;-0.1026;0.0440;0.0078;0.9449
53.5;1.0041;0.7647;1.7321;0.0000;124;101;0.0929;-0.5989;-0.0524;-0.1740;0.0440;0.0078;0.9449
54.0;1.0041;0.7747;2.4550;0.0000;148;87;0.1417;-0.5740;-0.0539;-0.2463;0.0420;0.0078;0.9449
54.5;1.0046;0.7848;2.8275;0.0000;161;81;-0.0244;-0.5505;-0.0568;-0.2835;0.0411;0.0078;0.9449
55.0;1.0037;0.7949;3.2733;0.0000;179;73;-0.0440;-0.5227;-0.0583;-0.3275;0.0391;0.0078;0.9449
55.5;1.0023;0.8049;3.4344;0.0000;191;73;0.0342;-0.4934;-0.0598;-0.3441;0.0371;0.0078;0.9528
56.0;1.0018;0.8146;3.5763;0.0000;200;75;-0.1320;-0.4685;-0.0627;-0.3578;0.0362;0.0078;0.9528
56.5;1.0018;0.8246;3.3885;0.0000;202;83;0.0342;-0.4436;-0.0642;-0.3392;0.0342;0.0078;0.9528
57.0;1.0027;0.8347;3.0893;0.0000;202;97;0.0440;-0.4202;-0.0656;-0.3099;0.0323;0.0078;0.9528
57.5;1.0037;0.8448;2.8885;0.0000;204;105;-0.0244;-0.3982;-0.0671;-0.2893;0.0313;0.0078;0.9528
58.0;1.0046;0.8549;2.5550;0.0000;202;118;-0.0147;-0.3747;-0.0686;-0.2561;0.0293;0.0078;0.9528
58.5;1.0055;0.8649;2.3840;0.0000;204;126;-0.0147;-0.3528;-0.0700;-0.2385;0.0283;0.0078;0.9606
59.0;1.0055;0.8745;2.0366;0.0000;202;140;-0.0733;-0.3279;-0.0715;-0.2043;0.0274;0.0078;0.9606
59.5;1.0060;0.8846;1.7847;0.0000;202;150;0.0147;-0.3030;-0.0730;-0.1789;0.0264;0.0078;0.9606
60.0;1.0064;0.8947;1.4366;0.0000;200;163;0.0244;-0.2795;-0.0744;-0.1437;0.0264;0.0078;0.9606
60.5;1.0078;0.9048;1.2855;0.0000;204;171;-0.0538;-0.2575;-0.0744;-0.1290;0.0254;0.0078;0.9606
61.0;1.0087;0.9148;1.2015;0.0000;208;181;0.0342;-0.2356;-0.0759;-0.1202;0.0244;0.0078;0.9685
61.5;1.0096;0.9249;1.1115;0.0000;212;189;0.0342;-0.2136;-0.0774;-0.1114;0.0244;0.0078;0.9685
62.0;1.0114;0.9350;0.9275;0.0000;214;196;-0.0342;-0.1916;-0.0774;-0.0929;0.0235;0.0078;0.9685
62.5;1.0133;0.9446;0.7069;0.0000;216;206;-0.0342;-0.1726;-0.0774;-0.0714;0.0235;0.0078;0.9685
63.0;1.0156;0.9547;0.6237;0.0000;220;214;-0.0244;-0.1521;-0.0788;-0.0626;0.0235;0.0078;0.9685
63.5;1.0179;0.9647;0.3809;0.0000;220;226;-0.0147;-0.1330;-0.0788;-0.0381;0.0225;0.0078;0.9685
64.0;1.0192;0.9748;0.3519;0.0000;226;232;-0.0929;-0.1125;-0.0803;-0.0362;0.0225;0.0078;0.9764
64.5;1.0211;0.9849;0.2687;0.0000;230;239;0.1417;-0.0920;-0.0803;-0.0274;0.0225;0.0078;0.9764
65.0;1.0238;0.9950;0.1947;0.0000;234;247;-0.0929;-0.0730;-0.0803;-0.0196;0.0225;0.0078;0.9764
65.5;1.0266;1.0046;0.0809;0.0000;238;255;-0.0049;-0.0554;-0.0803;-0.0088;0.0225;0.0078;0.9764
66.0;1.0298;1.0147;0.0481;0.0000;241;263;0.0733;-0.0378;-0.0803;-0.0049;0.0225;0.0078;0.9764
66.5;1.0330;1.0247;0.0763;0.0000;249;265;-0.0831;-0.0217;-0.0803;-0.0078;0.0225;0.0078;0.9843
67.0;1.0362;1.0348;-0.0756;0.0000;251;275;0.0733;-0.0041;-0.0803;0.0068;0.0225;0.0078;0.9843
67.5;1.0394;1.0449;-0.1237;0.0000;255;281;-0.0831;0.0120;-0.0803;0.0117;0.0225;0.0078;0.9843
68.0;1.0430;1.0549;-0.1763;0.0000;257;286;0.0831;0.0281;-0.0803;0.0176;0.0225;0.0078;0.9843
68.5;1.0472;1.0646;-0.1389;0.0000;267;292;-0.0049;0.0428;-0.0803;0.0137;0.0225;0.0078;0.9843
69.0;1.0513;1.0746;-0.2443;0.0000;269;300;-0.0733;0.0574;-0.0803;0.0235;0.0225;0.0078;0.9843
69.5;1.0568;1.0847;-0.1786;0.0000;277;304;0.0831;0.0691;-0.0803;0.0176;0.0225;0.0078;0.9921
70.0;1.0623;1.0948;-0.2290;0.0000;279;310;0.0049;0.0809;-0.0803;0.0225;0.0225;0.0078;0.9921
70.5;1.0682;1.1049;-0.3359;0.0000;281;318;0.0831;0.0911;-0.0788;0.0332;0.0235;0.0078;0.9921
71.0;1.0755;1.1149;-0.4489;0.0000;281;324;0.1711;0.0970;-0.0788;0.0440;0.0235;0.0078;0.9921
71.5;1.0838;1.1245;-0.5290;0.0000;281;329;0.0929;0.1014;-0.0788;0.0528;0.0235;0.0078;0.9921
72.0;1.0929;1.1346;-0.5931;0.0000;281;333;0.1711;0.1043;-0.0774;0.0587;0.0235;0.0078;1.0000
72.5;1.1021;1.1447;-0.8817;0.0000;275;345;0.2590;0.1058;-0.0774;0.0880;0.0244;0.0078;1.0000
73.0;1.1136;1.1548;-1.0786;0.0000;271;355;0.2688;0.1014;-0.0774;0.1075;0.0244;0.0078;1.0000
73.5;1.1264;1.1648;-1.3855;0.0000;263;365;0.3568;0.0955;-0.0774;0.1378;0.0254;0.0078;1.0000
74.0;1.1406;1.1749;-1.5954;0.0000;255;370;0.4448;0.0838;-0.0759;0.1593;0.0264;0.0078;1.0000
74.5;1.1566;1.1850;-1.9107;0.0000;243;378;0.4545;0.0706;-0.0759;0.1906;0.0274;0.0078;1.0000
75.0;1.1731;1.1946;-2.1565;0.0000;236;384;0.5425;0.0545;-0.0759;0.2151;0.0283;0.0078;1.0079
75.5;1.1909;1.2047;-2.4298;0.0000;224;392;0.5523;0.0340;-0.0759;0.2424;0.0293;0.0078;1.0079
76.0;1.2092;1.2147;-2.8023;0.0000;208;400;0.6403;0.0135;-0.0759;0.2796;0.0313;0.0078;1.0079
76.5;1.2276;1.2248;-3.0450;0.0000;196;404;0.7283;-0.0085;-0.0759;0.3040;0.0323;0.0078;1.0079
77.0;1.2477;1.2349;-3.3198;0.0000;185;408;0.7380;-0.0319;-0.0759;0.3314;0.0342;0.0078;1.0079
77.5;1.2674;1.2450;-3.4588;0.0000;173;410;0.8162;-0.0583;-0.0759;0.3451;0.0362;0.0078;1.0079
78.0;1.2880;1.2546;-3.7527;0.0000;157;413;0.9042;-0.0847;-0.0759;0.3744;0.0381;0.0078;1.0157
78.5;1.3100;1.2647;-3.8786;0.0000;148;413;0.8358;-0.1140;-0.0774;0.3871;0.0401;0.0078;1.0157
79.0;1.3329;1.2747;-4.0939;0.0000;134;415;0.9140;-0.1462;-0.0774;0.4086;0.0420;0.0078;1.0157
79.5;1.3576;1.2848;-4.2427;0.0000;120;415;1.0020;-0.1828;-0.0788;0.4233;0.0440;0.0078;1.0157
80.0;1.3823;1.2949;-4.4107;0.0000;107;412;1.0899;-0.2195;-0.0788;0.4409;0.0459;0.0078;1.0157
80.5;1.4075;1.3049;-4.4855;0.0000;95;408;0.9335;-0.2575;-0.0803;0.4477;0.0479;0.0078;1.0236
81.0;1.4327;1.3146;-4.5756;0.0000;83;404;1.1681;-0.2956;-0.0817;0.4575;0.0508;0.0078;1.0236
81.5;1.4592;1.3246;-4.7656;0.0000;67;404;1.2561;-0.3381;-0.0832;0.4761;0.0528;0.0078;1.0236
82.0;1.4867;1.3347;-4.7748;0.0000;56;398;1.2561;-0.3806;-0.0847;0.4770;0.0557;0.0078;1.0236
82.5;1.5137;1.3448;-4.8840;0.0000;40;392;1.1877;-0.4231;-0.0861;0.4878;0.0577;0.0078;1.0236
83.0;1.5398;1.3549;-4.7573;0.0000;34;380;1.0997;-0.4626;-0.0876;0.4751;0.0606;0.0078;1.0236
83.5;1.5659;1.3649;-4.7679;0.0000;22;372;1.1779;-0.5037;-0.0891;0.4761;0.0626;0.0078;1.0315
84.0;1.5907;1.3745;-4.7084;0.0000;15;365;1.3343;-0.5403;-0.0920;0.4702;0.0645;0.0078;1.0315
84.5;1.6163;1.3846;-4.6221;0.0000;7;355;1.2561;-0.5798;-0.0935;0.4614;0.0674;0.0078;1.0315
85.0;1.6406;1.3947;-4.3756;0.0000;3;341;1.2463;-0.6150;-0.0964;0.4370;0.0694;0.0078;1.0315
85.5;1.6621;1.4048;-3.8412;0.0000;7;322;0.9922;-0.6443;-0.0993;0.3832;0.0714;0.0078;1.0315
86.0;1.6804;1.4148;-3.1053;0.0000;19;296;0.9629;-0.6648;-0.1023;0.3099;0.0733;0.0078;1.0394
86.5;1.6932;1.4249;-1.9534;0.0000;44;263;0.6109;-0.6721;-0.1052;0.1945;0.0743;0.0078;1.0394
87.0;1.7015;1.4350;-0.5458;0.0000;77;224;0.4057;-0.6677;-0.1067;0.0538;0.0743;0.0078;1.0394
87.5;1.7038;1.4446;0.9924;0.0000;118;185;0.1124;-0.6487;-0.1096;-0.0997;0.0733;0.0078;1.0394
88.0;1.7019;1.4547;2.2931;0.0000;155;152;0.0733;-0.6179;-0.1125;-0.2297;0.0723;0.0078;1.0394
88.5;1.6969;1.4647;3.4672;0.0000;193;126;0.0342;-0.5813;-0.1140;-0.3470;0.0704;0.0078;1.0394
89.0;1.6905;1.4748;4.5000;0.0000;228;107;0.1417;-0.5403;-0.1169;-0.4506;0.0684;0.0078;1.0472
89.5;1.6850;1.4849;5.0267;0.0000;253;95;0.0538;-0.5022;-0.1184;-0.5200;0.0655;0.0078;1.0472
90.0;1.6799;1.4950;5.0267;0.0000;281;83;-0.1320;-0.4641;-0.1213;-0.5846;0.0626;0.0078;1.0472
90.5;1.6740;1.5046;5.0267;0.0000;300;81;-0.0635;-0.4246;-0.1228;-0.6168;0.0596;0.0078;1.0472
91.0;1.6685;1.5147;5.0267;0.0000;312;89;0.0147;-0.3850;-0.1242;-0.6149;0.0567;0.0078;1.0472
91.5;1.6625;1.5247;5.0267;0.0000;318;101;0.0244;-0.3454;-0.1257;-0.5924;0.0538;0.0078;1.0472
92.0;1.6575;1.5348;5.0267;0.0000;322;112;-0.1222;-0.3074;-0.1272;-0.5670;0.0508;0.0078;1.0551
92.5;1.6525;1.5449;5.0267;0.0000;326;126;-0.0440;-0.2707;-0.1272;-0.5367;0.0489;0.0078;1.0551
93.0;1.6484;1.5549;4.9420;0.0000;327;146;-0.0929;-0.2341;-0.1286;-0.4946;0.0459;0.0078;1.0551
93.5;1.6451;1.5646;4.6282;0.0000;331;159;-0.1711;-0.2019;-0.1286;-0.4633;0.0440;0.0078;1.0551
94.0;1.6424;1.5746;4.3550;0.0000;335;171;-0.1515;-0.1696;-0.1301;-0.4360;0.0411;0.0078;1.0551
94.5;1.6410;1.5847;4.0977;0.0000;339;183;-0.2297;-0.1418;-0.1301;-0.4106;0.0391;0.0078;1.0630
95.0;1.6415;1.5948;3.8511;0.0000;343;195;-0.2981;-0.1169;-0.1316;-0.3861;0.0371;0.0078;1.0630
95.5;1.6429;1.6049;3.6878;0.0000;349;202;-0.3666;-0.0964;-0.1316;-0.3695;0.0352;0.0078;1.0630
96.0;1.6465;1.6149;3.5794;0.0000;353;208;-0.3666;-0.0803;-0.1316;-0.3587;0.0342;0.0078;1.0630
96.5;1.6520;1.6245;3.5122;0.0000;359;212;-0.2884;-0.0700;-0.1316;-0.3519;0.0323;0.0078;1.0630
97.0;1.6589;1.6346;3.5053;0.0000;367;214;-0.5230;-0.0612;-0.1316;-0.3509;0.0303;0.0078;1.0630
97.5;1.6667;1.6447;3.5687;0.0000;374;214;-0.3666;-0.0554;-0.1330;-0.3578;0.0283;0.0078;1.0709
98.0;1.6749;1.6548;3.6733;0.0000;382;212;-0.5230;-0.0510;-0.1330;-0.3675;0.0264;0.0078;1.0709
98.5;1.6845;1.6648;3.7450;0.0000;388;210;-0.6794;-0.0495;-0.1330;-0.3754;0.0244;0.0078;1.0709
99.0;1.6941;1.6749;3.9038;0.0000;398;204;-0.6109;-0.0495;-0.1330;-0.3910;0.0225;0.0078;1.0709
99.5;1.7051;1.6850;3.9695;0.0000;404;202;-0.6109;-0.0524;-0.1330;-0.3978;0.0205;0.0078;1.0709
100.0;1.7179;1.6946;3.9725;0.0000;408;200;-0.6891;-0.0583;-0.1330;-0.3978;0.0186;0.0078;1.0787
100.5;1.7308;1.7047;3.8885;0.0000;408;200;-0.6109;-0.0656;-0.1330;-0.3891;0.0166;0.0078;1.0787
101.0;1.7440;1.7147;3.8344;0.0000;408;198;-0.6891;-0.0730;-0.1345;-0.3842;0.0147;0.0078;1.0787
101.5;1.7569;1.7248;3.6908;0.0000;406;200;-0.6794;-0.0803;-0.1345;-0.3695;0.0137;0.0078;1.0787
102.0;1.7701;1.7349;3.4695;0.0000;402;204;-0.5914;-0.0891;-0.1345;-0.3470;0.0117;0.0078;1.0787
102.5;1.7830;1.7450;3.0916;0.0000;394;212;-0.6598;-0.0964;-0.1345;-0.3099;0.0098;0.0078;1.0787
103.0;1.7949;1.7546;2.6611;0.0000;382;222;-0.6500;-0.1008;-0.1360;-0.2669;0.0088;0.0078;1.0866
103.5;1.8059;1.7647;2.3527;0.0000;376;228;-0.7087;-0.1037;-0.1360;-0.2356;0.0078;0.0078;1.0866
104.0;1.8168;1.7747;1.9641;0.0000;369;238;-0.5425;-0.1067;-0.1360;-0.1965;0.0068;0.0078;1.0866
104.5;1.8274;1.7848;1.6076;0.0000;361;245;-0.6109;-0.1067;-0.1374;-0.1613;0.0059;0.0078;1.0866
105.0;1.8361;1.7949;1.1962;0.0000;351;257;-0.3568;-0.1037;-0.1374;-0.1202;0.0049;0.0078;1.0866
105.5;1.8434;1.8049;0.7122;0.0000;339;271;-0.4252;-0.0979;-0.1374;-0.0714;0.0049;0.0078;1.0945
106.0;1.8494;1.8146;0.0847;0.0000;327;290;-0.3959;-0.0876;-0.1374;-0.0088;0.0049;0.0078;1.0945
106.5;1.8539;1.8246;-0.4160;0.0000;316;308;-0.2199;-0.0744;-0.1389;0.0411;0.0049;0.0078;1.0945
107.0;1.8576;1.8347;-0.8756;0.0000;308;324;-0.2884;-0.0583;-0.1389;0.0870;0.0049;0.0078;1.0945
107.5;1.8608;1.8448;-1.2496;0.0000;302;337;-0.1906;-0.0407;-0.1389;0.1241;0.0059;0.0078;1.0945
108.0;1.8631;1.8549;-1.6443;0.0000;298;355;-0.1808;-0.0217;-0.1389;0.1642;0.0068;0.0078;1.0945
108.5;1.8631;1.8649;-2.0221;0.0000;292;372;-0.0929;0.0032;-0.1389;0.2014;0.0078;0.0078;1.1024
109.0;1.8626;1.8745;-2.3519;0.0000;288;388;-0.0049;0.0296;-0.1389;0.2346;0.0088;0.0078;1.1024
109.5;1.8617;1.8846;-2.7435;0.0000;284;408;0.0147;0.0574;-0.1389;0.2737;0.0108;0.0078;1.1024
110.0;1.8608;1.8947;-2.9267;0.0000;286;421;0.0147;0.0853;-0.1374;0.2923;0.0117;0.0078;1.1024
110.5;1.8594;1.9048;-3.0786;0.0000;288;437;0.1026;0.1131;-0.1374;0.3069;0.0137;0.0078;1.1024
111.0;1.8585;1.9148;-3.1069;0.0000;296;449;-0.0538;0.1409;-0.1374;0.3099;0.0147;0.0078;1.1024
111.5;1.8571;1.9249;-3.1634;0.0000;302;458;-0.0538;0.1688;-0.1360;0.3157;0.0166;0.0078;1.1102
112.0;1.8567;1.9350;-3.0649;0.0000;314;468;0.1808;0.1951;-0.1360;0.3060;0.0176;0.0078;1.1102
112.5;1.8562;1.9446;-2.9092;0.0000;324;474;0.1026;0.2200;-0.1345;0.2903;0.0196;0.0078;1.1102
113.0;1.8576;1.9547;-2.9076;0.0000;329;484;0.0929;0.2420;-0.1330;0.2903;0.0205;0.0078;1.1102
113.5;1.8603;1.9647;-2.8649;0.0000;335;492;0.1711;0.2611;-0.1330;0.2864;0.0225;0.0078;1.1102
114.0;1.8636;1.9748;-2.9237;0.0000;339;501;0.2493;0.2772;-0.1316;0.2923;0.0235;0.0078;1.1181
114.5;1.8695;1.9849;-2.9420;0.0000;343;511;0.3372;0.2874;-0.1301;0.2933;0.0254;0.0078;1.1181
115.0;1.8773;1.9950;-3.0450;0.0000;343;523;0.4154;0.2933;-0.1286;0.3040;0.0264;0.0078;1.1181
115.5;1.8874;2.0046;-3.0763;0.0000;343;531;0.4936;0.2933;-0.1286;0.3069;0.0283;0.0078;1.1181
116.0;1.8984;2.0147;-3.1718;0.0000;339;537;0.5816;0.2904;-0.1272;0.3167;0.0303;0.0078;1.1181
116.5;1.9107;2.0247;-3.2565;0.0000;333;543;0.6500;0.2845;-0.1257;0.3255;0.0313;0.0078;1.1181
117.0;1.9263;2.0348;-3.4550;0.0000;329;552;0.5425;0.2713;-0.1242;0.3451;0.0332;0.0078;1.1339
117.5;1.9437;2.0453;-3.6947;0.0000;322;566;0.7478;0.2537;-0.1242;0.3685;0.0352;0.0078;1.1417
118.0;1.9629;2.0559;-3.9038;0.0000;316;576;0.6794;0.2318;-0.1228;0.3900;0.0371;0.0078;1.1575
118.5;1.9844;2.0664;-4.1344;0.0000;306;584;0.8456;0.2039;-0.1213;0.4125;0.0391;0.0078;1.1654
119.0;2.0073;2.0769;-4.3122;0.0000;294;587;0.7674;0.1732;-0.1213;0.4311;0.0411;0.0078;1.1811
119.5;2.0321;2.0879;-4.4145;0.0000;286;589;0.9335;0.1395;-0.1198;0.4409;0.0430;0.0078;1.1890
120.0;2.0591;2.0994;-4.5313;0.0000;275;589;0.9335;0.0999;-0.1198;0.4526;0.0459;0.0078;1.2047
120.5;2.0865;2.1103;-4.6260;0.0000;265;587;1.0215;0.0589;-0.1198;0.4624;0.0479;0.0078;1.2126
121.0;2.1158;2.1218;-4.7115;0.0000;253;587;1.0215;0.0149;-0.1198;0.4702;0.0508;0.0078;1.2283
121.5;2.1461;2.1332;-4.7023;0.0000;243;582;1.0997;-0.0319;-0.1198;0.4692;0.0528;0.0078;1.2362
122.0;2.1772;2.1451;-4.7740;0.0000;232;578;1.1779;-0.0817;-0.1198;0.4770;0.0547;0.0078;1.2520
122.5;2.2097;2.1571;-4.9145;0.0000;218;576;1.1877;-0.1330;-0.1213;0.4907;0.0577;0.0078;1.2677
123.0;2.2418;2.1690;-5.0550;0.0000;200;574;1.3441;-0.1828;-0.1213;0.5054;0.0596;0.0078;1.2756
123.5;2.2729;2.1813;-5.1832;0.0000;187;570;1.4321;-0.2297;-0.1228;0.5181;0.0626;0.0078;1.2913
124.0;2.3040;2.1937;-5.3763;0.0000;169;570;1.5103;-0.2766;-0.1242;0.5367;0.0655;0.0078;1.2992
124.5;2.3347;2.2060;-5.5962;0.0000;153;570;1.5200;-0.3235;-0.1242;0.5591;0.0684;0.0078;1.3150
125.0;2.3658;2.2184;-5.8595;0.0000;134;570;1.6178;-0.3689;-0.1257;0.5855;0.0714;0.0078;1.3150
125.5;2.3974;2.2312;-6.0282;0.0000;114;566;1.6080;-0.4158;-0.1286;0.6022;0.0743;0.0078;1.3150