Time(ms);ActualLinearVel;TargetLinearVel;ActualAngularVel;TargetAngularVel;PWML;PWMR;ImuDiff;VelP;VelI;AngP;AngI;RotationFF;LinearFF
general_params = {
fan_speed = 600.000000,
angular_kp = 0.090000,
angular_ki = 0.000500,
angular_kd = 0.050000,
angular_acc_feed_forward_k = 0.000650,
angular_vel_feed_forward_k = 0.008500,
linear_vel_acc_feed_forward_k = 0.033000,
linear_vel_brake_feed_forward_k = 0.025000,
linear_vel_feed_forward_k = 0.141000,
wall_kp = 0.000000,
wall_ki = 0.000000,
wall_kd = 0.000000,
linear_vel_kp = 2.500000,
linear_vel_ki = 0.010000,
linear_vel_kd = 0.000000,
diagonal_walls_kp = 0.000000,
diagonal_walls_ki = 0.000000,
diagonal_walls_kd = 0.000000,
start_wall_break_mm_left = 5.500000,
start_wall_break_mm_right = 7.200000,
enable_wall_break_correction = 1.000000,
max_linear_acc_jerk = 625.000000,
max_linear_brake_jerk = 625.000000,
wheel_radius_mm = 12.750000,
coulomb_ff = 0.180000,
angular_coulomb_ff = 0.000000,
};
t;Vel;TgtVel;AngVel;TgtAngVel;PWM_L;PWM_R;ImuDiff;VelP;VelI;AngP;AngI;RotFF;LinFF
0.0;0.0000;0.0000;-0.0145;0.0000;1;1;0.0733;0.0003;-0.0012;0.0010;-0.0000;0.0000;0.0079
0.5;0.0000;0.0005;-0.0260;0.0000;3;5;-0.0049;0.0003;-0.0012;0.0020;-0.0000;0.0000;0.0157
1.0;0.0000;0.0009;-0.1176;0.0000;3;9;-0.0049;0.0018;-0.0012;0.0098;-0.0000;0.0000;0.0236
1.5;0.0000;0.0014;-0.0336;0.0000;48;50;-0.0049;0.0018;-0.0012;0.0029;-0.0000;0.0000;0.2205
2.0;0.0005;0.0023;0.0344;0.0000;52;50;-0.0049;0.0032;-0.0012;-0.0039;-0.0000;0.0000;0.2283
2.5;0.0009;0.0032;0.0863;0.0000;56;52;-0.0049;0.0047;-0.0012;-0.0088;-0.0000;0.0000;0.2362
3.0;0.0014;0.0041;-0.0183;0.0000;56;56;-0.0049;0.0062;-0.0012;0.0010;-0.0000;0.0000;0.2520
3.5;0.0023;0.0055;-0.1015;0.0000;56;62;-0.0049;0.0076;-0.0012;0.0088;-0.0000;0.0000;0.2598
4.0;0.0032;0.0069;-0.0229;0.0000;62;62;-0.0049;0.0091;-0.0012;0.0020;-0.0000;0.0000;0.2677
4.5;0.0041;0.0082;-0.0046;0.0000;64;64;-0.0049;0.0105;-0.0012;-0.0000;-0.0000;0.0000;0.2835
5.0;0.0050;0.0101;0.0107;0.0000;67;67;-0.0049;0.0120;-0.0012;-0.0020;-0.0000;0.0000;0.2913
5.5;0.0060;0.0119;-0.1336;0.0000;67;73;-0.0049;0.0135;0.0003;0.0117;-0.0000;0.0000;0.2992
6.0;0.0073;0.0142;-0.0061;0.0000;73;73;-0.0049;0.0164;0.0003;-0.0000;-0.0000;0.0000;0.3150
6.5;0.0087;0.0160;0.0962;0.0000;77;73;-0.0049;0.0179;0.0003;-0.0088;-0.0000;0.0000;0.3228
7.0;0.0101;0.0183;0.2015;0.0000;83;73;-0.0049;0.0193;0.0003;-0.0186;-0.0000;0.0000;0.3307
7.5;0.0119;0.0211;0.0313;0.0000;81;81;-0.0049;0.0223;0.0003;-0.0029;-0.0000;0.0000;0.3465
8.0;0.0137;0.0238;-0.1046;0.0000;81;87;-0.0049;0.0252;0.0003;0.0088;-0.0000;0.0000;0.3543
8.5;0.0169;0.0266;-0.0191;0.0000;87;89;0.0733;0.0223;0.0003;0.0010;-0.0000;0.0000;0.3622
9.0;0.0201;0.0293;0.0916;0.0000;91;89;-0.0049;0.0223;0.0003;-0.0088;-0.0000;0.0000;0.3780
9.5;0.0229;0.0325;0.1809;0.0000;97;89;-0.0049;0.0237;0.0003;-0.0166;-0.0010;0.0000;0.3858
10.0;0.0256;0.0357;0.0374;0.0000;95;95;-0.0049;0.0252;0.0003;-0.0039;-0.0010;0.0000;0.4016
10.5;0.0298;0.0394;0.1985;0.0000;103;93;-0.0831;0.0223;0.0003;-0.0186;-0.0010;0.0000;0.4094
11.0;0.0334;0.0430;0.3267;0.0000;109;93;-0.0049;0.0223;0.0003;-0.0303;-0.0010;0.0000;0.4173
11.5;0.0366;0.0467;0.5115;0.0000;114;93;-0.0147;0.0237;0.0003;-0.0469;-0.0010;0.0000;0.4331
12.0;0.0398;0.0504;0.3153;0.0000;112;99;-0.0049;0.0267;0.0003;-0.0293;-0.0010;0.0000;0.4409
12.5;0.0435;0.0545;0.2550;0.0000;116;103;-0.0929;0.0281;0.0003;-0.0235;-0.0010;0.0000;0.4488
13.0;0.0472;0.0586;-0.0214;0.0000;112;112;0.0733;0.0281;0.0003;0.0010;-0.0010;0.0000;0.4646
13.5;0.0508;0.0632;0.0939;0.0000;118;114;-0.0049;0.0311;0.0018;-0.0088;-0.0010;0.0000;0.4724
14.0;0.0554;0.0678;-0.2008;0.0000;114;124;0.0049;0.0296;0.0018;0.0176;-0.0010;0.0000;0.4882
14.5;0.0591;0.0723;-0.0466;0.0000;120;122;-0.0049;0.0325;0.0018;0.0039;-0.0010;0.0000;0.4961
15.0;0.0641;0.0774;-0.2481;0.0000;120;132;0.0049;0.0325;0.0018;0.0215;-0.0010;0.0000;0.5039
15.5;0.0696;0.0824;-0.3656;0.0000;120;136;0.0049;0.0311;0.0018;0.0323;-0.0010;0.0000;0.5197
16.0;0.0751;0.0875;-0.5725;0.0000;118;144;-0.0635;0.0296;0.0018;0.0508;-0.0010;0.0000;0.5276
16.5;0.0801;0.0929;-0.4908;0.0000;122;146;0.0929;0.0311;0.0018;0.0440;-0.0000;0.0000;0.5433
17.0;0.0852;0.0980;-0.2740;0.0000;132;144;0.0831;0.0325;0.0018;0.0244;-0.0000;0.0000;0.5512
17.5;0.0907;0.1039;-0.2557;0.0000;136;146;0.0049;0.0311;0.0018;0.0225;-0.0000;0.0000;0.5591
18.0;0.0962;0.1094;-0.0779;0.0000;142;146;-0.0831;0.0325;0.0018;0.0068;-0.0000;0.0000;0.5748
18.5;0.1021;0.1154;-0.4779;0.0000;136;157;0.0147;0.0325;0.0018;0.0420;-0.0000;0.0000;0.5827
19.0;0.1085;0.1213;-0.2023;0.0000;144;152;0.0049;0.0325;0.0032;0.0176;-0.0000;0.0000;0.5906
19.5;0.1149;0.1277;-0.5221;0.0000;138;159;0.0147;0.0311;0.0032;0.0469;-0.0000;0.0000;0.5906
20.0;0.1213;0.1337;-0.1046;0.0000;148;152;-0.0049;0.0296;0.0032;0.0088;0.0010;0.0000;0.5906
20.5;0.1282;0.1397;-0.3321;0.0000;144;157;-0.0733;0.0267;0.0032;0.0293;0.0010;0.0000;0.5906
21.0;0.1351;0.1456;-0.4580;0.0000;140;159;0.0147;0.0252;0.0032;0.0411;0.0010;0.0000;0.5906
21.5;0.1419;0.1516;-0.6771;0.0000;134;163;0.0147;0.0237;0.0032;0.0606;0.0010;0.0000;0.5906
22.0;0.1484;0.1575;-0.6802;0.0000;136;163;0.0147;0.0223;0.0032;0.0606;0.0020;0.0000;0.5906
22.5;0.1552;0.1635;-0.3405;0.0000;144;157;-0.0733;0.0208;0.0032;0.0303;0.0020;0.0000;0.5984
23.0;0.1616;0.1694;-0.6847;0.0000;136;165;0.0147;0.0193;0.0032;0.0616;0.0020;0.0000;0.5984
23.5;0.1676;0.1754;-0.4527;0.0000;142;159;0.0147;0.0193;0.0032;0.0401;0.0020;0.0000;0.5984
24.0;0.1735;0.1818;-0.7679;0.0000;134;167;0.0244;0.0193;0.0032;0.0684;0.0029;0.0000;0.5984
24.5;0.1790;0.1877;-0.3748;0.0000;144;159;0.0049;0.0208;0.0032;0.0332;0.0029;0.0000;0.5984
25.0;0.1841;0.1937;-0.6084;0.0000;140;165;0.0147;0.0223;0.0032;0.0538;0.0029;0.0000;0.5984
25.5;0.1909;0.1996;-0.2702;0.0000;148;159;0.0049;0.0208;0.0032;0.0235;0.0029;0.0000;0.5984
26.0;0.1973;0.2056;-0.3000;0.0000;148;159;-0.0733;0.0193;0.0032;0.0264;0.0039;0.0000;0.5984
26.5;0.2047;0.2115;-0.4221;0.0000;144;163;0.0147;0.0164;0.0032;0.0371;0.0039;0.0000;0.5984
27.0;0.2115;0.2175;-0.5214;0.0000;142;165;0.0929;0.0149;0.0047;0.0459;0.0039;0.0000;0.6063
27.5;0.2184;0.2234;-0.5351;0.0000;142;165;-0.0635;0.0120;0.0047;0.0479;0.0039;0.0000;0.6063
28.0;0.2253;0.2294;-0.2221;0.0000;150;159;0.0049;0.0091;0.0047;0.0196;0.0039;0.0000;0.6063
28.5;0.2326;0.2353;-0.5168;0.0000;142;165;0.0147;0.0062;0.0047;0.0459;0.0049;0.0000;0.6063
29.0;0.2404;0.2418;-0.2115;0.0000;148;157;0.0049;0.0018;0.0047;0.0186;0.0049;0.0000;0.6063
29.5;0.2463;0.2477;-0.5153;0.0000;142;165;0.0147;0.0018;0.0047;0.0459;0.0049;0.0000;0.6063
30.0;0.2527;0.2537;-0.2847;0.0000;148;159;-0.1515;0.0003;0.0047;0.0254;0.0049;0.0000;0.6063
30.5;0.2596;0.2596;-0.1183;0.0000;152;155;-0.0049;-0.0012;0.0047;0.0098;0.0049;0.0000;0.6063
31.0;0.2669;0.2656;0.1824;0.0000;157;150;0.0635;-0.0041;0.0047;-0.0166;0.0049;0.0000;0.6063
31.5;0.2743;0.2715;0.0733;0.0000;155;152;-0.0049;-0.0070;0.0047;-0.0068;0.0049;0.0000;0.6142
32.0;0.2816;0.2775;-0.1969;0.0000;148;157;0.0049;-0.0100;0.0047;0.0176;0.0049;0.0000;0.6142
32.5;0.2889;0.2834;0.0641;0.0000;153;152;-0.0831;-0.0144;0.0047;-0.0059;0.0049;0.0000;0.6142
33.0;0.2962;0.2894;-0.1565;0.0000;150;157;0.0049;-0.0173;0.0047;0.0137;0.0049;0.0000;0.6142
33.5;0.3036;0.2953;0.0565;0.0000;153;152;0.0733;-0.0202;0.0032;-0.0059;0.0049;0.0000;0.6142
34.0;0.3114;0.3017;-0.1786;0.0000;148;157;-0.0733;-0.0246;0.0032;0.0156;0.0049;0.0000;0.6142
34.5;0.3182;0.3077;0.0664;0.0000;153;152;-0.0049;-0.0275;0.0032;-0.0068;0.0049;0.0000;0.6142
35.0;0.3251;0.3136;-0.2748;0.0000;146;159;-0.0733;-0.0305;0.0032;0.0244;0.0049;0.0000;0.6142
35.5;0.3320;0.3196;-0.1832;0.0000;148;155;0.0049;-0.0319;0.0032;0.0156;0.0059;0.0000;0.6142
36.0;0.3384;0.3255;-0.0863;0.0000;150;153;-0.0831;-0.0334;0.0032;0.0068;0.0059;0.0000;0.6142
36.5;0.3448;0.3315;0.0000;0.0000;152;152;-0.0049;-0.0334;0.0032;-0.0010;0.0059;0.0000;0.6220
37.0;0.3512;0.3375;-0.0130;0.0000;152;152;-0.0831;-0.0349;0.0032;0.0010;0.0059;0.0000;0.6220
37.5;0.3576;0.3434;-0.3053;0.0000;146;159;-0.0733;-0.0349;0.0032;0.0274;0.0059;0.0000;0.6220
38.0;0.3640;0.3494;-0.1183;0.0000;150;155;-0.0049;-0.0363;0.0032;0.0098;0.0059;0.0000;0.6220
38.5;0.3704;0.3558;-0.3496;0.0000;144;161;0.0831;-0.0378;0.0032;0.0313;0.0059;0.0000;0.6220
39.0;0.3768;0.3617;-0.0969;0.0000;150;155;-0.0831;-0.0378;0.0018;0.0078;0.0059;0.0000;0.6220
39.5;0.3837;0.3677;-0.3481;0.0000;146;161;0.0049;-0.0407;0.0018;0.0303;0.0059;0.0000;0.6220
40.0;0.3901;0.3736;-0.4229;0.0000;144;163;-0.0635;-0.0422;0.0018;0.0371;0.0059;0.0000;0.6220
40.5;0.3970;0.3796;-0.6282;0.0000;140;167;0.0147;-0.0437;0.0018;0.0557;0.0068;0.0000;0.6220
41.0;0.4038;0.3855;-0.5885;0.0000;140;167;0.0147;-0.0466;0.0018;0.0528;0.0068;0.0000;0.6299
41.5;0.4112;0.3915;-0.3786;0.0000;146;163;0.0049;-0.0495;0.0018;0.0332;0.0068;0.0000;0.6299
42.0;0.4185;0.3974;-0.6145;0.0000;140;167;0.0147;-0.0524;0.0018;0.0547;0.0078;0.0000;0.6299
42.5;0.4254;0.4034;-0.4962;0.0000;142;165;0.0147;-0.0554;0.0018;0.0440;0.0078;0.0000;0.6299
43.0;0.4327;0.4093;-0.6710;0.0000;138;169;0.0147;-0.0583;0.0003;0.0596;0.0078;0.0000;0.6299
43.5;0.4400;0.4158;-0.3336;0.0000;144;159;-0.0733;-0.0627;0.0003;0.0293;0.0078;0.0000;0.6299
44.0;0.4473;0.4217;-0.4802;0.0000;142;163;0.0147;-0.0656;0.0003;0.0430;0.0088;0.0000;0.6299
44.5;0.4542;0.4277;-0.2366;0.0000;146;157;0.0049;-0.0671;0.0003;0.0205;0.0088;0.0000;0.6299
45.0;0.4606;0.4336;-0.3313;0.0000;144;161;0.0049;-0.0686;0.0003;0.0293;0.0088;0.0000;0.6299
45.5;0.4666;0.4396;-0.4298;0.0000;142;163;-0.0635;-0.0671;0.0003;0.0381;0.0088;0.0000;0.6378
46.0;0.4725;0.4455;-0.5832;0.0000;138;167;0.0929;-0.0686;-0.0012;0.0518;0.0088;0.0000;0.6378
46.5;0.4794;0.4515;-0.5221;0.0000;140;165;-0.0635;-0.0700;-0.0012;0.0469;0.0098;0.0000;0.6378
47.0;0.4858;0.4574;-0.3580;0.0000;144;161;0.0831;-0.0715;-0.0012;0.0313;0.0098;0.0000;0.6378
47.5;0.4918;0.4634;-0.5687;0.0000;140;167;-0.0635;-0.0715;-0.0012;0.0508;0.0098;0.0000;0.6378
48.0;0.4973;0.4698;-0.3618;0.0000;144;163;0.0049;-0.0700;-0.0012;0.0323;0.0098;0.0000;0.6378
48.5;0.5041;0.4757;-0.5427;0.0000;142;167;0.0147;-0.0715;-0.0026;0.0479;0.0108;0.0000;0.6378
49.0;0.5101;0.4817;-0.3794;0.0000;144;163;0.0049;-0.0715;-0.0026;0.0332;0.0108;0.0000;0.6378
49.5;0.5169;0.4876;-0.3466;0.0000;146;163;0.0049;-0.0744;-0.0026;0.0303;0.0108;0.0000;0.6378
50.0;0.5238;0.4936;-0.1298;0.0000;150;157;-0.0831;-0.0759;-0.0026;0.0108;0.0108;0.0000;0.6378
50.5;0.5302;0.4995;-0.1962;0.0000;148;159;0.0049;-0.0774;-0.0026;0.0176;0.0108;0.0000;0.6457
51.0;0.5375;0.5055;-0.3496;0.0000;144;163;0.0049;-0.0803;-0.0041;0.0313;0.0108;0.0000;0.6457
51.5;0.5435;0.5114;-0.4496;0.0000;142;165;0.0147;-0.0803;-0.0041;0.0401;0.0117;0.0000;0.6457
52.0;0.5495;0.5174;-0.5137;0.0000;142;169;0.0929;-0.0803;-0.0041;0.0459;0.0117;0.0000;0.6457
52.5;0.5559;0.5234;-0.2702;0.0000;148;163;0.0049;-0.0817;-0.0041;0.0235;0.0117;0.0000;0.6457
53.0;0.5618;0.5298;-0.4649;0.0000;144;167;-0.0635;-0.0817;-0.0056;0.0411;0.0117;0.0000;0.6457
53.5;0.5691;0.5357;-0.3214;0.0000;146;163;-0.0733;-0.0847;-0.0056;0.0283;0.0117;0.0000;0.6457
54.0;0.5765;0.5417;-0.5412;0.0000;142;169;0.0147;-0.0876;-0.0056;0.0479;0.0127;0.0000;0.6457
54.5;0.5833;0.5476;-0.3458;0.0000;146;165;0.0049;-0.0905;-0.0056;0.0303;0.0127;0.0000;0.6457
55.0;0.5902;0.5536;-0.3229;0.0000;146;165;0.0049;-0.0920;-0.0056;0.0283;0.0127;0.0000;0.6535
55.5;0.5971;0.5595;-0.1809;0.0000;150;161;0.0049;-0.0949;-0.0070;0.0156;0.0127;0.0000;0.6535
56.0;0.6044;0.5655;-0.1664;0.0000;150;159;-0.0733;-0.0979;-0.0070;0.0147;0.0127;0.0000;0.6535
56.5;0.6117;0.5714;-0.3435;0.0000;146;163;0.0049;-0.1008;-0.0070;0.0303;0.0127;0.0000;0.6535
57.0;0.6177;0.5774;-0.1702;0.0000;148;159;-0.0733;-0.1008;-0.0085;0.0147;0.0127;0.0000;0.6535
57.5;0.6241;0.5833;-0.2870;0.0000;146;161;-0.0733;-0.1023;-0.0085;0.0254;0.0137;0.0000;0.6535
58.0;0.6305;0.5897;-0.0565;0.0000;152;157;-0.0049;-0.1037;-0.0085;0.0049;0.0137;0.0000;0.6535
58.5;0.6364;0.5957;-0.3359;0.0000;146;163;0.0049;-0.1037;-0.0085;0.0293;0.0137;0.0000;0.6535
59.0;0.6424;0.6016;-0.1588;0.0000;150;161;0.0049;-0.1023;-0.0100;0.0137;0.0137;0.0000;0.6535
59.5;0.6479;0.6076;-0.3435;0.0000;146;165;-0.0733;-0.1023;-0.0100;0.0303;0.0137;0.0000;0.6614
60.0;0.6534;0.6136;-0.3443;0.0000;146;165;0.0049;-0.1008;-0.0100;0.0303;0.0137;0.0000;0.6614
60.5;0.6584;0.6195;-0.2260;0.0000;150;163;0.0049;-0.0979;-0.0100;0.0196;0.0137;0.0000;0.6614
61.0;0.6635;0.6255;-0.0725;0.0000;153;161;-0.0049;-0.0949;-0.0114;0.0059;0.0137;0.0000;0.6614
61.5;0.6699;0.6314;-0.0977;0.0000;153;163;-0.0831;-0.0964;-0.0114;0.0078;0.0137;0.0000;0.6614
62.0;0.6754;0.6374;-0.3198;0.0000;150;167;0.0049;-0.0949;-0.0114;0.0283;0.0147;0.0000;0.6614
62.5;0.6804;0.6438;-0.1260;0.0000;153;165;-0.0049;-0.0935;-0.0129;0.0108;0.0147;0.0000;0.6614
63.0;0.6864;0.6497;-0.3099;0.0000;152;169;-0.0733;-0.0920;-0.0129;0.0274;0.0147;0.0000;0.6614
63.5;0.6918;0.6557;-0.1954;0.0000;153;167;-0.0733;-0.0920;-0.0129;0.0166;0.0147;0.0000;0.6614
64.0;0.6983;0.6616;-0.3550;0.0000;152;171;0.0049;-0.0920;-0.0129;0.0313;0.0147;0.0000;0.6693
64.5;0.7042;0.6676;-0.4160;0.0000;150;173;-0.0733;-0.0935;-0.0144;0.0371;0.0147;0.0000;0.6693
65.0;0.7111;0.6735;-0.6191;0.0000;146;179;0.0147;-0.0949;-0.0144;0.0547;0.0156;0.0000;0.6693
65.5;0.7175;0.6795;-0.4824;0.0000;150;175;-0.0635;-0.0949;-0.0144;0.0430;0.0156;0.0000;0.6693
66.0;0.7239;0.6854;-0.3145;0.0000;153;171;0.0049;-0.0964;-0.0144;0.0274;0.0156;0.0000;0.6693
66.5;0.7308;0.6914;-0.5069;0.0000;150;177;0.0147;-0.0993;-0.0158;0.0450;0.0156;0.0000;0.6693
67.0;0.7372;0.6973;-0.3458;0.0000;152;171;-0.0733;-0.0993;-0.0158;0.0303;0.0156;0.0000;0.6693
67.5;0.7440;0.7038;-0.4840;0.0000;150;175;-0.0635;-0.1023;-0.0158;0.0430;0.0166;0.0000;0.6693
68.0;0.7509;0.7097;-0.2641;0.0000;153;169;0.0049;-0.1037;-0.0158;0.0235;0.0166;0.0000;0.6693
68.5;0.7569;0.7157;-0.3817;0.0000;152;171;-0.0733;-0.1037;-0.0173;0.0342;0.0166;0.0000;0.6693
69.0;0.7637;0.7216;-0.0870;0.0000;159;165;-0.0831;-0.1067;-0.0173;0.0078;0.0166;0.0000;0.6772
69.5;0.7706;0.7276;-0.2237;0.0000;155;169;0.0049;-0.1081;-0.0173;0.0196;0.0166;0.0000;0.6772
70.0;0.7761;0.7335;-0.2420;0.0000;155;169;0.0049;-0.1067;-0.0188;0.0215;0.0166;0.0000;0.6772
70.5;0.7816;0.7395;-0.3000;0.0000;155;171;-0.1515;-0.1067;-0.0188;0.0264;0.0166;0.0000;0.6772
71.0;0.7875;0.7454;-0.3672;0.0000;153;173;0.0049;-0.1052;-0.0188;0.0323;0.0176;0.0000;0.6772
71.5;0.7926;0.7514;-0.2366;0.0000;157;171;-0.0733;-0.1023;-0.0188;0.0205;0.0176;0.0000;0.6772
72.0;0.7972;0.7573;-0.5122;0.0000;152;179;0.0147;-0.1008;-0.0202;0.0459;0.0176;0.0000;0.6772
72.5;0.8031;0.7637;-0.4519;0.0000;153;179;-0.0635;-0.0993;-0.0202;0.0401;0.0176;0.0000;0.6772
73.0;0.8086;0.7697;-0.6954;0.0000;150;185;0.0147;-0.0979;-0.0202;0.0616;0.0186;0.0000;0.6772
73.5;0.8136;0.7756;-0.5260;0.0000;153;183;0.0147;-0.0964;-0.0202;0.0469;0.0186;0.0000;0.6850
74.0;0.8187;0.7816;-0.5908;0.0000;153;185;0.0147;-0.0935;-0.0217;0.0528;0.0186;0.0000;0.6850
74.5;0.8237;0.7875;-0.4427;0.0000;157;181;0.0147;-0.0905;-0.0217;0.0391;0.0186;0.0000;0.6850
75.0;0.8283;0.7935;-0.4687;0.0000;157;183;0.0147;-0.0876;-0.0217;0.0420;0.0196;0.0000;0.6850
75.5;0.8329;0.7995;-0.5718;0.0000;155;187;0.0147;-0.0847;-0.0217;0.0508;0.0196;0.0000;0.6850
76.0;0.8375;0.8054;-0.6076;0.0000;155;189;0.0147;-0.0803;-0.0231;0.0538;0.0196;0.0000;0.6850
76.5;0.8425;0.8114;-0.5656;0.0000;157;189;-0.0635;-0.0774;-0.0231;0.0508;0.0205;0.0000;0.6850
77.0;0.8471;0.8178;-0.3382;0.0000;163;185;0.0049;-0.0744;-0.0231;0.0303;0.0205;0.0000;0.6850
77.5;0.8526;0.8237;-0.5282;0.0000;161;191;0.0147;-0.0744;-0.0231;0.0469;0.0205;0.0000;0.6850
78.0;0.8585;0.8297;-0.3519;0.0000;165;187;0.0049;-0.0730;-0.0231;0.0313;0.0205;0.0000;0.6929
78.5;0.8631;0.8356;-0.5252;0.0000;161;193;0.0147;-0.0700;-0.0246;0.0469;0.0205;0.0000;0.6929
79.0;0.8686;0.8416;-0.4153;0.0000;165;191;-0.0733;-0.0686;-0.0246;0.0371;0.0215;0.0000;0.6929
79.5;0.8736;0.8475;-0.3740;0.0000;167;191;-0.0733;-0.0656;-0.0246;0.0332;0.0215;0.0000;0.6929
80.0;0.8787;0.8535;-0.2504;0.0000;171;189;-0.0733;-0.0642;-0.0246;0.0225;0.0215;0.0000;0.6929
80.5;0.8832;0.8594;-0.3366;0.0000;171;193;0.0049;-0.0598;-0.0246;0.0293;0.0215;0.0000;0.6929
81.0;0.8878;0.8654;-0.4290;0.0000;169;195;0.0929;-0.0568;-0.0246;0.0381;0.0215;0.0000;0.6929
81.5;0.8924;0.8713;-0.2511;0.0000;175;193;-0.0733;-0.0524;-0.0261;0.0225;0.0215;0.0000;0.6929
82.0;0.8979;0.8777;-0.3969;0.0000;171;196;0.0049;-0.0510;-0.0261;0.0352;0.0225;0.0000;0.6929
82.5;0.9034;0.8837;-0.2328;0.0000;177;195;0.0049;-0.0495;-0.0261;0.0205;0.0225;0.0000;0.6929
83.0;0.9084;0.8897;-0.4534;0.0000;173;200;0.0147;-0.0481;-0.0261;0.0401;0.0225;0.0000;0.7008
83.5;0.9135;0.8956;-0.4397;0.0000;175;200;0.0147;-0.0451;-0.0261;0.0391;0.0225;0.0000;0.7008
84.0;0.9180;0.9016;-0.6305;0.0000;171;206;-0.0635;-0.0407;-0.0261;0.0567;0.0235;0.0000;0.7008
84.5;0.9222;0.9075;-0.4893;0.0000;177;204;-0.0635;-0.0378;-0.0261;0.0440;0.0235;0.0000;0.7008
85.0;0.9272;0.9135;-0.4573;0.0000;177;204;0.0147;-0.0349;-0.0261;0.0411;0.0235;0.0000;0.7008
85.5;0.9322;0.9194;-0.3389;0.0000;181;202;0.0049;-0.0334;-0.0275;0.0303;0.0235;0.0000;0.7008
86.0;0.9377;0.9254;-0.2664;0.0000;183;202;0.0049;-0.0305;-0.0275;0.0235;0.0235;0.0000;0.7008
86.5;0.9432;0.9318;-0.4206;0.0000;181;208;0.0147;-0.0290;-0.0275;0.0371;0.0244;0.0000;0.7008
87.0;0.9487;0.9377;-0.2160;0.0000;187;204;0.0831;-0.0275;-0.0275;0.0186;0.0244;0.0000;0.7008
87.5;0.9538;0.9437;-0.2840;0.0000;185;206;0.0049;-0.0261;-0.0275;0.0254;0.0244;0.0000;0.7087
88.0;0.9597;0.9496;-0.1145;0.0000;191;202;-0.0831;-0.0261;-0.0275;0.0098;0.0244;0.0000;0.7087
88.5;0.9652;0.9556;-0.2489;0.0000;187;206;0.0049;-0.0246;-0.0275;0.0215;0.0244;0.0000;0.7087
89.0;0.9707;0.9615;-0.2229;0.0000;189;208;0.0049;-0.0231;-0.0275;0.0196;0.0244;0.0000;0.7087
89.5;0.9762;0.9675;-0.3840;0.0000;185;212;0.0049;-0.0231;-0.0275;0.0342;0.0244;0.0000;0.7087
90.0;0.9817;0.9734;-0.3649;0.0000;187;214;0.0049;-0.0217;-0.0275;0.0323;0.0244;0.0000;0.7087
90.5;0.9867;0.9794;-0.2527;0.0000;191;212;0.0049;-0.0188;-0.0275;0.0225;0.0254;0.0000;0.7087
91.0;0.9913;0.9853;-0.4359;0.0000;187;218;0.0147;-0.0144;-0.0275;0.0391;0.0254;0.0000;0.7087
91.5;0.9963;0.9918;-0.4305;0.0000;189;220;0.0929;-0.0129;-0.0275;0.0381;0.0254;0.0000;0.7087
92.0;1.0018;0.9977;-0.5267;0.0000;187;222;-0.0635;-0.0114;-0.0275;0.0469;0.0254;0.0000;0.7165
92.5;1.0064;1.0037;-0.4198;0.0000;191;220;0.0049;-0.0085;-0.0275;0.0371;0.0264;0.0000;0.7165
93.0;1.0124;1.0096;-0.5672;0.0000;189;226;0.0147;-0.0070;-0.0275;0.0508;0.0264;0.0000;0.7165
93.5;1.0174;1.0156;-0.3878;0.0000;193;222;0.0049;-0.0056;-0.0275;0.0342;0.0264;0.0000;0.7165
94.0;1.0224;1.0215;-0.4137;0.0000;193;224;0.0831;-0.0026;-0.0275;0.0371;0.0264;0.0000;0.7165
94.5;1.0279;1.0275;-0.5061;0.0000;191;228;0.0929;-0.0012;-0.0275;0.0450;0.0274;0.0000;0.7165
95.0;1.0330;1.0334;-0.5550;0.0000;191;230;-0.0635;0.0003;-0.0275;0.0499;0.0274;0.0000;0.7165
95.5;1.0375;1.0394;-0.4817;0.0000;195;228;0.0147;0.0047;-0.0275;0.0430;0.0274;0.0000;0.7165
96.0;1.0426;1.0453;-0.3519;0.0000;198;228;0.0049;0.0062;-0.0275;0.0313;0.0274;0.0000;0.7165
96.5;1.0476;1.0517;-0.4198;0.0000;198;230;0.0049;0.0091;-0.0275;0.0371;0.0274;0.0000;0.7165
97.0;1.0527;1.0577;-0.2855;0.0000;202;228;0.0831;0.0120;-0.0275;0.0254;0.0283;0.0000;0.7244
97.5;1.0577;1.0636;-0.4344;0.0000;200;232;0.0147;0.0135;-0.0275;0.0381;0.0283;0.0000;0.7244
98.0;1.0632;1.0696;-0.3366;0.0000;202;232;0.0831;0.0149;-0.0275;0.0293;0.0283;0.0000;0.7244
98.5;1.0687;1.0755;-0.3237;0.0000;204;232;0.0049;0.0164;-0.0275;0.0283;0.0283;0.0000;0.7244
99.0;1.0742;1.0815;-0.2443;0.0000;206;232;0.0049;0.0179;-0.0275;0.0215;0.0283;0.0000;0.7244
99.5;1.0801;1.0875;-0.3092;0.0000;206;234;0.0831;0.0179;-0.0275;0.0274;0.0283;0.0000;0.7244
100.0;1.0852;1.0934;-0.3107;0.0000;206;236;0.0049;0.0208;-0.0275;0.0274;0.0293;0.0000;0.7244
100.5;1.0897;1.0994;-0.2252;0.0000;208;234;0.0831;0.0237;-0.0275;0.0196;0.0293;0.0000;0.7244
101.0;1.0952;1.1058;-0.2496;0.0000;208;236;0.0831;0.0252;-0.0275;0.0215;0.0293;0.0000;0.7244
101.5;1.1007;1.1117;-0.1115;0.0000;212;234;-0.0049;0.0267;-0.0275;0.0098;0.0293;0.0000;0.7323
102.0;1.1071;1.1177;-0.3282;0.0000;208;239;0.0831;0.0252;-0.0275;0.0293;0.0293;0.0000;0.7323
102.5;1.1126;1.1236;-0.3221;0.0000;210;241;0.0049;0.0267;-0.0275;0.0283;0.0293;0.0000;0.7323
103.0;1.1181;1.1296;-0.4511;0.0000;208;243;0.0929;0.0281;-0.0275;0.0401;0.0293;0.0000;0.7323
103.5;1.1236;1.1355;-0.3718;0.0000;210;243;0.0049;0.0296;-0.0261;0.0332;0.0303;0.0000;0.7323
104.0;1.1277;1.1415;-0.3466;0.0000;212;243;0.0831;0.0340;-0.0261;0.0303;0.0303;0.0000;0.7323
104.5;1.1323;1.1474;-0.2397;0.0000;216;243;0.0049;0.0369;-0.0261;0.0215;0.0303;0.0000;0.7323
105.0;1.1364;1.1534;-0.2214;0.0000;218;243;0.0049;0.0413;-0.0261;0.0196;0.0303;0.0000;0.7323
105.5;1.1415;1.1593;-0.3595;0.0000;216;247;-0.0733;0.0442;-0.0261;0.0323;0.0303;0.0000;0.7323
106.0;1.1470;1.1658;-0.1504;0.0000;222;245;0.0831;0.0457;-0.0261;0.0127;0.0303;0.0000;0.7402
106.5;1.1520;1.1717;-0.1893;0.0000;224;247;-0.0733;0.0472;-0.0261;0.0166;0.0303;0.0000;0.7402
107.0;1.1580;1.1777;-0.0573;0.0000;228;245;0.0733;0.0472;-0.0261;0.0049;0.0303;0.0000;0.7402
107.5;1.1635;1.1836;-0.1634;0.0000;224;247;0.0831;0.0486;-0.0261;0.0147;0.0313;0.0000;0.7402
108.0;1.1690;1.1896;-0.1542;0.0000;226;249;-0.0733;0.0516;-0.0246;0.0137;0.0313;0.0000;0.7402
108.5;1.1749;1.1955;-0.3359;0.0000;222;253;0.0049;0.0516;-0.0246;0.0293;0.0313;0.0000;0.7402
109.0;1.1809;1.2015;-0.2802;0.0000;224;253;0.0831;0.0516;-0.0246;0.0244;0.0313;0.0000;0.7402
109.5;1.1868;1.2074;-0.2130;0.0000;226;253;0.0049;0.0501;-0.0246;0.0186;0.0313;0.0000;0.7402
110.0;1.1937;1.2134;-0.1962;0.0000;228;253;0.0049;0.0486;-0.0246;0.0176;0.0313;0.0000;0.7402
110.5;1.2001;1.2198;-0.1565;0.0000;230;253;0.0049;0.0472;-0.0246;0.0137;0.0313;0.0000;0.7402
111.0;1.2070;1.2257;-0.2099;0.0000;228;253;0.0049;0.0457;-0.0246;0.0186;0.0313;0.0000;0.7480
111.5;1.2138;1.2317;-0.1351;0.0000;230;251;-0.0049;0.0442;-0.0231;0.0117;0.0313;0.0000;0.7480
112.0;1.2202;1.2376;-0.2282;0.0000;228;253;-0.0733;0.0428;-0.0231;0.0205;0.0313;0.0000;0.7480
112.5;1.2262;1.2436;-0.0603;0.0000;232;251;-0.0049;0.0428;-0.0231;0.0049;0.0323;0.0000;0.7480
113.0;1.2321;1.2495;-0.1237;0.0000;232;253;-0.0049;0.0428;-0.0231;0.0108;0.0323;0.0000;0.7480
113.5;1.2386;1.2555;-0.1397;0.0000;232;255;0.0831;0.0413;-0.0231;0.0117;0.0323;0.0000;0.7480
114.0;1.2450;1.2614;-0.1366;0.0000;232;255;-0.0049;0.0398;-0.0231;0.0117;0.0323;0.0000;0.7480
114.5;1.2514;1.2674;-0.1885;0.0000;232;257;0.0831;0.0398;-0.0231;0.0166;0.0323;0.0000;0.7480
115.0;1.2564;1.2734;-0.0702;0.0000;234;253;-0.0831;0.0428;-0.0231;0.0059;0.0323;0.0000;0.7480
115.5;1.2614;1.2798;-0.0763;0.0000;236;255;-0.0049;0.0442;-0.0217;0.0059;0.0323;0.0000;0.7559
116.0;1.2665;1.2857;0.0191;0.0000;239;253;-0.0049;0.0472;-0.0217;-0.0020;0.0323;0.0000;0.7559
116.5;1.2720;1.2917;-0.0947;0.0000;238;257;-0.0049;0.0486;-0.0217;0.0078;0.0323;0.0000;0.7559
117.0;1.2775;1.2976;-0.0527;0.0000;239;257;-0.0831;0.0486;-0.0217;0.0039;0.0323;0.0000;0.7559
117.5;1.2830;1.3036;-0.1023;0.0000;239;261;-0.0049;0.0516;-0.0217;0.0088;0.0323;0.0000;0.7559
118.0;1.2880;1.3095;-0.1527;0.0000;239;261;-0.0733;0.0530;-0.0217;0.0137;0.0323;0.0000;0.7559
118.5;1.2935;1.3155;-0.1756;0.0000;238;263;0.0831;0.0545;-0.0217;0.0156;0.0323;0.0000;0.7559
119.0;1.2999;1.3214;-0.2618;0.0000;238;267;0.0049;0.0530;-0.0202;0.0235;0.0323;0.0000;0.7559
119.5;1.3059;1.3274;-0.3336;0.0000;236;269;0.0049;0.0530;-0.0202;0.0293;0.0323;0.0000;0.7559
120.0;1.3114;1.3333;-0.3443;0.0000;238;269;-0.0733;0.0545;-0.0202;0.0303;0.0332;0.0000;0.7638
120.5;1.3173;1.3397;-0.3053;0.0000;239;271;0.0049;0.0545;-0.0202;0.0274;0.0332;0.0000;0.7638
121.0;1.3223;1.3457;-0.3740;0.0000;238;271;0.0049;0.0574;-0.0202;0.0332;0.0332;0.0000;0.7638
121.5;1.3269;1.3516;-0.3351;0.0000;239;271;0.0049;0.0604;-0.0202;0.0293;0.0332;0.0000;0.7638
122.0;1.3320;1.3576;-0.3183;0.0000;241;273;-0.0733;0.0633;-0.0202;0.0283;0.0332;0.0000;0.7638
122.5;1.3370;1.3636;-0.2359;0.0000;245;273;0.0831;0.0662;-0.0188;0.0205;0.0332;0.0000;0.7638
123.0;1.3420;1.3695;-0.1908;0.0000;247;273;0.0049;0.0677;-0.0188;0.0166;0.0342;0.0000;0.7638
123.5;1.3466;1.3755;-0.0656;0.0000;251;271;-0.0049;0.0721;-0.0188;0.0049;0.0342;0.0000;0.7638
124.0;1.3512;1.3814;-0.1344;0.0000;251;275;-0.0831;0.0750;-0.0188;0.0117;0.0342;0.0000;0.7638
124.5;1.3562;1.3874;-0.1634;0.0000;251;275;0.0049;0.0779;-0.0188;0.0137;0.0342;0.0000;0.7717
125.0;1.3617;1.3938;-0.0840;0.0000;253;275;-0.0049;0.0779;-0.0173;0.0068;0.0342;0.0000;0.7717
125.5;1.3663;1.3997;-0.1824;0.0000;253;277;0.0049;0.0823;-0.0173;0.0156;0.0342;0.0000;0.7717
126.0;1.3713;1.4057;-0.1298;0.0000;255;279;-0.0049;0.0838;-0.0173;0.0108;0.0342;0.0000;0.7717
126.5;1.3773;1.4116;-0.1634;0.0000;255;281;0.0049;0.0853;-0.0173;0.0137;0.0342;0.0000;0.7717
127.0;1.3832;1.4176;-0.1115;0.0000;257;281;-0.0831;0.0853;-0.0158;0.0098;0.0342;0.0000;0.7717
127.5;1.3897;1.4235;-0.1779;0.0000;257;283;0.0831;0.0838;-0.0158;0.0156;0.0342;0.0000;0.7717
128.0;1.3970;1.4295;-0.0885;0.0000;261;281;-0.0831;0.0809;-0.0158;0.0078;0.0342;0.0000;0.7717
128.5;1.4034;1.4354;-0.1099;0.0000;259;281;0.0733;0.0794;-0.0158;0.0098;0.0342;0.0000;0.7717
129.0;1.4098;1.4414;-0.0756;0.0000;261;281;-0.0049;0.0779;-0.0158;0.0059;0.0342;0.0000;0.7717
129.5;1.4162;1.4473;-0.0740;0.0000;261;281;0.0733;0.0779;-0.0144;0.0059;0.0342;0.0000;0.7795
130.0;1.4235;1.4538;-0.1595;0.0000;261;283;-0.1515;0.0735;-0.0144;0.0137;0.0342;0.0000;0.7795
130.5;1.4299;1.4597;-0.1206;0.0000;261;283;-0.0831;0.0735;-0.0144;0.0108;0.0342;0.0000;0.7795
131.0;1.4359;1.4657;-0.1840;0.0000;261;284;-0.0733;0.0735;-0.0144;0.0156;0.0352;0.0000;0.7795
131.5;1.4432;1.4716;-0.1878;0.0000;261;284;0.0049;0.0691;-0.0144;0.0166;0.0352;0.0000;0.7795
132.0;1.4505;1.4776;-0.3305;0.0000;257;286;0.0049;0.0677;-0.0129;0.0293;0.0352;0.0000;0.7795
132.5;1.4574;1.4835;-0.2969;0.0000;257;286;-0.0733;0.0648;-0.0129;0.0264;0.0352;0.0000;0.7795
133.0;1.4574;1.4895;-0.4221;0.0000;251;292;-0.0635;0.0794;-0.0129;0.0371;0.0352;0.0000;0.7795
133.5;1.4597;1.4954;-0.3687;0.0000;257;294;-0.0733;0.0882;-0.0129;0.0323;0.0352;0.0000;0.7795
134.0;1.4638;1.5014;-0.3031;0.0000;263;296;0.0049;0.0941;-0.0114;0.0264;0.0362;0.0000;0.7874
134.5;1.4689;1.5078;-0.3427;0.0000;263;298;0.0049;0.0970;-0.0114;0.0303;0.0362;0.0000;0.7874
135.0;1.4744;1.5137;-0.3321;0.0000;265;298;-0.0733;0.0970;-0.0114;0.0293;0.0362;0.0000;0.7874
135.5;1.4812;1.5197;-0.3145;0.0000;267;298;-0.0733;0.0955;-0.0114;0.0274;0.0362;0.0000;0.7874
136.0;1.4886;1.5256;-0.2267;0.0000;269;296;-0.1515;0.0911;-0.0100;0.0196;0.0362;0.0000;0.7874
136.5;1.4968;1.5316;-0.2527;0.0000;269;296;-0.0733;0.0853;-0.0100;0.0225;0.0362;0.0000;0.7874
137.0;1.5046;1.5375;-0.1336;0.0000;273;292;-0.0831;0.0809;-0.0100;0.0117;0.0362;0.0000;0.7874
137.5;1.5124;1.5435;-0.1863;0.0000;271;292;-0.1515;0.0779;-0.0100;0.0166;0.0362;0.0000;0.7874
138.0;1.5197;1.5495;-0.1725;0.0000;273;292;-0.1515;0.0735;-0.0085;0.0147;0.0371;0.0000;0.7874
138.5;1.5275;1.5554;-0.2481;0.0000;271;294;0.0049;0.0691;-0.0085;0.0215;0.0371;0.0000;0.7953
139.0;1.5343;1.5614;-0.1244;0.0000;273;288;-0.0831;0.0677;-0.0085;0.0108;0.0371;0.0000;0.7953
139.5;1.5417;1.5678;-0.2817;0.0000;269;294;-0.0733;0.0648;-0.0085;0.0244;0.0371;0.0000;0.7953
140.0;1.5490;1.5737;-0.4954;0.0000;265;298;0.0147;0.0604;-0.0085;0.0440;0.0371;0.0000;0.7953
140.5;1.5568;1.5797;-0.5588;0.0000;263;300;-0.0635;0.0560;-0.0085;0.0499;0.0371;0.0000;0.7953
141.0;1.5641;1.5856;-0.7267;0.0000;257;306;0.0244;0.0530;-0.0070;0.0645;0.0381;0.0000;0.7953
141.5;1.5714;1.5916;-0.5504;0.0000;263;300;-0.0635;0.0501;-0.0070;0.0489;0.0381;0.0000;0.7953
142.0;1.5792;1.5975;-0.6244;0.0000;261;302;0.0147;0.0457;-0.0070;0.0557;0.0381;0.0000;0.7953
142.5;1.5870;1.6035;-0.4832;0.0000;263;296;-0.0635;0.0398;-0.0070;0.0430;0.0391;0.0000;0.7953
143.0;1.5948;1.6099;-0.5473;0.0000;263;300;0.0733;0.0369;-0.0070;0.0489;0.0391;0.0000;0.8110
143.5;1.6035;1.6158;-0.3542;0.0000;269;300;0.0049;0.0311;-0.0070;0.0313;0.0391;0.0000;0.8189
144.0;1.6122;1.6227;-0.4595;0.0000;269;304;-0.0635;0.0252;-0.0070;0.0411;0.0391;0.0000;0.8346
144.5;1.6200;1.6291;-0.3710;0.0000;275;306;0.0049;0.0223;-0.0070;0.0332;0.0401;0.0000;0.8425
145.0;1.6282;1.6360;-0.3496;0.0000;277;308;0.0049;0.0179;-0.0070;0.0313;0.0401;0.0000;0.8504
145.5;1.6369;1.6429;-0.5397;0.0000;273;314;0.0147;0.0149;-0.0070;0.0479;0.0401;0.0000;0.8661
146.0;1.6456;1.6497;-0.6130;0.0000;273;318;0.0147;0.0105;-0.0070;0.0547;0.0401;0.0000;0.8740
146.5;1.6543;1.6571;-0.6290;0.0000;275;320;0.0147;0.0062;-0.0070;0.0557;0.0411;0.0000;0.8898
147.0;1.6635;1.6644;-0.4786;0.0000;281;322;0.0929;0.0018;-0.0070;0.0430;0.0411;0.0000;0.8976
147.5;1.6722;1.6722;-0.5160;0.0000;283;326;-0.0635;-0.0012;-0.0070;0.0459;0.0411;0.0000;0.9134
148.0;1.6799;1.6799;-0.3229;0.0000;290;324;0.0049;0.0003;-0.0070;0.0283;0.0411;0.0000;0.9213
148.5;1.6873;1.6877;-0.3779;0.0000;292;327;0.0049;0.0003;-0.0070;0.0332;0.0411;0.0000;0.9370
149.0;1.6955;1.6960;-0.2924;0.0000;296;329;0.0831;0.0003;-0.0070;0.0254;0.0420;0.0000;0.9449
149.5;1.7038;1.7038;-0.1863;0.0000;302;329;0.0049;-0.0012;-0.0070;0.0166;0.0420;0.0000;0.9606
150.0;1.7120;1.7125;-0.1328;0.0000;308;333;-0.0831;0.0003;-0.0070;0.0117;0.0420;0.0000;0.9685
150.5;1.7198;1.7207;-0.1756;0.0000;310;339;0.0831;0.0018;-0.0070;0.0156;0.0420;0.0000;0.9764
151.0;1.7280;1.7294;-0.2786;0.0000;312;345;0.0831;0.0032;-0.0070;0.0244;0.0420;0.0000;0.9921
151.5;1.7358;1.7381;-0.2366;0.0000;318;351;0.0831;0.0047;-0.0070;0.0205;0.0420;0.0000;1.0000
152.0;1.7445;1.7473;-0.4382;0.0000;316;359;0.0929;0.0062;-0.0070;0.0391;0.0420;0.0000;1.0157
152.5;1.7527;1.7564;-0.4008;0.0000;320;361;0.0049;0.0076;-0.0070;0.0352;0.0430;0.0000;1.0236
153.0;1.7614;1.7656;-0.4603;0.0000;322;367;0.0929;0.0091;-0.0070;0.0411;0.0430;0.0000;1.0394
153.5;1.7711;1.7752;-0.3687;0.0000;329;369;0.0049;0.0091;-0.0056;0.0323;0.0430;0.0000;1.0472
154.0;1.7807;1.7848;-0.3771;0.0000;333;374;0.0831;0.0091;-0.0056;0.0332;0.0430;0.0000;1.0630
154.5;1.7908;1.7944;-0.3641;0.0000;337;378;0.0049;0.0091;-0.0056;0.0323;0.0430;0.0000;1.0709
155.0;1.8008;1.8045;-0.2969;0.0000;341;380;0.0049;0.0091;-0.0056;0.0264;0.0440;0.0000;1.0866
155.5;1.8104;1.8146;-0.2832;0.0000;345;382;0.0049;0.0091;-0.0056;0.0254;0.0440;0.0000;1.0945
156.0;1.8196;1.8246;-0.1802;0.0000;353;386;0.0049;0.0120;-0.0056;0.0156;0.0440;0.0000;1.1102
156.5;1.8301;1.8352;-0.3275;0.0000;353;394;0.0831;0.0120;-0.0056;0.0293;0.0440;0.0000;1.1181
157.0;1.8407;1.8457;-0.2519;0.0000;359;396;0.0049;0.0120;-0.0056;0.0225;0.0440;0.0000;1.1339
157.5;1.8507;1.8562;-0.3977;0.0000;361;406;0.0049;0.0120;-0.0056;0.0352;0.0440;0.0000;1.1417
158.0;1.8603;1.8672;-0.3519;0.0000;365;408;0.0831;0.0164;-0.0056;0.0313;0.0440;0.0000;1.1575
158.5;1.8709;1.8782;-0.3664;0.0000;370;413;0.0049;0.0179;-0.0056;0.0323;0.0450;0.0000;1.1654
159.0;1.8819;1.8892;-0.4641;0.0000;372;419;0.0147;0.0179;-0.0056;0.0411;0.0450;0.0000;1.1811
159.5;1.8929;1.9006;-0.4313;0.0000;376;423;0.0049;0.0179;-0.0056;0.0381;0.0450;0.0000;1.1890
160.0;1.9048;1.9121;-0.4573;0.0000;380;427;0.0929;0.0179;-0.0056;0.0411;0.0450;0.0000;1.2047
160.5;1.9158;1.9235;-0.2527;0.0000;392;427;0.0831;0.0193;-0.0056;0.0225;0.0450;0.0000;1.2126
161.0;1.9263;1.9354;-0.3374;0.0000;394;435;0.0049;0.0223;-0.0056;0.0303;0.0459;0.0000;1.2283
161.5;1.9377;1.9473;-0.2511;0.0000;400;437;0.0049;0.0223;-0.0056;0.0225;0.0459;0.0000;1.2362
162.0;1.9501;1.9592;-0.3389;0.0000;404;445;0.0831;0.0223;-0.0056;0.0303;0.0459;0.0000;1.2520
162.5;1.9615;1.9716;-0.3802;0.0000;408;451;0.0049;0.0252;-0.0056;0.0332;0.0459;0.0000;1.2598
163.0;1.9734;1.9840;-0.4786;0.0000;412;458;-0.0635;0.0267;-0.0056;0.0430;0.0459;0.0000;1.2756
163.5;1.9849;1.9968;-0.3382;0.0000;417;458;0.0049;0.0281;-0.0056;0.0303;0.0469;0.0000;1.2835
164.0;1.9968;2.0092;-0.2687;0.0000;421;458;-0.0733;0.0296;-0.0041;0.0235;0.0469;0.0000;1.2835
164.5;2.0096;2.0215;-0.3015;0.0000;421;460;0.0831;0.0296;-0.0041;0.0264;0.0469;0.0000;1.2835
165.0;2.0220;2.0339;-0.2992;0.0000;423;462;0.0049;0.0296;-0.0041;0.0264;0.0469;0.0000;1.2913
165.5;2.0357;2.0467;-0.3992;0.0000;421;466;0.0049;0.0267;-0.0041;0.0352;0.0469;0.0000;1.2913
166.0;2.0499;2.0591;-0.3382;0.0000;425;466;0.0049;0.0223;-0.0041;0.0303;0.0469;0.0000;1.2913
166.5;2.0632;2.0714;-0.4160;0.0000;423;468;0.0831;0.0208;-0.0041;0.0371;0.0479;0.0000;1.2913
167.0;2.0760;2.0842;-0.4183;0.0000;425;470;0.0929;0.0193;-0.0041;0.0371;0.0479;0.0000;1.2913
167.5;2.0888;2.0966;-0.6969;0.0000;417;478;0.0929;0.0193;-0.0041;0.0626;0.0479;0.0000;1.2992
168.0;2.1021;2.1090;-0.8519;0.0000;415;484;0.1026;0.0164;-0.0041;0.0762;0.0489;0.0000;1.2992
168.5;2.1163;2.1218;-0.9618;0.0000;412;488;0.1026;0.0120;-0.0041;0.0860;0.0489;0.0000;1.2992
169.0;2.1319;2.1342;-1.1901;0.0000;406;494;0.1906;0.0047;-0.0041;0.1065;0.0499;0.0000;1.2992
169.5;2.1470;2.1465;-1.3702;0.0000;400;498;0.1222;-0.0026;-0.0041;0.1232;0.0499;0.0000;1.3071
170.0;2.1625;2.1589;-1.6389;0.0000;392;503;0.2102;-0.0085;-0.0041;0.1466;0.0508;0.0000;1.3071
170.5;2.1781;2.1717;-1.7664;0.0000;386;507;0.2102;-0.0173;-0.0041;0.1584;0.0518;0.0000;1.3071
171.0;2.1946;2.1841;-1.8153;0.0000;384;507;0.1417;-0.0275;-0.0041;0.1632;0.0528;0.0000;1.3071
171.5;2.2102;2.1964;-1.6053;0.0000;390;501;0.0538;-0.0349;-0.0041;0.1437;0.0538;0.0000;1.3071
172.0;2.2253;2.2092;-1.5382;0.0000;392;500;-0.0244;-0.0422;-0.0041;0.1378;0.0547;0.0000;1.3150
172.5;2.2399;2.2216;-1.2115;0.0000;402;490;-0.0440;-0.0466;-0.0041;0.1085;0.0547;0.0000;1.3150
173.0;2.2541;2.2340;-1.0687;0.0000;406;488;0.0342;-0.0510;-0.0041;0.0958;0.0557;0.0000;1.3150
173.5;2.2683;2.2468;-0.9519;0.0000;408;484;0.0244;-0.0554;-0.0056;0.0850;0.0557;0.0000;1.3150
174.0;2.2834;2.2592;-0.7519;0.0000;412;480;0.0244;-0.0612;-0.0056;0.0674;0.0567;0.0000;1.3228
174.5;2.2985;2.2715;-0.5870;0.0000;415;472;-0.0635;-0.0686;-0.0056;0.0518;0.0567;0.0000;1.3228
175.0;2.3118;2.2839;-0.5115;0.0000;417;470;0.0147;-0.0700;-0.0056;0.0459;0.0567;0.0000;1.3228
175.5;2.3246;2.2967;-0.5443;0.0000;417;470;-0.1417;-0.0700;-0.0056;0.0489;0.0577;0.0000;1.3228
176.0;2.3370;2.3091;-0.3069;0.0000;423;464;-0.2297;-0.0715;-0.0070;0.0274;0.0577;0.0000;1.3228
176.5;2.3498;2.3214;-0.3473;0.0000;425;466;-0.0733;-0.0715;-0.0070;0.0303;0.0577;0.0000;1.3307
177.0;2.3622;2.3342;-0.1824;0.0000;429;464;-0.0733;-0.0715;-0.0070;0.0156;0.0577;0.0000;1.3307
177.5;2.3750;2.3466;-0.0534;0.0000;435;462;-0.0831;-0.0715;-0.0070;0.0039;0.0577;0.0000;1.3307
178.0;2.3887;2.3590;0.0573;0.0000;437;460;-0.0049;-0.0744;-0.0070;-0.0059;0.0577;0.0000;1.3307
178.5;2.4020;2.3718;0.0870;0.0000;439;458;-0.0831;-0.0774;-0.0085;-0.0088;0.0577;0.0000;1.3386
179.0;2.4158;2.3842;0.2313;0.0000;443;457;-0.0147;-0.0788;-0.0085;-0.0215;0.0577;0.0000;1.3386
179.5;2.4286;2.3965;0.2901;0.0000;445;457;0.0635;-0.0803;-0.0085;-0.0264;0.0577;0.0000;1.3386
180.0;2.4409;2.4089;0.2397;0.0000;443;458;-0.0147;-0.0803;-0.0085;-0.0225;0.0577;0.0000;1.3386
180.5;2.4533;2.4217;0.2115;0.0000;443;462;0.0635;-0.0803;-0.0085;-0.0196;0.0567;0.0000;1.3465
181.0;2.4652;2.4341;0.0550;0.0000;441;468;0.0733;-0.0788;-0.0100;-0.0059;0.0567;0.0000;1.3465
181.5;2.4771;2.4464;0.0481;0.0000;441;466;-0.0049;-0.0774;-0.0100;-0.0049;0.0567;0.0000;1.3465
182.0;2.4890;2.4592;0.0061;0.0000;439;470;0.0733;-0.0759;-0.0100;-0.0010;0.0567;0.0000;1.3465
182.5;2.5009;2.4716;0.1191;0.0000;443;468;0.0733;-0.0744;-0.0100;-0.0108;0.0567;0.0000;1.3465
183.0;2.5133;2.4840;-0.0397;0.0000;441;474;-0.0049;-0.0730;-0.0100;0.0029;0.0567;0.0000;1.3543
183.5;2.5261;2.4968;-0.0504;0.0000;441;476;-0.0049;-0.0744;-0.0114;0.0039;0.0567;0.0000;1.3543
184.0;2.5389;2.5092;-0.2076;0.0000;441;484;0.0831;-0.0744;-0.0114;0.0186;0.0567;0.0000;1.3543
184.5;2.5517;2.5215;-0.2947;0.0000;439;486;0.0831;-0.0759;-0.0114;0.0264;0.0577;0.0000;1.3543
185.0;2.5641;2.5339;-0.2328;0.0000;439;486;0.0831;-0.0759;-0.0114;0.0205;0.0577;0.0000;1.3622
185.5;2.5769;2.5467;-0.3962;0.0000;435;492;0.0831;-0.0759;-0.0114;0.0352;0.0577;0.0000;1.3622
186.0;2.5893;2.5591;-0.4092;0.0000;437;492;0.1711;-0.0759;-0.0129;0.0362;0.0577;0.0000;1.3622
186.5;2.6012;2.5714;-0.5725;0.0000;433;498;0.0929;-0.0744;-0.0129;0.0508;0.0577;0.0000;1.3622
187.0;2.6122;2.5842;-0.4893;0.0000;437;500;0.1711;-0.0700;-0.0129;0.0440;0.0587;0.0000;1.3622
187.5;2.6232;2.5966;-0.4565;0.0000;441;500;0.0929;-0.0671;-0.0129;0.0401;0.0587;0.0000;1.3701
188.0;2.6351;2.6090;-0.5099;0.0000;441;501;0.0147;-0.0656;-0.0129;0.0450;0.0587;0.0000;1.3701
188.5;2.6470;2.6218;-0.4351;0.0000;445;501;0.0929;-0.0642;-0.0144;0.0391;0.0587;0.0000;1.3701
189.0;2.6589;2.6342;-0.6481;0.0000;439;507;0.0929;-0.0627;-0.0144;0.0577;0.0596;0.0000;1.3701
189.5;2.6712;2.6465;-0.6008;0.0000;443;507;0.0929;-0.0627;-0.0144;0.0538;0.0596;0.0000;1.3780
190.0;2.6841;2.6589;-0.7359;0.0000;441;513;0.1026;-0.0627;-0.0144;0.0655;0.0596;0.0000;1.3780
190.5;2.6955;2.6717;-0.6084;0.0000;447;511;0.0147;-0.0598;-0.0144;0.0538;0.0606;0.0000;1.3780
191.0;2.7065;2.6841;-0.5962;0.0000;449;513;0.0147;-0.0568;-0.0144;0.0528;0.0606;0.0000;1.3780
191.5;2.7157;2.6964;-0.3405;0.0000;457;507;0.0049;-0.0495;-0.0158;0.0303;0.0606;0.0000;1.3780
192.0;2.7253;2.7092;-0.3679;0.0000;458;511;0.0049;-0.0407;-0.0158;0.0323;0.0606;0.0000;1.3858
192.5;2.7349;2.7216;-0.3954;0.0000;460;515;0.0049;-0.0334;-0.0158;0.0352;0.0616;0.0000;1.3858
193.0;2.7440;2.7340;-0.0725;0.0000;474;509;-0.0049;-0.0261;-0.0158;0.0059;0.0616;0.0000;1.3858
193.5;2.7541;2.7468;-0.1099;0.0000;474;515;0.0733;-0.0202;-0.0158;0.0098;0.0616;0.0000;1.3858
194.0;2.7651;2.7592;0.0992;0.0000;486;513;-0.0049;-0.0158;-0.0158;-0.0098;0.0616;0.0000;1.3937
194.5;2.7752;2.7715;-0.0885;0.0000;482;521;0.0733;-0.0100;-0.0158;0.0078;0.0616;0.0000;1.3937
195.0;2.7848;2.7839;0.0229;0.0000;488;519;0.0733;-0.0026;-0.0158;-0.0029;0.0616;0.0000;1.3937
195.5;2.7940;2.7967;-0.2267;0.0000;484;529;0.0049;0.0062;-0.0158;0.0196;0.0616;0.0000;1.3937
196.0;2.8040;2.8091;0.0076;0.0000;492;527;0.0733;0.0120;-0.0158;-0.0010;0.0616;0.0000;1.3937
196.5;2.8146;2.8214;0.0626;0.0000;498;529;0.0733;0.0164;-0.0158;-0.0059;0.0616;0.0000;1.4016
197.0;2.8251;2.8342;-0.2191;0.0000;494;541;0.0049;0.0223;-0.0158;0.0196;0.0616;0.0000;1.4016
197.5;2.8361;2.8466;-0.1359;0.0000;498;543;-0.0049;0.0252;-0.0158;0.0117;0.0616;0.0000;1.4016
198.0;2.8475;2.8590;-0.2733;0.0000;498;546;-0.0733;0.0281;-0.0158;0.0244;0.0616;0.0000;1.4016
198.5;2.8585;2.8718;0.0832;0.0000;507;539;-0.0049;0.0311;-0.0158;-0.0078;0.0616;0.0000;1.4094
199.0;2.8695;2.8842;-0.0198;0.0000;507;543;-0.0049;0.0355;-0.0144;0.0010;0.0616;0.0000;1.4094
199.5;2.8800;2.8965;0.1901;0.0000;515;541;-0.0147;0.0398;-0.0144;-0.0176;0.0616;0.0000;1.4094
200.0;2.8910;2.9089;-0.3389;0.0000;507;558;0.0831;0.0442;-0.0144;0.0303;0.0616;0.0000;1.4094
200.5;2.9025;2.9217;-0.3252;0.0000;509;562;0.0831;0.0472;-0.0144;0.0283;0.0616;0.0000;1.4094
201.0;2.9139;2.9341;-0.6679;0.0000;503;574;0.0929;0.0486;-0.0144;0.0596;0.0626;0.0000;1.4173
201.5;2.9277;2.9464;-0.5939;0.0000;505;572;0.0147;0.0472;-0.0144;0.0528;0.0626;0.0000;1.4173
202.0;2.9414;2.9592;-0.5626;0.0000;507;572;-0.0635;0.0428;-0.0144;0.0499;0.0626;0.0000;1.4173
202.5;2.9556;2.9716;-0.9954;0.0000;496;584;0.1124;0.0398;-0.0144;0.0890;0.0635;0.0000;1.4173
203.0;2.9712;2.9840;-1.1252;0.0000;492;586;0.0342;0.0325;-0.0129;0.1007;0.0635;0.0000;1.4252
203.5;2.9872;2.9968;-1.4389;0.0000;486;595;-0.0342;0.0223;-0.0129;0.1290;0.0645;0.0000;1.4252
204.0;3.0041;3.0092;-1.1565;0.0000;492;587;0.1124;0.0120;-0.0129;0.1036;0.0655;0.0000;1.4252
204.5;3.0201;3.0215;-1.3832;0.0000;486;591;0.1222;0.0032;-0.0129;0.1241;0.0655;0.0000;1.4252
205.0;3.0362;3.0339;-1.1351;0.0000;492;584;0.0342;-0.0056;-0.0129;0.1017;0.0665;0.0000;1.4252
205.5;3.0517;3.0467;-1.3046;0.0000;488;587;-0.0342;-0.0144;-0.0129;0.1173;0.0674;0.0000;1.4331
206.0;3.0668;3.0591;-1.1221;0.0000;490;582;0.1124;-0.0202;-0.0129;0.1007;0.0674;0.0000;1.4331
206.5;3.0797;3.0714;-1.1901;0.0000;490;586;0.1124;-0.0217;-0.0144;0.1065;0.0684;0.0000;1.4331
207.0;3.0925;3.0842;-0.7908;0.0000;501;578;0.0244;-0.0217;-0.0144;0.0704;0.0684;0.0000;1.4331
207.5;3.1053;3.0966;-0.4046;0.0000;513;570;0.0049;-0.0231;-0.0144;0.0362;0.0684;0.0000;1.4409
208.0;3.1186;3.1090;-0.4977;0.0000;511;572;-0.0635;-0.0246;-0.0144;0.0440;0.0694;0.0000;1.4409
208.5;3.1314;3.1218;-0.2015;0.0000;519;564;0.0049;-0.0246;-0.0144;0.0176;0.0694;0.0000;1.4409
209.0;3.1433;3.1342;-0.3557;0.0000;515;568;-0.0733;-0.0231;-0.0144;0.0313;0.0694;0.0000;1.4409
209.5;3.1548;3.1465;-0.0305;0.0000;525;560;0.0733;-0.0217;-0.0144;0.0020;0.0694;0.0000;1.4409
210.0;3.1662;3.1589;-0.1038;0.0000;523;566;0.0733;-0.0188;-0.0144;0.0088;0.0694;0.0000;1.4488
210.5;3.1772;3.1712;0.1756;0.0000;531;560;0.1417;-0.0144;-0.0144;-0.0166;0.0694;0.0000;1.4409
211.0;3.1891;3.1836;-0.0466;0.0000;523;566;0.0733;-0.0144;-0.0144;0.0039;0.0694;0.0000;1.4331
211.5;3.2001;3.1955;-0.0122;0.0000;523;562;-0.0049;-0.0114;-0.0144;0.0010;0.0694;0.0000;1.4173
212.0;3.2111;3.2074;0.2473;0.0000;527;554;-0.0147;-0.0100;-0.0144;-0.0225;0.0694;0.0000;1.4094
212.5;3.2230;3.2193;0.1626;0.0000;521;552;0.1417;-0.0100;-0.0144;-0.0147;0.0694;0.0000;1.4016
213.0;3.2340;3.2308;0.2656;0.0000;519;550;0.1417;-0.0085;-0.0144;-0.0244;0.0694;0.0000;1.3937
213.5;3.2454;3.2422;-0.1275;0.0000;507;558;0.0733;-0.0100;-0.0144;0.0108;0.0694;0.0000;1.3858
214.0;3.2564;3.2537;-0.0099;0.0000;509;554;-0.0049;-0.0085;-0.0144;-0.0000;0.0694;0.0000;1.3780
214.5;3.2674;3.2647;-0.3046;0.0000;501;560;0.0049;-0.0085;-0.0144;0.0264;0.0694;0.0000;1.3701
215.0;3.2779;3.2756;-0.0527;0.0000;505;550;0.0733;-0.0070;-0.0144;0.0039;0.0694;0.0000;1.3622
215.5;3.2880;3.2862;-0.1580;0.0000;500;550;0.0049;-0.0041;-0.0144;0.0137;0.0694;0.0000;1.3543
216.0;3.2967;3.2967;0.0763;0.0000;503;541;-0.0049;0.0003;-0.0144;-0.0078;0.0694;0.0000;1.3386
216.5;3.3045;3.3072;-0.0183;0.0000;500;543;0.0733;0.0062;-0.0144;0.0010;0.0694;0.0000;1.3307
217.0;3.3123;3.3178;-0.0863;0.0000;498;543;-0.0049;0.0135;-0.0144;0.0068;0.0694;0.0000;1.3228
217.5;3.3191;3.3278;0.1947;0.0000;503;535;-0.0147;0.0208;-0.0144;-0.0176;0.0694;0.0000;1.3150
218.0;3.3269;3.3379;0.2084;0.0000;503;533;-0.0929;0.0267;-0.0144;-0.0196;0.0694;0.0000;1.3071
218.5;3.3347;3.3475;0.3481;0.0000;507;531;-0.0147;0.0311;-0.0144;-0.0323;0.0694;0.0000;1.2992
219.0;3.3429;3.3576;-0.0107;0.0000;498;539;-0.0049;0.0355;-0.0144;-0.0000;0.0694;0.0000;1.2913
219.5;3.3494;3.3668;0.1122;0.0000;498;533;-0.0049;0.0428;-0.0144;-0.0108;0.0684;0.0000;1.2835
220.0;3.3567;3.3764;-0.1550;0.0000;490;539;0.0831;0.0486;-0.0144;0.0137;0.0694;0.0000;1.2677
220.5;3.3631;3.3855;0.0107;0.0000;494;533;-0.0049;0.0560;-0.0129;-0.0020;0.0694;0.0000;1.2598
221.0;3.3686;3.3947;0.0405;0.0000;494;533;-0.0049;0.0633;-0.0129;-0.0039;0.0694;0.0000;1.2520
221.5;3.3745;3.4034;-0.1336;0.0000;490;537;0.0733;0.0721;-0.0129;0.0117;0.0694;0.0000;1.2441
222.0;3.3800;3.4121;-0.1947;0.0000;490;539;0.0831;0.0794;-0.0129;0.0166;0.0694;0.0000;1.2362
222.5;3.3864;3.4208;-0.2695;0.0000;488;541;0.0831;0.0853;-0.0129;0.0235;0.0694;0.0000;1.2283
223.0;3.3933;3.4290;-0.0756;0.0000;490;533;-0.0049;0.0897;-0.0114;0.0059;0.0694;0.0000;1.2126
223.5;3.4002;3.4377;-0.2580;0.0000;484;537;0.0831;0.0926;-0.0114;0.0225;0.0694;0.0000;1.2047
224.0;3.4075;3.4455;-0.1153;0.0000;486;531;0.0733;0.0941;-0.0114;0.0098;0.0694;0.0000;1.1969
224.5;3.4148;3.4538;-0.3939;0.0000;476;539;0.0831;0.0955;-0.0114;0.0352;0.0694;0.0000;1.1890
225.0;3.4231;3.4615;-0.3168;0.0000;478;535;0.0049;0.0955;-0.0100;0.0283;0.0694;0.0000;1.1811
225.5;3.4318;3.4689;-0.5779;0.0000;470;541;-0.0635;0.0926;-0.0100;0.0518;0.0704;0.0000;1.1732
226.0;3.4400;3.4766;-0.4672;0.0000;470;533;0.0147;0.0911;-0.0100;0.0411;0.0704;0.0000;1.1575
226.5;3.4483;3.4840;-0.5298;0.0000;466;531;-0.0635;0.0882;-0.0100;0.0469;0.0704;0.0000;1.1496
227.0;3.4574;3.4913;-0.6092;0.0000;462;531;-0.1417;0.0838;-0.0085;0.0547;0.0714;0.0000;1.1417
227.5;3.4657;3.4982;-0.5267;0.0000;462;523;-0.1417;0.0809;-0.0085;0.0469;0.0714;0.0000;1.1339
228.0;3.4739;3.5050;-0.5924;0.0000;458;521;-0.0635;0.0779;-0.0085;0.0528;0.0714;0.0000;1.1260
228.5;3.4817;3.5119;-0.3130;0.0000;462;511;0.0049;0.0735;-0.0085;0.0274;0.0714;0.0000;1.1181
229.0;3.4899;3.5183;-0.2351;0.0000;462;507;-0.0733;0.0706;-0.0085;0.0205;0.0714;0.0000;1.1024
229.5;3.4991;3.5247;-0.0092;0.0000;464;498;-0.0831;0.0633;-0.0070;-0.0000;0.0714;0.0000;1.0945
230.0;3.5073;3.5311;-0.0626;0.0000;460;496;-0.0831;0.0589;-0.0070;0.0049;0.0714;0.0000;1.0866
230.5;3.5147;3.5371;0.0840;0.0000;458;488;-0.0831;0.0545;-0.0070;-0.0078;0.0714;0.0000;1.0787
231.0;3.5215;3.5430;0.1115;0.0000;455;484;-0.0049;0.0530;-0.0070;-0.0108;0.0714;0.0000;1.0709
231.5;3.5288;3.5490;0.1489;0.0000;453;478;0.0635;0.0486;-0.0070;-0.0137;0.0714;0.0000;1.0551
232.0;3.5357;3.5545;0.2435;0.0000;453;474;-0.0147;0.0457;-0.0070;-0.0225;0.0714;0.0000;1.0472
232.5;3.5421;3.5600;0.1550;0.0000;447;472;0.0635;0.0428;-0.0056;-0.0147;0.0714;0.0000;1.0394
233.0;3.5485;3.5650;0.2374;0.0000;445;466;-0.0147;0.0413;-0.0056;-0.0215;0.0714;0.0000;1.0315
233.5;3.5554;3.5705;0.2160;0.0000;441;466;0.1417;0.0369;-0.0056;-0.0196;0.0714;0.0000;1.0236
234.0;3.5618;3.5755;0.2206;0.0000;435;462;0.2199;0.0325;-0.0056;-0.0205;0.0714;0.0000;1.0079
234.5;3.5682;3.5801;0.1153;0.0000;427;460;0.1515;0.0296;-0.0056;-0.0108;0.0714;0.0000;1.0000
235.0;3.5746;3.5847;0.1351;0.0000;423;457;0.0733;0.0252;-0.0056;-0.0127;0.0714;0.0000;0.9921
235.5;3.5806;3.5893;-0.0672;0.0000;415;458;0.0733;0.0208;-0.0056;0.0059;0.0714;0.0000;0.9843
236.0;3.5865;3.5939;-0.0389;0.0000;413;455;0.0733;0.0179;-0.0056;0.0029;0.0714;0.0000;0.9685
236.5;3.5916;3.5980;0.0305;0.0000;412;451;0.1515;0.0149;-0.0056;-0.0029;0.0714;0.0000;0.9606
237.0;3.5962;3.6021;0.0985;0.0000;410;445;0.0733;0.0135;-0.0056;-0.0098;0.0714;0.0000;0.9528
237.5;3.5989;3.6058;0.0832;0.0000;406;443;-0.0049;0.0164;-0.0056;-0.0078;0.0714;0.0000;0.9449
238.0;3.6007;3.6099;-0.0740;0.0000;402;443;-0.0831;0.0208;-0.0056;0.0059;0.0714;0.0000;0.9291
238.5;3.6030;3.6131;0.1412;0.0000;404;435;-0.0147;0.0252;-0.0056;-0.0137;0.0704;0.0000;0.9213
239.0;3.6053;3.6168;-0.0718;0.0000;398;439;-0.0049;0.0281;-0.0056;0.0059;0.0714;0.0000;0.9134
239.5;3.6067;3.6200;0.1321;0.0000;400;431;-0.0049;0.0325;-0.0041;-0.0127;0.0704;0.0000;0.9055
240.0;3.6081;3.6232;0.0099;0.0000;394;431;-0.0049;0.0369;-0.0041;-0.0010;0.0704;0.0000;0.8898
240.5;3.6099;3.6259;0.0115;0.0000;394;431;-0.0049;0.0398;-0.0041;-0.0020;0.0704;0.0000;0.8819
241.0;3.6113;3.6291;-0.0420;0.0000;390;429;-0.0831;0.0442;-0.0041;0.0029;0.0704;0.0000;0.8740
241.5;3.6126;3.6314;0.1626;0.0000;394;423;-0.0147;0.0472;-0.0041;-0.0147;0.0704;0.0000;0.8661
242.0;3.6131;3.6342;0.3542;0.0000;396;415;0.0635;0.0516;-0.0041;-0.0323;0.0704;0.0000;0.8504
242.5;3.6136;3.6364;0.4008;0.0000;396;413;0.0635;0.0560;-0.0041;-0.0362;0.0704;0.0000;0.8425
243.0;3.6140;3.6387;0.5008;0.0000;396;410;0.0538;0.0604;-0.0041;-0.0459;0.0704;0.0000;0.8346
243.5;3.6131;3.6406;0.2527;0.0000;386;413;0.0635;0.0677;-0.0026;-0.0235;0.0704;0.0000;0.8268
244.0;3.6126;3.6424;0.4397;0.0000;390;408;-0.0244;0.0735;-0.0026;-0.0401;0.0694;0.0000;0.8110
244.5;3.6145;3.6442;0.3061;0.0000;386;410;-0.0147;0.0735;-0.0026;-0.0283;0.0694;0.0000;0.8031
245.0;3.6168;3.6456;0.5466;0.0000;390;402;0.0538;0.0721;-0.0026;-0.0499;0.0694;0.0000;0.7953
245.5;3.6190;3.6474;0.4069;0.0000;384;404;0.0635;0.0691;-0.0026;-0.0371;0.0694;0.0000;0.7795
246.0;3.6209;3.6484;0.2977;0.0000;378;402;-0.0147;0.0677;-0.0012;-0.0274;0.0694;0.0000;0.7717
246.5;3.6218;3.6497;0.2084;0.0000;372;400;-0.0929;0.0677;-0.0012;-0.0196;0.0684;0.0000;0.7638
247.0;3.6245;3.6506;0.1420;0.0000;369;398;-0.1711;0.0648;-0.0012;-0.0137;0.0684;0.0000;0.7559
247.5;3.6259;3.6511;0.3641;0.0000;370;388;-0.0929;0.0618;-0.0012;-0.0332;0.0684;0.0000;0.7402
248.0;3.6277;3.6520;0.1832;0.0000;365;388;-0.1711;0.0589;-0.0012;-0.0166;0.0684;0.0000;0.7323
248.5;3.6282;3.6525;0.3573;0.0000;367;380;-0.1711;0.0589;-0.0012;-0.0323;0.0684;0.0000;0.7244
249.0;3.6287;3.6525;0.1695;0.0000;361;384;-0.0147;0.0604;0.0003;-0.0156;0.0684;0.0000;0.7087
249.5;3.6296;3.6529;0.3527;0.0000;363;374;-0.2493;0.0574;0.0003;-0.0323;0.0684;0.0000;0.7008
250.0;3.6319;3.6529;0.4313;0.0000;361;370;-0.1808;0.0516;0.0003;-0.0391;0.0674;0.0000;0.6929
250.5;3.6342;3.6525;0.6023;0.0000;361;363;-0.0244;0.0457;0.0003;-0.0547;0.0674;0.0000;0.6850
251.0;3.6369;3.6525;0.5534;0.0000;355;359;-0.0244;0.0384;0.0003;-0.0508;0.0674;0.0000;0.6772
251.5;3.6378;3.6520;0.3267;0.0000;345;361;-0.0147;0.0340;0.0003;-0.0303;0.0674;0.0000;0.6693
252.0;3.6383;3.6511;0.2191;0.0000;339;361;-0.0147;0.0311;0.0003;-0.0205;0.0674;0.0000;0.6614
252.5;3.6392;3.6506;0.1878;0.0000;337;359;0.0635;0.0281;0.0003;-0.0176;0.0665;0.0000;0.6535
253.0;3.6397;3.6497;0.3275;0.0000;337;353;-0.0147;0.0237;0.0018;-0.0303;0.0665;0.0000;0.6457
253.5;3.6401;3.6484;0.2137;0.0000;331;355;0.0635;0.0208;0.0018;-0.0196;0.0665;0.0000;0.6378
254.0;3.6401;3.6474;0.4504;0.0000;333;345;0.0538;0.0164;0.0018;-0.0411;0.0665;0.0000;0.6299
254.5;3.6410;3.6456;0.2649;0.0000;326;345;-0.0147;0.0120;0.0018;-0.0244;0.0665;0.0000;0.6220
255.0;3.6415;3.6442;0.3817;0.0000;324;339;0.0635;0.0062;0.0018;-0.0352;0.0665;0.0000;0.6142
255.5;3.6424;3.6424;0.5053;0.0000;322;331;0.1320;0.0003;0.0018;-0.0459;0.0655;0.0000;0.6063
256.0;3.6433;3.6406;0.4992;0.0000;318;331;0.1320;-0.0070;0.0018;-0.0459;0.0655;0.0000;0.5984
256.5;3.6442;3.6387;0.4786;0.0000;314;327;0.1320;-0.0144;0.0018;-0.0440;0.0655;0.0000;0.5906
257.0;3.6447;3.6364;0.2679;0.0000;304;329;0.0635;-0.0217;0.0018;-0.0244;0.0655;0.0000;0.5827
257.5;3.6451;3.6342;0.3275;0.0000;302;326;0.0635;-0.0290;0.0003;-0.0303;0.0655;0.0000;0.5748
258.0;3.6442;3.6314;0.1656;0.0000;292;324;0.0635;-0.0319;0.0003;-0.0156;0.0655;0.0000;0.5669
258.5;3.6419;3.6291;0.4122;0.0000;294;314;-0.0147;-0.0334;0.0003;-0.0371;0.0645;0.0000;0.5512
259.0;3.6406;3.6259;0.3397;0.0000;290;312;0.0635;-0.0363;0.0003;-0.0313;0.0645;0.0000;0.5433
259.5;3.6374;3.6232;0.4634;0.0000;290;306;0.1320;-0.0363;0.0003;-0.0420;0.0645;0.0000;0.5354
260.0;3.6332;3.6200;0.3580;0.0000;284;308;0.0635;-0.0334;0.0003;-0.0323;0.0645;0.0000;0.5276
260.5;3.6291;3.6168;0.4908;0.0000;286;300;-0.0244;-0.0319;0.0003;-0.0450;0.0635;0.0000;0.5197
261.0;3.6245;3.6131;0.6023;0.0000;288;296;0.0538;-0.0290;0.0003;-0.0547;0.0635;0.0000;0.5118
261.5;3.6209;3.6099;0.6840;0.0000;286;292;0.1320;-0.0290;0.0003;-0.0626;0.0635;0.0000;0.5039
262.0;3.6163;3.6058;0.6901;0.0000;284;290;0.1222;-0.0261;0.0003;-0.0626;0.0626;0.0000;0.4961
262.5;3.6122;3.6021;0.4962;0.0000;277;292;0.0538;-0.0261;0.0003;-0.0450;0.0626;0.0000;0.4882
263.0;3.6067;3.5980;0.6412;0.0000;279;286;-0.0244;-0.0217;0.0003;-0.0587;0.0626;0.0000;0.4803
263.5;3.6007;3.5939;0.5908;0.0000;277;286;-0.0244;-0.0173;0.0003;-0.0538;0.0626;0.0000;0.4724
264.0;3.5948;3.5893;0.6687;0.0000;277;283;0.0538;-0.0144;0.0003;-0.0606;0.0616;0.0000;0.4646
264.5;3.5888;3.5847;0.6168;0.0000;273;283;0.1320;-0.0100;-0.0012;-0.0557;0.0616;0.0000;0.4567
265.0;3.5824;3.5801;0.5893;0.0000;271;283;0.0538;-0.0070;-0.0012;-0.0538;0.0616;0.0000;0.4488
265.5;3.5755;3.5755;0.4603;0.0000;267;283;0.0538;-0.0012;-0.0012;-0.0420;0.0606;0.0000;0.4409
266.0;3.5682;3.5705;0.4931;0.0000;265;281;0.0538;0.0047;-0.0012;-0.0450;0.0606;0.0000;0.4331
266.5;3.5614;3.5650;0.5947;0.0000;267;275;-0.0244;0.0091;0.0003;-0.0538;0.0606;0.0000;0.4173
267.0;3.5549;3.5600;0.5840;0.0000;265;275;-0.0244;0.0105;0.0003;-0.0528;0.0606;0.0000;0.4094
267.5;3.5495;3.5545;0.7130;0.0000;267;269;-0.0342;0.0120;0.0003;-0.0645;0.0596;0.0000;0.4016
268.0;3.5440;3.5490;0.7939;0.0000;267;265;-0.0342;0.0105;0.0003;-0.0723;0.0596;0.0000;0.3937
268.5;3.5389;3.5430;0.8389;0.0000;265;261;-0.0342;0.0091;0.0003;-0.0762;0.0587;0.0000;0.3858
269.0;3.5353;3.5371;0.7603;0.0000;261;261;-0.1906;0.0032;0.0003;-0.0694;0.0587;0.0000;0.3780
269.5;3.5321;3.5311;0.9214;0.0000;263;251;-0.1906;-0.0041;0.0003;-0.0831;0.0577;0.0000;0.3701
270.0;3.5288;3.5247;0.8328;0.0000;255;247;-0.1124;-0.0114;0.0003;-0.0753;0.0577;0.0000;0.3622
270.5;3.5252;3.5183;0.8000;0.0000;251;245;-0.0342;-0.0173;0.0003;-0.0723;0.0577;0.0000;0.3543
271.0;3.5215;3.5119;0.7160;0.0000;245;241;0.0440;-0.0246;-0.0012;-0.0645;0.0567;0.0000;0.3465
271.5;3.5183;3.5050;0.6733;0.0000;241;239;-0.0244;-0.0334;-0.0012;-0.0616;0.0567;0.0000;0.3307
272.0;3.5160;3.4982;0.6725;0.0000;238;236;-0.0244;-0.0451;-0.0012;-0.0606;0.0567;0.0000;0.3228
272.5;3.5128;3.4913;0.6557;0.0000;232;232;-0.0244;-0.0554;-0.0012;-0.0596;0.0557;0.0000;0.3150
273.0;3.5092;3.4840;0.7405;0.0000;230;226;-0.0342;-0.0642;-0.0012;-0.0674;0.0557;0.0000;0.3071
273.5;3.5046;3.4766;0.6595;0.0000;224;224;0.0538;-0.0715;-0.0012;-0.0596;0.0557;0.0000;0.2992
274.0;3.4995;3.4689;0.8031;0.0000;222;214;0.0440;-0.0774;-0.0012;-0.0723;0.0547;0.0000;0.2913
274.5;3.4931;3.4615;0.7641;0.0000;216;212;0.0440;-0.0803;-0.0026;-0.0694;0.0547;0.0000;0.2835
275.0;3.4853;3.4538;0.9046;0.0000;218;204;0.0440;-0.0803;-0.0026;-0.0821;0.0538;0.0000;0.2756
275.5;3.4776;3.4455;0.8733;0.0000;212;202;0.1222;-0.0803;-0.0026;-0.0792;0.0538;0.0000;0.2598
276.0;3.4707;3.4377;0.8885;0.0000;208;200;0.1222;-0.0847;-0.0026;-0.0802;0.0528;0.0000;0.2520
276.5;3.4634;3.4290;0.8740;0.0000;204;198;0.1222;-0.0861;-0.0041;-0.0792;0.0528;0.0000;0.2441
277.0;3.4556;3.4208;0.7649;0.0000;198;198;0.1222;-0.0876;-0.0041;-0.0694;0.0518;0.0000;0.2362
277.5;3.4469;3.4121;0.7542;0.0000;195;195;0.0440;-0.0876;-0.0041;-0.0684;0.0518;0.0000;0.2283
278.0;3.4400;3.4034;0.6153;0.0000;191;195;-0.0244;-0.0920;-0.0041;-0.0557;0.0518;0.0000;0.2205
278.5;3.4322;3.3947;0.5763;0.0000;185;193;0.0538;-0.0949;-0.0056;-0.0528;0.0518;0.0000;0.2126
279.0;3.4235;3.3855;0.4847;0.0000;179;191;0.0538;-0.0964;-0.0056;-0.0440;0.0508;0.0000;0.1969
279.5;3.4135;3.3764;0.5695;0.0000;179;185;-0.0244;-0.0935;-0.0056;-0.0518;0.0508;0.0000;0.1890
280.0;3.4020;3.3668;0.5435;0.0000;177;183;0.0538;-0.0891;-0.0056;-0.0499;0.0508;0.0000;0.1811
280.5;3.3901;3.3576;0.6405;0.0000;177;179;-0.0244;-0.0832;-0.0070;-0.0587;0.0499;0.0000;0.1732
281.0;3.3787;3.3475;0.5244;0.0000;173;181;-0.1026;-0.0788;-0.0070;-0.0479;0.0499;0.0000;0.1654
281.5;3.3672;3.3379;0.5031;0.0000;171;179;-0.0244;-0.0744;-0.0070;-0.0459;0.0499;0.0000;0.1575
282.0;3.3558;3.3278;0.6366;0.0000;171;173;0.1320;-0.0700;-0.0070;-0.0577;0.0499;0.0000;0.1417
282.5;3.3434;3.3178;0.6504;0.0000;169;171;-0.0244;-0.0656;-0.0070;-0.0587;0.0489;0.0000;0.1339
283.0;3.3310;3.3077;0.8244;0.0000;175;167;-0.1124;-0.0598;-0.0070;-0.0743;0.0489;0.0000;0.1417
283.5;3.3182;3.2976;0.8496;0.0000;179;169;-0.0342;-0.0510;-0.0085;-0.0772;0.0479;0.0000;0.1496
284.0;3.3049;3.2880;0.7733;0.0000;181;175;0.1222;-0.0422;-0.0085;-0.0704;0.0479;0.0000;0.1575
284.5;3.2917;3.2788;0.6580;0.0000;181;181;0.0538;-0.0334;-0.0085;-0.0596;0.0479;0.0000;0.1654
285.0;3.2784;3.2692;0.6252;0.0000;183;185;0.0538;-0.0246;-0.0085;-0.0567;0.0469;0.0000;0.1654
285.5;3.2642;3.2601;0.5954;0.0000;185;187;0.0538;-0.0114;-0.0085;-0.0538;0.0469;0.0000;0.1732
286.0;3.2509;3.2509;0.5038;0.0000;187;193;0.0538;0.0003;-0.0085;-0.0459;0.0469;0.0000;0.1811
286.5;3.2386;3.2422;0.5672;0.0000;191;195;0.0538;0.0076;-0.0085;-0.0518;0.0459;0.0000;0.1890
287.0;3.2262;3.2335;0.4847;0.0000;193;198;-0.0244;0.0164;-0.0085;-0.0440;0.0459;0.0000;0.1969
287.5;3.2147;3.2248;0.4542;0.0000;195;202;-0.0244;0.0237;-0.0085;-0.0411;0.0459;0.0000;0.2047
288.0;3.2033;3.2161;0.4916;0.0000;200;204;-0.0244;0.0311;-0.0085;-0.0450;0.0459;0.0000;0.2047
288.5;3.1928;3.2079;0.4977;0.0000;202;206;-0.0244;0.0369;-0.0085;-0.0450;0.0450;0.0000;0.2126
289.0;3.1813;3.2001;0.5924;0.0000;208;206;-0.0244;0.0457;-0.0070;-0.0538;0.0450;0.0000;0.2205
289.5;3.1703;3.1918;0.6015;0.0000;212;210;-0.0244;0.0530;-0.0070;-0.0547;0.0450;0.0000;0.2283
290.0;3.1603;3.1841;0.7695;0.0000;220;208;-0.1124;0.0589;-0.0070;-0.0694;0.0440;0.0000;0.2362
290.5;3.1520;3.1763;0.7321;0.0000;222;212;-0.1124;0.0604;-0.0070;-0.0665;0.0440;0.0000;0.2441
291.0;3.1442;3.1690;0.8366;0.0000;226;210;-0.2688;0.0618;-0.0070;-0.0762;0.0440;0.0000;0.2441
291.5;3.1364;3.1616;0.8771;0.0000;230;210;-0.1124;0.0618;-0.0070;-0.0792;0.0430;0.0000;0.2520
292.0;3.1300;3.1543;0.8489;0.0000;232;212;-0.1124;0.0604;-0.0056;-0.0772;0.0430;0.0000;0.2598
292.5;3.1255;3.1474;0.8664;0.0000;234;212;-0.1124;0.0545;-0.0056;-0.0782;0.0420;0.0000;0.2677
293.0;3.1218;3.1406;0.6962;0.0000;230;218;-0.1906;0.0457;-0.0056;-0.0635;0.0420;0.0000;0.2756
293.5;3.1200;3.1337;0.6710;0.0000;230;218;-0.1026;0.0340;-0.0056;-0.0606;0.0420;0.0000;0.2835
294.0;3.1186;3.1273;0.6038;0.0000;228;218;-0.0244;0.0208;-0.0056;-0.0547;0.0411;0.0000;0.2913
294.5;3.1181;3.1209;0.5916;0.0000;226;216;-0.1026;0.0062;-0.0056;-0.0538;0.0411;0.0000;0.2992
295.0;3.1168;3.1145;0.4382;0.0000;222;218;-0.1026;-0.0056;-0.0056;-0.0401;0.0411;0.0000;0.2992
295.5;3.1149;3.1085;0.5046;0.0000;222;214;-0.1026;-0.0173;-0.0056;-0.0459;0.0401;0.0000;0.3071
296.0;3.1122;3.1026;0.4023;0.0000;220;218;-0.0147;-0.0246;-0.0056;-0.0371;0.0401;0.0000;0.3150
296.5;3.1099;3.0966;0.3473;0.0000;218;218;-0.0147;-0.0334;-0.0056;-0.0323;0.0401;0.0000;0.3228
297.0;3.1076;3.0911;0.3748;0.0000;218;218;-0.0147;-0.0422;-0.0056;-0.0342;0.0401;0.0000;0.3307
297.5;3.1044;3.0856;0.4336;0.0000;218;216;0.0538;-0.0481;-0.0056;-0.0391;0.0401;0.0000;0.3386
298.0;3.1016;3.0801;0.4198;0.0000;218;218;0.1320;-0.0539;-0.0070;-0.0381;0.0391;0.0000;0.3465
298.5;3.0989;3.0751;0.3534;0.0000;214;220;0.0635;-0.0612;-0.0070;-0.0323;0.0391;0.0000;0.3543
299.0;3.0962;3.0701;0.4985;0.0000;218;216;0.0538;-0.0656;-0.0070;-0.0450;0.0391;0.0000;0.3622
299.5;3.0939;3.0655;0.4397;0.0000;218;218;-0.0244;-0.0715;-0.0070;-0.0401;0.0391;0.0000;0.3622
300.0;3.0907;3.0604;0.5947;0.0000;220;214;-0.0244;-0.0759;-0.0070;-0.0538;0.0391;0.0000;0.3701
300.5;3.0875;3.0563;0.5603;0.0000;220;216;0.1320;-0.0788;-0.0085;-0.0508;0.0381;0.0000;0.3780
301.0;3.0842;3.0517;0.4504;0.0000;218;220;0.1320;-0.0817;-0.0085;-0.0411;0.0381;0.0000;0.3858
301.5;3.0806;3.0476;0.3084;0.0000;214;224;0.0635;-0.0832;-0.0085;-0.0283;0.0381;0.0000;0.3937
302.0;3.0765;3.0435;0.2634;0.0000;214;226;0.0635;-0.0832;-0.0085;-0.0244;0.0381;0.0000;0.4016
302.5;3.0728;3.0394;0.1817;0.0000;212;230;0.0635;-0.0832;-0.0085;-0.0166;0.0381;0.0000;0.4094
303.0;3.0673;3.0357;0.1313;0.0000;214;232;-0.0049;-0.0803;-0.0100;-0.0127;0.0381;0.0000;0.4173
303.5;3.0618;3.0321;0.1313;0.0000;216;234;-0.0049;-0.0744;-0.0100;-0.0127;0.0371;0.0000;0.4252
304.0;3.0554;3.0288;0.0282;0.0000;216;238;-0.0049;-0.0671;-0.0100;-0.0029;0.0371;0.0000;0.4331
304.5;3.0499;3.0256;0.0710;0.0000;220;239;-0.0049;-0.0627;-0.0100;-0.0068;0.0371;0.0000;0.4409
305.0;3.0444;3.0224;0.1229;0.0000;226;241;0.0733;-0.0568;-0.0100;-0.0117;0.0371;0.0000;0.4488
305.5;3.0394;3.0192;0.1947;0.0000;230;241;-0.0929;-0.0510;-0.0100;-0.0176;0.0371;0.0000;0.4567
306.0;3.0343;3.0165;0.2573;0.0000;234;241;-0.0147;-0.0451;-0.0114;-0.0235;0.0371;0.0000;0.4646
306.5;3.0298;3.0137;0.3374;0.0000;238;243;0.0635;-0.0407;-0.0114;-0.0313;0.0371;0.0000;0.4646
307.0;3.0252;3.0114;0.4221;0.0000;243;243;-0.0244;-0.0363;-0.0114;-0.0381;0.0371;0.0000;0.4724
307.5;3.0206;3.0092;0.4733;0.0000;247;245;-0.0244;-0.0290;-0.0114;-0.0430;0.0362;0.0000;0.4803
308.0;3.0156;3.0069;0.6229;0.0000;253;245;-0.0244;-0.0217;-0.0114;-0.0567;0.0362;0.0000;0.4882
308.5;3.0114;3.0050;0.5321;0.0000;255;251;-0.0244;-0.0173;-0.0114;-0.0489;0.0362;0.0000;0.4961
309.0;3.0078;3.0032;0.5695;0.0000;257;251;-0.1026;-0.0129;-0.0114;-0.0518;0.0362;0.0000;0.5039
309.5;3.0032;3.0014;0.4893;0.0000;261;257;-0.0244;-0.0056;-0.0114;-0.0450;0.0352;0.0000;0.5118
310.0;2.9986;3.0000;0.4939;0.0000;263;261;0.0538;0.0032;-0.0114;-0.0450;0.0352;0.0000;0.5276
310.5;2.9945;3.0000;0.4733;0.0000;284;283;-0.0244;0.0120;-0.0114;-0.0430;0.0352;0.0000;0.5984
311.0;2.9908;3.0000;0.5573;0.0000;288;283;-0.0244;0.0208;-0.0114;-0.0508;0.0352;0.0000;0.5984
311.5;2.9876;3.0000;0.5954;0.0000;290;284;0.0538;0.0296;-0.0114;-0.0538;0.0342;0.0000;0.5984
312.0;2.9849;3.0000;0.5160;0.0000;290;286;-0.0244;0.0369;-0.0114;-0.0469;0.0342;0.0000;0.5984
312.5;2.9831;3.0000;0.5206;0.0000;294;288;-0.0244;0.0413;-0.0114;-0.0469;0.0342;0.0000;0.5984
313.0;2.9817;3.0000;0.5084;0.0000;294;290;-0.0244;0.0442;-0.0114;-0.0459;0.0332;0.0000;0.5984
313.5;2.9821;3.0000;0.6053;0.0000;298;290;-0.0244;0.0442;-0.0100;-0.0547;0.0332;0.0000;0.5984
314.0;2.9812;3.0000;0.5802;0.0000;298;290;-0.0244;0.0457;-0.0100;-0.0528;0.0332;0.0000;0.5984
314.5;2.9803;3.0000;0.6336;0.0000;300;290;-0.0244;0.0472;-0.0100;-0.0577;0.0332;0.0000;0.5984
315.0;2.9785;3.0000;0.4573;0.0000;298;294;-0.0244;0.0530;-0.0100;-0.0420;0.0323;0.0000;0.5984
315.5;2.9776;3.0000;0.4023;0.0000;296;296;-0.0929;0.0545;-0.0100;-0.0371;0.0323;0.0000;0.5984
316.0;2.9785;3.0000;0.3710;0.0000;296;296;-0.2493;0.0530;-0.0100;-0.0342;0.0323;0.0000;0.5984
316.5;2.9799;3.0000;0.3374;0.0000;298;296;-0.2493;0.0501;-0.0100;-0.0313;0.0323;0.0000;0.5984
317.0;2.9817;3.0000;0.2649;0.0000;296;296;-0.0929;0.0442;-0.0085;-0.0244;0.0323;0.0000;0.5984
317.5;2.9835;3.0000;0.1008;0.0000;292;300;-0.1613;0.0398;-0.0085;-0.0098;0.0323;0.0000;0.5984
318.0;2.9853;3.0000;0.1099;0.0000;292;298;-0.0831;0.0355;-0.0085;-0.0108;0.0323;0.0000;0.5984
318.5;2.9881;3.0000;0.0176;0.0000;288;300;-0.0831;0.0281;-0.0085;-0.0020;0.0323;0.0000;0.5984
319.0;2.9918;3.0000;0.1084;0.0000;288;296;-0.0049;0.0193;-0.0085;-0.0098;0.0313;0.0000;0.5984
319.5;2.9950;3.0000;0.0122;0.0000;284;296;-0.0049;0.0105;-0.0085;-0.0020;0.0313;0.0000;0.5984
320.0;2.9986;3.0000;0.0519;0.0000;284;294;-0.0831;0.0018;-0.0085;-0.0049;0.0313;0.0000;0.5984
320.5;3.0014;3.0000;-0.0351;0.0000;281;294;-0.0049;-0.0041;-0.0085;0.0029;0.0313;0.0000;0.5984
321.0;3.0032;3.0000;-0.0702;0.0000;277;294;-0.0049;-0.0100;-0.0085;0.0059;0.0313;0.0000;0.5984
321.5;3.0050;3.0000;-0.0763;0.0000;277;294;-0.0049;-0.0144;-0.0085;0.0068;0.0323;0.0000;0.5984
322.0;3.0060;3.0000;0.0511;0.0000;279;290;-0.0049;-0.0158;-0.0085;-0.0049;0.0313;0.0000;0.5984
322.5;3.0073;3.0000;0.0786;0.0000;279;288;0.0733;-0.0188;-0.0085;-0.0078;0.0313;0.0000;0.5984
323.0;3.0092;3.0000;0.0321;0.0000;275;290;0.1515;-0.0246;-0.0085;-0.0029;0.0313;0.0000;0.5984
323.5;3.0114;3.0000;0.0756;-0.0252;283;281;0.0733;-0.0290;-0.0085;-0.0098;0.0313;-0.0353;0.5984
324.0;3.0128;3.0000;0.0076;-0.0756;288;273;0.0733;-0.0334;-0.0085;-0.0078;0.0313;-0.0667;0.5984
324.5;3.0147;3.0000;-0.0336;-0.1504;296;263;0.0733;-0.0378;-0.0100;-0.0108;0.0313;-0.1020;0.5984
325.0;3.0160;3.0000;-0.0779;-0.2504;306;251;0.0733;-0.0407;-0.0100;-0.0156;0.0313;-0.1333;0.5984
325.5;3.0169;3.0000;-0.1405;-0.3756;314;241;0.1613;-0.0437;-0.0100;-0.0215;0.0313;-0.1686;0.5984
326.0;3.0174;3.0000;-0.1725;-0.5252;324;230;0.0049;-0.0451;-0.0100;-0.0323;0.0313;-0.2000;0.5984
326.5;3.0174;3.0000;-0.2053;-0.7000;333;218;0.0049;-0.0451;-0.0100;-0.0450;0.0313;-0.2353;0.5984
327.0;3.0183;3.0000;-0.3924;-0.9008;341;210;0.0831;-0.0466;-0.0100;-0.0459;0.0303;-0.2706;0.5984
327.5;3.0188;3.0000;-0.4878;-1.1252;355;198;0.0147;-0.0481;-0.0100;-0.0577;0.0303;-0.3059;0.5984
328.0;3.0179;3.0000;-0.5427;-1.3756;367;185;0.0147;-0.0466;-0.0100;-0.0753;0.0303;-0.3373;0.5984
328.5;3.0160;3.0000;-0.6557;-1.6504;380;171;-0.0635;-0.0422;-0.0114;-0.0899;0.0293;-0.3725;0.5984
329.0;3.0147;3.0000;-0.7618;-1.9504;394;159;-0.0538;-0.0378;-0.0114;-0.1075;0.0283;-0.4078;0.5984
329.5;3.0133;3.0000;-0.8351;-2.2756;412;146;-0.1320;-0.0349;-0.0114;-0.1300;0.0283;-0.4431;0.5984
330.0;3.0119;3.0000;-1.1641;-2.6252;419;138;0.1124;-0.0305;-0.0114;-0.1320;0.0274;-0.4784;0.5984
330.5;3.0105;3.0000;-1.5809;-3.0000;429;130;0.0538;-0.0275;-0.0114;-0.1281;0.0264;-0.5137;0.5984
331.0;3.0078;3.0000;-1.8824;-3.4008;443;118;-0.0929;-0.0217;-0.0114;-0.1369;0.0264;-0.5490;0.5984
331.5;3.0055;3.0000;-2.1863;-3.8252;457;109;-0.0049;-0.0144;-0.0114;-0.1476;0.0254;-0.5882;0.5984
332.0;3.0032;3.0000;-2.5168;-4.2756;470;99;-0.0733;-0.0085;-0.0114;-0.1584;0.0244;-0.6235;0.5984
332.5;3.0014;3.0000;-2.8878;-4.7504;484;89;-0.0635;-0.0056;-0.0114;-0.1681;0.0235;-0.6588;0.5984
333.0;3.0000;3.0000;-3.3015;-5.2504;498;77;-0.1222;-0.0012;-0.0114;-0.1760;0.0225;-0.6980;0.5984
333.5;2.9986;3.0000;-3.7573;-5.7756;507;65;-0.0244;0.0018;-0.0114;-0.1818;0.0215;-0.7333;0.5984
334.0;2.9977;3.0000;-4.2015;-6.3252;525;56;-0.0147;0.0047;-0.0114;-0.1916;0.0205;-0.7725;0.5984
334.5;2.9959;3.0000;-4.7191;-6.9008;539;44;-0.2297;0.0091;-0.0114;-0.1965;0.0196;-0.8078;0.5984
335.0;2.9940;3.0000;-5.2527;-7.5000;552;32;-0.2102;0.0135;-0.0114;-0.2023;0.0176;-0.8471;0.5984
335.5;2.9927;3.0000;-5.7496;-8.1008;562;28;-0.1906;0.0164;-0.0114;-0.2121;0.0166;-0.8510;0.5984
336.0;2.9913;3.0000;-6.3206;-8.7000;566;26;-0.0929;0.0208;-0.0114;-0.2151;0.0156;-0.8549;0.5984
336.5;2.9895;3.0000;-6.9695;-9.3008;570;26;-0.2395;0.0252;-0.0114;-0.2102;0.0147;-0.8627;0.5984
337.0;2.9872;3.0000;-7.6733;-9.9008;574;26;-0.3568;0.0311;-0.0114;-0.2014;0.0137;-0.8667;0.5984
337.5;2.9849;3.0000;-8.2550;-10.5008;580;24;-0.2688;0.0355;-0.0114;-0.2023;0.0127;-0.8706;0.5984
338.0;2.9835;3.0000;-9.0221;-11.1008;580;28;-0.1613;0.0398;-0.0100;-0.1877;0.0108;-0.8745;0.5984
338.5;2.9821;3.0000;-9.6550;-11.7008;584;26;-0.2102;0.0428;-0.0100;-0.1848;0.0098;-0.8824;0.5984
339.0;2.9821;3.0000;-10.5374;-12.3008;580;30;-0.3372;0.0442;-0.0100;-0.1593;0.0098;-0.8863;0.5984
339.5;2.9826;3.0000;-11.3061;-12.9008;580;30;-0.3079;0.0428;-0.0100;-0.1437;0.0088;-0.8902;0.5984
340.0;2.9835;3.0000;-12.2282;-13.5008;576;36;-0.2786;0.0398;-0.0100;-0.1153;0.0078;-0.8980;0.5984
340.5;2.9844;3.0000;-13.1611;-14.1008;570;40;-0.2297;0.0384;-0.0100;-0.0850;0.0078;-0.9020;0.5984
341.0;2.9858;3.0000;-13.9359;-14.7008;570;40;-0.3959;0.0340;-0.0100;-0.0694;0.0068;-0.9059;0.5984
341.5;2.9886;3.0000;-14.7321;-15.3008;566;42;-0.3372;0.0281;-0.0100;-0.0518;0.0068;-0.9137;0.5984
342.0;2.9899;3.0000;-15.4229;-15.9008;566;38;-0.2590;0.0237;-0.0100;-0.0430;0.0068;-0.9176;0.5984
342.5;2.9913;3.0000;-16.2733;-16.5008;560;42;-0.3666;0.0208;-0.0100;-0.0205;0.0068;-0.9216;0.5984
343.0;2.9936;3.0000;-16.7855;-17.1008;566;34;-0.5132;0.0149;-0.0100;-0.0283;0.0059;-0.9255;0.5984
343.5;2.9973;3.0000;-17.4870;-17.7008;566;32;-0.4057;0.0062;-0.0085;-0.0196;0.0059;-0.9333;0.5984
344.0;3.0000;3.0000;-18.2710;-18.3008;562;32;-0.2297;-0.0012;-0.0085;-0.0029;0.0059;-0.9373;0.5984
344.5;3.0018;3.0000;-18.8260;-18.8878;558;32;-0.0538;-0.0056;-0.0100;-0.0059;0.0059;-0.9255;0.5984
345.0;3.0027;3.0000;-19.4305;-19.4626;554;34;-0.1026;-0.0070;-0.0100;-0.0039;0.0059;-0.9137;0.5984
345.5;3.0032;3.0000;-19.9931;-20.0252;550;36;-0.0147;-0.0085;-0.0100;-0.0029;0.0059;-0.9020;0.5984
346.0;3.0037;3.0000;-20.6847;-20.5756;543;42;-0.1417;-0.0100;-0.0100;0.0098;0.0059;-0.8902;0.5984
346.5;3.0046;3.0000;-21.1168;-21.1130;543;40;-0.1222;-0.0129;-0.0100;-0.0000;0.0059;-0.8784;0.5984
347.0;3.0055;3.0000;-21.6740;-21.6382;539;44;-0.1026;-0.0158;-0.0100;0.0029;0.0059;-0.8667;0.5984
347.5;3.0055;3.0000;-22.1260;-22.1504;537;44;-0.0831;-0.0144;-0.0100;-0.0029;0.0059;-0.8549;0.5984
348.0;3.0027;3.0000;-22.6656;-22.6504;533;48;-0.0733;-0.0085;-0.0100;0.0010;0.0059;-0.8431;0.5984
348.5;3.0009;3.0000;-22.9855;-23.1382;537;48;-0.1417;-0.0026;-0.0100;-0.0147;0.0059;-0.8314;0.5984
349.0;2.9982;3.0000;-23.4504;-23.6130;537;50;-0.2004;0.0032;-0.0100;-0.0147;0.0059;-0.8196;0.5984
349.5;2.9963;3.0000;-24.0023;-24.0756;531;56;-0.1808;0.0076;-0.0100;-0.0068;0.0059;-0.8078;0.5984
350.0;2.9950;3.0000;-24.2611;-24.5252;535;54;-0.2297;0.0105;-0.0100;-0.0244;0.0059;-0.7961;0.5984
350.5;2.9945;3.0000;-24.7260;-24.9626;533;56;-0.2493;0.0135;-0.0100;-0.0215;0.0059;-0.7843;0.5984
351.0;2.9945;3.0000;-24.9359;-25.3878;537;52;-0.3666;0.0120;-0.0100;-0.0411;0.0059;-0.7686;0.5984
351.5;2.9954;3.0000;-25.4832;-25.8008;531;58;-0.3079;0.0105;-0.0100;-0.0293;0.0049;-0.7569;0.5984
352.0;2.9771;3.0000;-25.9916;-26.2008;517;73;-0.1906;0.0560;-0.0085;-0.0196;0.0049;-0.7451;0.5984
352.5;2.9647;3.0000;-26.6832;-26.5878;517;91;-0.1711;0.0867;-0.0085;0.0078;0.0049;-0.7333;0.5984
353.0;2.9560;3.0000;-27.3427;-26.9626;515;107;-0.0635;0.1087;-0.0085;0.0332;0.0059;-0.7176;0.5984
353.5;2.9483;3.0000;-28.0580;-27.3252;509;122;-0.0440;0.1277;-0.0085;0.0655;0.0059;-0.7059;0.5984
354.0;2.9423;3.0000;-28.6947;-27.6756;503;136;-0.0147;0.1439;-0.0070;0.0909;0.0059;-0.6941;0.5984
354.5;2.9368;3.0000;-29.2122;-28.0130;501;146;0.0147;0.1570;-0.0070;0.1075;0.0068;-0.6784;0.5984
355.0;2.9327;3.0000;-29.6313;-28.3382;500;153;-0.0049;0.1673;-0.0056;0.1163;0.0078;-0.6667;0.5984
355.5;2.9290;3.0000;-29.8382;-28.6504;503;155;-0.0342;0.1761;-0.0056;0.1065;0.0078;-0.6510;0.5984
356.0;2.9272;3.0000;-30.1084;-28.9504;503;159;0.0831;0.1805;-0.0041;0.1036;0.0088;-0.6392;0.5984
356.5;2.9263;3.0000;-30.2779;-29.2382;505;161;-0.0440;0.1834;-0.0041;0.0929;0.0088;-0.6235;0.5984
357.0;2.9272;3.0000;-30.5038;-29.5130;503;163;-0.1026;0.1805;-0.0026;0.0890;0.0098;-0.6118;0.5984
357.5;2.9290;3.0000;-30.7084;-29.7756;501;165;0.0440;0.1761;-0.0026;0.0831;0.0098;-0.5961;0.5984
358.0;2.9322;3.0000;-30.8954;-30.0252;500;163;-0.1711;0.1688;-0.0012;0.0782;0.0108;-0.5804;0.5984
358.5;2.9373;3.0000;-30.9886;-30.2626;500;161;-0.2493;0.1556;-0.0012;0.0645;0.0108;-0.5686;0.5984
359.0;2.9446;3.0000;-31.2366;-30.4878;498;163;-0.2395;0.1380;-0.0012;0.0665;0.0117;-0.5529;0.5984
359.5;2.9528;3.0000;-31.4817;-30.7008;492;161;-0.2981;0.1160;0.0003;0.0694;0.0117;-0.5373;0.5984
360.0;2.9611;3.0000;-31.6359;-30.9008;486;159;-0.3177;0.0955;0.0003;0.0655;0.0117;-0.5255;0.5984
360.5;2.9689;3.0000;-31.8725;-31.0878;478;157;-0.2786;0.0765;0.0003;0.0704;0.0127;-0.5098;0.5984
361.0;2.9766;3.0000;-32.0412;-31.2626;470;155;-0.2297;0.0574;0.0003;0.0694;0.0127;-0.4941;0.5984
361.5;2.9821;3.0000;-32.3511;-31.4252;460;157;-0.2786;0.0428;0.0018;0.0831;0.0137;-0.4784;0.5984
362.0;2.9863;3.0000;-32.4588;-31.5756;455;157;-0.1222;0.0325;0.0018;0.0792;0.0137;-0.4667;0.5984
362.5;2.9886;3.0000;-32.7916;-31.7130;443;163;-0.0244;0.0267;0.0018;0.0968;0.0147;-0.4510;0.5984
363.0;2.9904;3.0000;-32.9122;-31.8382;439;167;0.0538;0.0237;0.0018;0.0958;0.0147;-0.4353;0.5984
363.5;2.9904;3.0000;-33.0924;-31.9504;431;171;-0.0929;0.0223;0.0018;0.1026;0.0156;-0.4196;0.5984
364.0;2.9899;3.0000;-33.0618;-32.0504;429;171;-0.0049;0.0237;0.0018;0.0909;0.0156;-0.4039;0.5984
364.5;2.9881;3.0000;-32.9954;-32.1382;429;171;-0.0440;0.0281;0.0018;0.0762;0.0166;-0.3882;0.5984
365.0;2.9835;3.0000;-33.0794;-32.2130;425;177;0.1613;0.0398;0.0018;0.0772;0.0166;-0.3725;0.5984
365.5;2.9799;3.0000;-33.0107;-32.2756;425;181;0.0244;0.0486;0.0018;0.0655;0.0176;-0.3569;0.5984
366.0;2.9757;3.0000;-32.9962;-32.3252;425;185;0.0538;0.0589;0.0018;0.0596;0.0176;-0.3412;0.5984
366.5;2.9716;3.0000;-32.8260;-32.3626;427;187;0.0538;0.0691;0.0032;0.0411;0.0176;-0.3255;0.5984
367.0;2.9675;3.0000;-32.8344;-32.3878;425;193;0.1222;0.0809;0.0032;0.0401;0.0176;-0.3098;0.5984
367.5;2.9647;3.0000;-32.6076;-32.4008;429;193;-0.1906;0.0867;0.0032;0.0186;0.0186;-0.2941;0.5984
368.0;2.9629;3.0000;-32.5832;-32.4008;427;196;-0.1124;0.0926;0.0032;0.0156;0.0186;-0.2784;0.5984
368.5;2.9602;3.0000;-32.6679;-32.4008;425;200;0.0831;0.0984;0.0047;0.0235;0.0186;-0.2784;0.5984
369.0;2.9588;3.0000;-32.6779;-32.3878;421;206;0.0147;0.1014;0.0047;0.0254;0.0186;-0.2627;0.5984
369.5;2.9583;3.0000;-32.7511;-32.3626;415;212;-0.1124;0.1028;0.0047;0.0342;0.0186;-0.2431;0.5984
370.0;2.9583;3.0000;-32.8924;-32.3252;408;222;-0.0244;0.1028;0.0047;0.0508;0.0186;-0.2275;0.5984
370.5;2.9579;3.0000;-33.1695;-32.2756;396;236;0.2102;0.1028;0.0062;0.0802;0.0196;-0.2118;0.5984
371.0;2.9583;3.0000;-33.5115;-32.2130;382;249;0.2297;0.1028;0.0062;0.1163;0.0205;-0.1961;0.5984
371.5;2.9570;3.0000;-33.8046;-32.1382;369;265;0.2395;0.1058;0.0062;0.1496;0.0205;-0.1765;0.5984
372.0;2.9547;3.0000;-33.8282;-32.0504;365;273;0.0831;0.1116;0.0076;0.1593;0.0215;-0.1608;0.5984
372.5;2.9519;3.0000;-33.7122;-31.9504;361;279;0.2395;0.1190;0.0076;0.1584;0.0225;-0.1451;0.5984
373.0;2.9483;3.0000;-33.5847;-31.8382;359;286;0.3372;0.1277;0.0076;0.1564;0.0235;-0.1255;0.5984
373.5;2.9432;3.0000;-33.5061;-31.7130;355;294;0.2199;0.1409;0.0091;0.1613;0.0244;-0.1098;0.5984
374.0;2.9382;3.0000;-33.1366;-31.5756;357;296;0.2102;0.1527;0.0091;0.1398;0.0254;-0.0902;0.5984
374.5;2.9327;3.0000;-32.7893;-31.4252;361;300;0.2884;0.1673;0.0105;0.1222;0.0254;-0.0745;0.5984
375.0;2.9277;3.0000;-32.5198;-31.2626;361;306;0.2590;0.1790;0.0105;0.1124;0.0264;-0.0549;0.5984
375.5;2.9231;3.0000;-32.3115;-31.0878;359;312;0.1906;0.1907;0.0120;0.1095;0.0274;-0.0392;0.5984
376.0;2.9190;3.0000;-32.3145;-30.9008;353;326;0.2688;0.2010;0.0120;0.1271;0.0274;-0.0196;0.5984
376.5;2.9158;3.0000;-32.1672;-30.7008;349;335;0.2590;0.2098;0.0135;0.1320;0.0283;-0.0039;0.5984
377.0;2.9153;3.0000;-32.1939;-30.4878;339;345;0.1808;0.2098;0.0135;0.1535;0.0293;0.0157;0.5984
377.5;2.9176;3.0000;-32.1260;-30.2626;333;357;0.1808;0.2054;0.0149;0.1672;0.0303;0.0314;0.5984
378.0;2.9212;3.0000;-32.0664;-30.0252;322;365;0.3568;0.1966;0.0149;0.1828;0.0313;0.0510;0.5984
378.5;2.9249;3.0000;-32.0618;-29.7756;310;374;0.3177;0.1863;0.0164;0.2053;0.0323;0.0706;0.5984
379.0;2.9313;3.0000;-32.2198;-29.5130;292;386;0.2884;0.1702;0.0164;0.2434;0.0342;0.0902;0.5984
379.5;2.9396;3.0000;-32.1015;-29.2382;281;394;0.3079;0.1497;0.0179;0.2571;0.0352;0.1059;0.5984
380.0;2.9473;3.0000;-32.0351;-28.9504;267;402;0.4154;0.1307;0.0179;0.2776;0.0371;0.1255;0.5984
380.5;2.9542;3.0000;-31.8672;-28.6504;255;406;0.4057;0.1131;0.0179;0.2893;0.0381;0.1451;0.5984
381.0;2.9602;3.0000;-31.6107;-28.3382;243;410;0.3959;0.0984;0.0193;0.2942;0.0401;0.1647;0.5984
381.5;2.9638;3.0000;-31.3504;-28.0130;236;413;0.3079;0.0882;0.0193;0.3001;0.0420;0.1843;0.5984
382.0;2.9670;3.0000;-30.7198;-27.6756;236;412;0.2884;0.0823;0.0193;0.2737;0.0430;0.2000;0.5984
382.5;2.9657;3.0000;-30.2863;-27.3252;232;415;0.5132;0.0838;0.0193;0.2659;0.0450;0.2196;0.5984
383.0;2.9625;3.0000;-29.2359;-26.9626;243;404;0.3079;0.0926;0.0208;0.2043;0.0459;0.2392;0.5984
383.5;2.9583;3.0000;-28.4496;-26.5878;249;402;0.2884;0.1028;0.0208;0.1672;0.0469;0.2588;0.5984
384.0;2.9528;3.0000;-27.7366;-26.2008;251;402;0.4154;0.1160;0.0208;0.1378;0.0479;0.2784;0.5984
384.5;2.9478;3.0000;-27.0527;-25.8008;255;406;0.3959;0.1292;0.0223;0.1124;0.0479;0.2980;0.5984
385.0;2.9428;3.0000;-26.4466;-25.3878;255;410;0.3666;0.1409;0.0223;0.0948;0.0489;0.3176;0.5984
385.5;2.9405;3.0000;-25.7336;-24.9626;257;412;0.5132;0.1468;0.0223;0.0684;0.0489;0.3373;0.5984
386.0;2.9386;3.0000;-25.6214;-24.5252;243;427;0.5718;0.1527;0.0237;0.0978;0.0499;0.3569;0.5984
386.5;2.9373;3.0000;-25.2031;-24.0756;238;437;0.7185;0.1556;0.0237;0.1007;0.0499;0.3765;0.5984
387.0;2.9382;3.0000;-25.0298;-23.6130;224;453;0.6598;0.1527;0.0252;0.1271;0.0508;0.4000;0.5984
387.5;2.9414;3.0000;-24.6351;-23.1382;214;460;0.6305;0.1453;0.0252;0.1339;0.0518;0.4196;0.5984
388.0;2.9451;3.0000;-24.4603;-22.6504;198;474;0.6794;0.1351;0.0252;0.1623;0.0528;0.4392;0.5984
388.5;2.9501;3.0000;-24.1443;-22.1504;185;486;0.8651;0.1234;0.0267;0.1789;0.0538;0.4588;0.5984
389.0;2.9556;3.0000;-23.9947;-21.6382;165;501;0.9629;0.1087;0.0267;0.2121;0.0547;0.4784;0.5984
389.5;2.9625;3.0000;-23.8229;-21.1130;146;513;0.9922;0.0926;0.0267;0.2434;0.0557;0.5020;0.5984
390.0;2.9702;3.0000;-23.6947;-20.5756;124;529;1.0508;0.0735;0.0281;0.2805;0.0577;0.5216;0.5984
390.5;2.9794;3.0000;-23.5427;-20.0252;103;543;1.0508;0.0501;0.0281;0.3157;0.0596;0.5412;0.5984
391.0;2.9899;3.0000;-23.2198;-19.4626;85;552;1.1975;0.0237;0.0281;0.3372;0.0616;0.5647;0.5984
391.5;3.0014;3.0000;-23.1076;-18.8878;60;568;1.2757;-0.0041;0.0281;0.3793;0.0635;0.5843;0.5984
392.0;3.0128;3.0000;-22.7023;-18.3008;40;574;1.2854;-0.0334;0.0281;0.3959;0.0655;0.6078;0.5984
392.5;3.0261;3.0000;-22.5366;-17.7008;15;586;1.3050;-0.0656;0.0267;0.4350;0.0684;0.6275;0.5984
393.0;3.0394;3.0000;-22.0679;-17.1008;1;587;1.4027;-0.1008;0.0267;0.4467;0.0704;0.6314;0.5984
393.5;3.0531;3.0000;-21.5733;-16.5008;-13;586;1.3636;-0.1345;0.0267;0.4565;0.0733;0.6392;0.5984
394.0;3.0659;3.0000;-21.0489;-15.9008;-26;586;1.5103;-0.1667;0.0252;0.4624;0.0753;0.6431;0.5984
394.5;3.0788;3.0000;-20.6550;-15.3008;-44;589;1.6569;-0.1989;0.0252;0.4809;0.0782;0.6471;0.5984
395.0;3.0925;3.0000;-20.2336;-14.7008;-60;589;1.7253;-0.2326;0.0237;0.4976;0.0811;0.6549;0.5984
395.5;3.1039;3.0000;-19.4962;-14.1008;-69;584;1.6178;-0.2619;0.0223;0.4848;0.0841;0.6588;0.5984
396.0;3.1136;3.0000;-19.0893;-13.5008;-85;589;1.5200;-0.2854;0.0223;0.5024;0.0870;0.6627;0.5984
396.5;3.1204;3.0000;-17.7519;-12.9008;-77;572;1.4809;-0.3015;0.0208;0.4360;0.0890;0.6667;0.5984
397.0;3.1204;3.0000;-16.5145;-12.3008;-67;554;0.8847;-0.3030;0.0193;0.3783;0.0909;0.6745;0.5984
397.5;3.1158;3.0000;-14.9786;-11.7008;-46;533;0.7576;-0.2912;0.0179;0.2942;0.0929;0.6784;0.5984
398.0;3.1067;3.0000;-12.9710;-11.1008;-9;501;0.6012;-0.2678;0.0179;0.1681;0.0938;0.6824;0.5984
398.5;3.0929;3.0000;-10.7160;-10.5000;34;464;0.2884;-0.2341;0.0164;0.0186;0.0938;0.6902;0.5984
399.0;3.0774;3.0000;-8.3878;-9.9008;85;427;0.1320;-0.1946;0.0149;-0.1369;0.0929;0.6941;0.5984
399.5;3.0600;3.0000;-6.3779;-9.3008;124;398;0.2981;-0.1506;0.0149;-0.2639;0.0919;0.6980;0.5984
400.0;3.0417;3.0000;-4.6282;-8.7000;159;376;0.0831;-0.1052;0.0149;-0.3666;0.0899;0.7059;0.5984
400.5;3.0247;3.0000;-3.3573;-8.1000;183;367;0.1124;-0.0627;0.0149;-0.4272;0.0870;0.7098;0.5984
401.0;3.0101;3.0000;-1.9458;-7.5000;208;355;0.0635;-0.0261;0.0135;-0.5005;0.0841;0.7137;0.5984
401.5;2.9849;3.0000;-0.9878;-6.9252;226;355;0.0342;0.0355;0.0149;-0.5347;0.0811;0.6863;0.5984
402.0;2.9643;3.0000;0.0580;-6.3756;257;345;-0.0049;0.0882;0.0149;-0.5797;0.0782;0.6588;0.5984