Time(ms);ActualLinearVel;TargetLinearVel;ActualAngularVel;TargetAngularVel;PWML;PWMR;ImuDiff;VelP;VelI;AngP;AngI;RotationFF;LinearFF
general_params = {
fan_speed = 600.000000,
angular_kp = 0.095000,
angular_ki = 0.000500,
angular_kd = 0.000000,
angular_acc_feed_forward_k = 0.000550,
angular_vel_feed_forward_k = 0.010000,
linear_vel_acc_feed_forward_k = 0.033000,
linear_vel_brake_feed_forward_k = 0.025000,
linear_vel_feed_forward_k = 0.141000,
wall_kp = 0.000000,
wall_ki = 0.000000,
wall_kd = 0.000000,
linear_vel_kp = 2.500000,
linear_vel_ki = 0.010000,
linear_vel_kd = 0.000000,
diagonal_walls_kp = 0.000000,
diagonal_walls_ki = 0.000000,
diagonal_walls_kd = 0.000000,
start_wall_break_mm_left = 5.500000,
start_wall_break_mm_right = 7.200000,
enable_wall_break_correction = 1.000000,
max_linear_acc_jerk = 625.000000,
max_linear_brake_jerk = 625.000000,
wheel_radius_mm = 12.750000,
coulomb_ff = 0.180000,
angular_coulomb_ff = 0.030000,
};
t;Vel;TgtVel;AngVel;TgtAngVel;PWM_L;PWM_R;ImuDiff;VelP;VelI;AngP;AngI;RotFF;LinFF
0.0;0.0000;0.0000;-0.0046;0.0000;-5;9;-0.3177;0.0003;-0.0012;-0.0000;-0.0000;0.0275;0.0079
0.5;0.0000;0.0005;-0.1122;0.0000;-5;13;-0.0049;0.0003;-0.0012;0.0098;-0.0000;0.0275;0.0157
1.0;0.0000;0.0009;-0.1977;0.0000;-5;17;-0.0049;0.0018;-0.0012;0.0186;-0.0000;0.0275;0.0236
1.5;0.0000;0.0014;-0.0855;0.0000;40;58;-0.0049;0.0018;-0.0012;0.0078;-0.0000;0.0275;0.2205
2.0;0.0005;0.0023;0.0221;0.0000;46;58;-0.0049;0.0032;-0.0012;-0.0029;-0.0000;0.0275;0.2283
2.5;0.0009;0.0032;0.1076;0.0000;50;60;-0.0049;0.0047;-0.0012;-0.0108;-0.0000;0.0275;0.2362
3.0;0.0014;0.0041;-0.0076;0.0000;50;64;-0.0049;0.0062;-0.0012;-0.0000;-0.0000;0.0275;0.2520
3.5;0.0023;0.0055;0.0015;0.0000;54;65;-0.0049;0.0076;-0.0012;-0.0010;-0.0000;0.0275;0.2598
4.0;0.0032;0.0069;0.0084;0.0000;56;69;-0.0049;0.0091;-0.0012;-0.0010;-0.0000;0.0275;0.2677
4.5;0.0041;0.0082;0.0542;0.0000;60;71;-0.0049;0.0105;-0.0012;-0.0059;-0.0000;0.0275;0.2835
5.0;0.0050;0.0101;-0.0603;0.0000;60;75;-0.0049;0.0120;-0.0012;0.0049;-0.0000;0.0275;0.2913
5.5;0.0060;0.0119;-0.1519;0.0000;62;81;-0.0049;0.0135;0.0003;0.0137;-0.0000;0.0275;0.2992
6.0;0.0073;0.0142;-0.1130;0.0000;65;83;-0.0049;0.0164;0.0003;0.0098;-0.0000;0.0275;0.3150
6.5;0.0087;0.0160;0.0221;0.0000;69;83;-0.0049;0.0179;0.0003;-0.0029;-0.0000;0.0275;0.3228
7.0;0.0101;0.0183;0.1298;0.0000;75;83;-0.0049;0.0193;0.0003;-0.0127;-0.0000;0.0275;0.3307
7.5;0.0119;0.0211;0.0702;0.0000;77;89;-0.0049;0.0223;0.0003;-0.0068;-0.0000;0.0275;0.3465
8.0;0.0137;0.0238;0.0328;0.0000;79;93;-0.0049;0.0252;0.0003;-0.0039;-0.0000;0.0275;0.3543
8.5;0.0156;0.0266;0.0031;0.0000;81;97;-0.0049;0.0267;0.0003;-0.0010;-0.0000;0.0275;0.3622
9.0;0.0174;0.0293;0.1092;0.0000;89;97;-0.0049;0.0296;0.0003;-0.0108;-0.0000;0.0275;0.3780
9.5;0.0192;0.0325;0.0725;0.0000;91;101;-0.0049;0.0325;0.0003;-0.0078;-0.0000;0.0275;0.3858
10.0;0.0215;0.0357;0.0427;0.0000;93;105;-0.0049;0.0355;0.0003;-0.0049;-0.0000;0.0275;0.4016
10.5;0.0234;0.0394;0.0870;0.0000;97;107;-0.0049;0.0384;0.0003;-0.0088;-0.0010;0.0275;0.4094
11.0;0.0275;0.0430;0.2580;0.0000;103;107;0.0733;0.0369;0.0003;-0.0254;-0.0010;0.0275;0.4173
11.5;0.0311;0.0467;0.3954;0.0000;109;107;-0.0147;0.0384;0.0003;-0.0381;-0.0010;0.0275;0.4331
12.0;0.0343;0.0504;0.3863;0.0000;112;110;-0.0147;0.0398;0.0018;-0.0371;-0.0010;0.0275;0.4409
12.5;0.0385;0.0545;0.3000;0.0000;114;114;-0.0929;0.0398;0.0018;-0.0293;-0.0010;0.0275;0.4488
13.0;0.0426;0.0586;0.2092;0.0000;114;120;0.0635;0.0398;0.0018;-0.0205;-0.0010;0.0275;0.4646
13.5;0.0462;0.0632;0.2412;0.0000;118;122;-0.0147;0.0428;0.0018;-0.0235;-0.0010;0.0275;0.4724
14.0;0.0508;0.0678;0.1275;0.0000;118;128;-0.0049;0.0413;0.0018;-0.0127;-0.0020;0.0275;0.4882
14.5;0.0559;0.0723;0.1198;0.0000;122;130;-0.0831;0.0413;0.0018;-0.0117;-0.0020;0.0275;0.4961
15.0;0.0614;0.0774;0.0046;0.0000;122;136;-0.0049;0.0398;0.0018;-0.0010;-0.0020;0.0275;0.5039
15.5;0.0659;0.0824;0.0664;0.0000;126;138;-0.0049;0.0398;0.0018;-0.0068;-0.0020;0.0275;0.5197
16.0;0.0705;0.0875;0.0344;0.0000;128;142;0.0733;0.0413;0.0018;-0.0039;-0.0020;0.0275;0.5276
16.5;0.0760;0.0929;0.0389;0.0000;134;146;-0.0049;0.0413;0.0032;-0.0039;-0.0020;0.0275;0.5433
17.0;0.0810;0.0980;0.0122;0.0000;136;148;-0.0831;0.0413;0.0032;-0.0020;-0.0020;0.0275;0.5512
17.5;0.0870;0.1039;-0.0702;0.0000;136;153;-0.0049;0.0413;0.0032;0.0059;-0.0020;0.0275;0.5591
18.0;0.0934;0.1094;-0.0282;0.0000;140;155;-0.0049;0.0398;0.0032;0.0020;-0.0020;0.0275;0.5748
18.5;0.0998;0.1154;-0.1221;0.0000;142;159;-0.0049;0.0384;0.0032;0.0108;-0.0020;0.0275;0.5827
19.0;0.1062;0.1218;-0.0450;0.0000;146;161;-0.0049;0.0369;0.0032;0.0039;-0.0020;0.0275;0.5984
19.5;0.1126;0.1277;-0.1733;0.0000;148;167;-0.0733;0.0384;0.0032;0.0156;-0.0010;0.0275;0.6063
20.0;0.1195;0.1342;-0.1359;0.0000;150;169;0.0733;0.0369;0.0032;0.0127;-0.0010;0.0275;0.6142
20.5;0.1273;0.1410;-0.2786;0.0000;150;177;-0.0733;0.0340;0.0032;0.0264;-0.0010;0.0275;0.6299
21.0;0.1346;0.1474;-0.2038;0.0000;153;177;0.0049;0.0311;0.0047;0.0186;-0.0010;0.0275;0.6378
21.5;0.1419;0.1543;-0.2260;0.0000;155;181;0.0049;0.0311;0.0047;0.0205;-0.0010;0.0275;0.6535
22.0;0.1502;0.1616;-0.2191;0.0000;159;183;0.0049;0.0281;0.0047;0.0205;-0.0010;0.0275;0.6614
22.5;0.1580;0.1685;-0.2550;0.0000;161;187;0.0049;0.0252;0.0047;0.0235;-0.0010;0.0275;0.6772
23.0;0.1667;0.1758;-0.3420;0.0000;163;193;0.0049;0.0223;0.0047;0.0323;-0.0010;0.0275;0.6850
23.5;0.1749;0.1836;-0.2725;0.0000;165;193;0.0049;0.0208;0.0047;0.0254;-0.0000;0.0275;0.7008
24.0;0.1832;0.1914;-0.3305;0.0000;167;196;-0.0733;0.0193;0.0047;0.0313;-0.0000;0.0275;0.7087
24.5;0.1923;0.1992;-0.2420;0.0000;173;196;0.0049;0.0164;0.0047;0.0225;-0.0000;0.0275;0.7165
25.0;0.2010;0.2070;-0.3771;0.0000;171;204;0.0831;0.0149;0.0047;0.0352;-0.0000;0.0275;0.7323
25.5;0.2102;0.2152;-0.4076;0.0000;175;206;0.0049;0.0120;0.0047;0.0381;-0.0000;0.0275;0.7402
26.0;0.2207;0.2234;-0.5282;0.0000;175;214;0.0929;0.0062;0.0047;0.0499;0.0010;0.0275;0.7559
26.5;0.2308;0.2317;-0.4603;0.0000;179;214;0.0147;0.0018;0.0047;0.0430;0.0010;0.0275;0.7638
27.0;0.2418;0.2404;-0.5328;0.0000;179;220;0.0929;-0.0041;0.0047;0.0499;0.0010;0.0275;0.7795
27.5;0.2532;0.2491;-0.6397;0.0000;177;224;0.0929;-0.0100;0.0047;0.0606;0.0010;0.0275;0.7874
28.0;0.2647;0.2582;-0.7107;0.0000;177;228;0.1026;-0.0173;0.0047;0.0674;0.0020;0.0275;0.8031
28.5;0.2756;0.2669;-0.7939;0.0000;177;232;0.0244;-0.0217;0.0047;0.0753;0.0020;0.0275;0.8110
29.0;0.2857;0.2766;-0.7145;0.0000;183;234;0.0244;-0.0246;0.0047;0.0674;0.0020;0.0275;0.8268
29.5;0.2967;0.2857;-0.6893;0.0000;185;236;0.0929;-0.0275;0.0047;0.0645;0.0029;0.0275;0.8346
30.0;0.3082;0.2953;-0.5137;0.0000;191;234;0.0147;-0.0334;0.0047;0.0479;0.0029;0.0275;0.8504
30.5;0.3196;0.3049;-0.5015;0.0000;195;236;-0.0635;-0.0378;0.0047;0.0469;0.0029;0.0275;0.8583
31.0;0.3310;0.3146;-0.4191;0.0000;198;238;0.0929;-0.0407;0.0047;0.0391;0.0039;0.0275;0.8740
31.5;0.3420;0.3246;-0.4557;0.0000;200;239;0.0929;-0.0437;0.0032;0.0430;0.0039;0.0275;0.8819
32.0;0.3535;0.3347;-0.3702;0.0000;202;239;0.0049;-0.0481;0.0032;0.0342;0.0039;0.0275;0.8819
32.5;0.3654;0.3448;-0.4511;0.0000;200;239;0.0147;-0.0524;0.0032;0.0420;0.0039;0.0275;0.8819
33.0;0.3782;0.3549;-0.5244;0.0000;198;241;0.0929;-0.0598;0.0032;0.0489;0.0049;0.0275;0.8898
33.5;0.3915;0.3649;-0.5580;0.0000;196;241;0.0929;-0.0671;0.0032;0.0528;0.0049;0.0275;0.8898
34.0;0.4048;0.3750;-0.6237;0.0000;195;243;0.0929;-0.0759;0.0032;0.0587;0.0049;0.0275;0.8898
34.5;0.4185;0.3846;-0.6695;0.0000;191;243;0.1711;-0.0847;0.0018;0.0635;0.0049;0.0275;0.8898
35.0;0.4322;0.3947;-0.8504;0.0000;185;247;0.1026;-0.0949;0.0018;0.0802;0.0059;0.0275;0.8898
35.5;0.4469;0.4048;-0.8710;0.0000;183;245;0.1026;-0.1067;0.0018;0.0821;0.0059;0.0275;0.8898
36.0;0.4620;0.4148;-1.0962;0.0000;175;249;0.1124;-0.1184;0.0003;0.1036;0.0068;0.0275;0.8976
36.5;0.4776;0.4249;-1.1802;0.0000;169;251;0.2688;-0.1330;0.0003;0.1114;0.0068;0.0275;0.8976
37.0;0.4922;0.4350;-1.2122;0.0000;167;249;0.1906;-0.1447;0.0003;0.1144;0.0078;0.0275;0.8976
37.5;0.5082;0.4446;-1.1672;0.0000;165;247;0.1906;-0.1594;-0.0012;0.1105;0.0088;0.0275;0.8976
38.0;0.5238;0.4547;-1.2260;0.0000;161;245;0.1124;-0.1726;-0.0012;0.1163;0.0088;0.0275;0.8976
38.5;0.5398;0.4647;-1.3534;0.0000;155;245;0.2004;-0.1887;-0.0026;0.1281;0.0098;0.0275;0.9055
39.0;0.5549;0.4748;-1.3947;0.0000;152;245;0.2786;-0.2019;-0.0026;0.1320;0.0108;0.0275;0.9055
39.5;0.5710;0.4849;-1.4992;0.0000;146;245;0.2786;-0.2165;-0.0041;0.1417;0.0117;0.0275;0.9055
40.0;0.5875;0.4950;-1.5099;0.0000;142;243;0.2786;-0.2326;-0.0041;0.1427;0.0117;0.0275;0.9055
40.5;0.6053;0.5046;-1.6618;0.0000;134;245;0.3666;-0.2517;-0.0056;0.1574;0.0127;0.0275;0.9055
41.0;0.6232;0.5147;-1.6473;0.0000;128;241;0.3666;-0.2722;-0.0070;0.1564;0.0137;0.0275;0.9055
41.5;0.6419;0.5247;-1.8725;0.0000;118;245;0.4545;-0.2927;-0.0085;0.1769;0.0147;0.0275;0.9134
42.0;0.6612;0.5348;-1.9916;0.0000;110;243;0.4545;-0.3161;-0.0100;0.1887;0.0156;0.0275;0.9134
42.5;0.6804;0.5449;-1.9947;0.0000;105;239;0.4545;-0.3396;-0.0100;0.1887;0.0166;0.0275;0.9134
43.0;0.6996;0.5549;-2.0870;0.0000;97;239;0.4545;-0.3630;-0.0114;0.1975;0.0176;0.0275;0.9134
43.5;0.7184;0.5646;-2.1489;0.0000;91;236;0.4643;-0.3850;-0.0129;0.2033;0.0186;0.0275;0.9134
44.0;0.7376;0.5746;-2.2489;0.0000;81;236;0.5425;-0.4084;-0.0158;0.2131;0.0196;0.0275;0.9134
44.5;0.7564;0.5847;-2.0710;0.0000;81;228;0.4545;-0.4304;-0.0173;0.1965;0.0205;0.0275;0.9213
45.0;0.7738;0.5948;-2.0664;0.0000;75;224;0.5425;-0.4480;-0.0188;0.1955;0.0215;0.0275;0.9213
45.5;0.7903;0.6049;-1.8573;0.0000;77;214;0.3763;-0.4641;-0.0202;0.1760;0.0225;0.0275;0.9213
46.0;0.8049;0.6149;-1.6893;0.0000;77;208;0.2884;-0.4773;-0.0231;0.1603;0.0235;0.0275;0.9213
46.5;0.8196;0.6250;-1.3802;0.0000;81;198;0.3568;-0.4875;-0.0246;0.1310;0.0244;0.0275;0.9213
47.0;0.8329;0.6346;-1.1641;0.0000;83;191;0.2688;-0.4963;-0.0261;0.1105;0.0254;0.0275;0.9291
47.5;0.8448;0.6447;-0.8412;0.0000;89;183;0.3372;-0.5007;-0.0290;0.0792;0.0254;0.0275;0.9291
48.0;0.8544;0.6548;-0.2557;0.0000;103;167;0.0831;-0.4993;-0.0305;0.0235;0.0254;0.0275;0.9291
48.5;0.8626;0.6648;0.1527;0.0000;112;157;0.0635;-0.4963;-0.0319;-0.0147;0.0254;0.0275;0.9291
49.0;0.8686;0.6749;0.6313;0.0000;124;146;0.0538;-0.4861;-0.0349;-0.0606;0.0254;0.0275;0.9291
49.5;0.8745;0.6850;0.9702;0.0000;136;140;0.0440;-0.4744;-0.0363;-0.0929;0.0244;0.0275;0.9291
50.0;0.8791;0.6946;1.3450;0.0000;148;132;-0.0538;-0.4612;-0.0378;-0.1281;0.0235;0.0275;0.9370
50.5;0.8837;0.7047;1.5122;0.0000;153;130;0.0244;-0.4480;-0.0393;-0.1437;0.0235;0.0275;0.9370
51.0;0.8874;0.7147;1.6832;0.0000;161;128;-0.0635;-0.4333;-0.0422;-0.1603;0.0225;0.0275;0.9370
51.5;0.8915;0.7248;1.7847;0.0000;169;128;0.0147;-0.4172;-0.0437;-0.1701;0.0215;0.0275;0.9370
52.0;0.8956;0.7349;1.7351;0.0000;171;132;0.0147;-0.4026;-0.0451;-0.1652;0.0205;0.0275;0.9370
52.5;0.8997;0.7450;1.6748;0.0000;173;136;0.0147;-0.3879;-0.0466;-0.1593;0.0196;0.0275;0.9449
53.0;0.9038;0.7546;1.5656;0.0000;175;142;0.0147;-0.3733;-0.0481;-0.1496;0.0186;0.0275;0.9449
53.5;0.9080;0.7647;1.5573;0.0000;179;144;0.0147;-0.3586;-0.0495;-0.1486;0.0186;0.0275;0.9449
54.0;0.9130;0.7747;1.4145;0.0000;179;150;0.0244;-0.3469;-0.0510;-0.1349;0.0176;0.0275;0.9449
54.5;0.9180;0.7848;1.3420;0.0000;183;155;0.0244;-0.3337;-0.0524;-0.1281;0.0166;0.0275;0.9449
55.0;0.9231;0.7949;1.1382;0.0000;181;161;-0.0440;-0.3205;-0.0539;-0.1085;0.0166;0.0275;0.9449
55.5;0.9272;0.8049;1.0763;0.0000;183;167;0.0342;-0.3074;-0.0539;-0.1026;0.0156;0.0275;0.9528
56.0;0.9318;0.8146;0.8908;0.0000;183;173;-0.0342;-0.2942;-0.0554;-0.0850;0.0156;0.0275;0.9528
56.5;0.9373;0.8246;0.8038;0.0000;185;179;0.0440;-0.2824;-0.0568;-0.0772;0.0147;0.0275;0.9528
57.0;0.9414;0.8347;0.7305;0.0000;187;183;-0.0342;-0.2678;-0.0583;-0.0704;0.0147;0.0275;0.9528
57.5;0.9464;0.8448;0.5458;0.0000;187;191;0.0538;-0.2546;-0.0583;-0.0528;0.0147;0.0275;0.9528
58.0;0.9510;0.8549;0.4237;0.0000;189;198;-0.0244;-0.2414;-0.0598;-0.0411;0.0137;0.0275;0.9528
58.5;0.9560;0.8649;0.2824;0.0000;189;204;0.1417;-0.2282;-0.0612;-0.0274;0.0137;0.0275;0.9606
59.0;0.9597;0.8745;0.3061;0.0000;193;208;0.0635;-0.2136;-0.0612;-0.0293;0.0137;0.0275;0.9606
59.5;0.9647;0.8846;0.2229;0.0000;195;212;-0.0147;-0.2004;-0.0627;-0.0215;0.0137;0.0275;0.9606
60.0;0.9693;0.8947;0.2260;0.0000;198;218;-0.0147;-0.1872;-0.0627;-0.0215;0.0137;0.0275;0.9606
60.5;0.9725;0.9048;0.1298;0.0000;200;224;0.0733;-0.1711;-0.0642;-0.0127;0.0137;0.0275;0.9606
61.0;0.9776;0.9148;0.1137;0.0000;204;228;-0.0049;-0.1579;-0.0642;-0.0117;0.0137;0.0275;0.9685
61.5;0.9831;0.9249;0.0267;0.0000;206;234;0.0733;-0.1462;-0.0656;-0.0029;0.0137;0.0275;0.9685
62.0;0.9886;0.9350;-0.0427;0.0000;208;238;0.0733;-0.1345;-0.0656;0.0039;0.0137;0.0275;0.9685
62.5;0.9931;0.9446;-0.0405;0.0000;212;241;-0.0049;-0.1213;-0.0656;0.0029;0.0137;0.0275;0.9685
63.0;0.9977;0.9547;-0.1687;0.0000;214;249;0.0049;-0.1081;-0.0671;0.0156;0.0137;0.0275;0.9685
63.5;1.0014;0.9647;-0.2611;0.0000;218;255;0.0049;-0.0920;-0.0671;0.0244;0.0137;0.0275;0.9685
64.0;1.0055;0.9748;-0.3626;0.0000;220;263;0.0831;-0.0774;-0.0671;0.0342;0.0137;0.0275;0.9764
64.5;1.0101;0.9849;-0.3237;0.0000;224;267;0.0831;-0.0642;-0.0671;0.0303;0.0137;0.0275;0.9764
65.0;1.0151;0.9950;-0.3939;0.0000;226;271;0.0049;-0.0510;-0.0671;0.0371;0.0137;0.0275;0.9764
65.5;1.0201;1.0046;-0.3687;0.0000;232;275;-0.0733;-0.0393;-0.0686;0.0342;0.0147;0.0275;0.9764
66.0;1.0261;1.0147;-0.4038;0.0000;236;279;0.0049;-0.0290;-0.0686;0.0381;0.0147;0.0275;0.9764
66.5;1.0325;1.0247;-0.4458;0.0000;238;284;0.0929;-0.0202;-0.0686;0.0420;0.0147;0.0275;0.9843
67.0;1.0385;1.0348;-0.3985;0.0000;241;286;0.0049;-0.0100;-0.0686;0.0371;0.0147;0.0275;0.9843
67.5;1.0449;1.0449;-0.4603;0.0000;243;292;0.0929;-0.0012;-0.0686;0.0430;0.0156;0.0275;0.9843
68.0;1.0508;1.0549;-0.3679;0.0000;249;292;-0.0733;0.0091;-0.0686;0.0342;0.0156;0.0275;0.9843
68.5;1.0559;1.0646;-0.4786;0.0000;249;298;0.1711;0.0223;-0.0686;0.0450;0.0156;0.0275;0.9843
69.0;1.0618;1.0746;-0.5107;0.0000;253;306;0.0929;0.0325;-0.0671;0.0479;0.0156;0.0275;0.9843
69.5;1.0682;1.0847;-0.6252;0.0000;255;312;0.0147;0.0398;-0.0671;0.0587;0.0166;0.0275;0.9921
70.0;1.0751;1.0948;-0.6466;0.0000;257;318;0.0929;0.0486;-0.0671;0.0606;0.0166;0.0275;0.9921
70.5;1.0842;1.1049;-0.8153;0.0000;255;324;0.1808;0.0516;-0.0671;0.0772;0.0166;0.0275;0.9921
71.0;1.0948;1.1149;-0.9328;0.0000;253;329;0.1808;0.0501;-0.0671;0.0880;0.0176;0.0275;0.9921
71.5;1.1053;1.1245;-1.1244;0.0000;249;335;0.2688;0.0472;-0.0671;0.1065;0.0176;0.0275;0.9921
72.0;1.1168;1.1346;-1.3374;0.0000;243;341;0.2786;0.0442;-0.0671;0.1261;0.0186;0.0275;1.0000
72.5;1.1296;1.1447;-1.5382;0.0000;238;349;0.4448;0.0369;-0.0671;0.1457;0.0196;0.0275;1.0000
73.0;1.1429;1.1548;-1.7802;0.0000;232;357;0.3666;0.0281;-0.0671;0.1681;0.0205;0.0275;1.0000
73.5;1.1575;1.1648;-1.9237;0.0000;226;361;0.4545;0.0164;-0.0656;0.1818;0.0215;0.0275;1.0000
74.0;1.1731;1.1749;-2.2130;0.0000;218;367;0.3861;0.0032;-0.0656;0.2102;0.0225;0.0275;1.0000
74.5;1.1905;1.1850;-2.4344;0.0000;208;370;0.4741;-0.0144;-0.0671;0.2307;0.0235;0.0275;1.0000
75.0;1.2079;1.1946;-2.6885;0.0000;198;374;0.4741;-0.0334;-0.0671;0.2551;0.0244;0.0275;1.0079
75.5;1.2253;1.2047;-2.7802;0.0000;193;376;0.4839;-0.0524;-0.0671;0.2639;0.0264;0.0275;1.0079
76.0;1.2422;1.2147;-2.8557;0.0000;187;374;0.4839;-0.0700;-0.0671;0.2708;0.0274;0.0275;1.0079
76.5;1.2592;1.2248;-2.8168;0.0000;183;372;0.4839;-0.0861;-0.0671;0.2669;0.0293;0.0275;1.0079
77.0;1.2738;1.2349;-2.6412;0.0000;185;365;0.3177;-0.0993;-0.0671;0.2502;0.0303;0.0275;1.0079
77.5;1.2880;1.2450;-2.3511;0.0000;189;357;0.2297;-0.1096;-0.0686;0.2229;0.0313;0.0275;1.0079
78.0;1.3013;1.2546;-1.9252;0.0000;196;345;0.2981;-0.1169;-0.0686;0.1828;0.0323;0.0275;1.0157
78.5;1.3123;1.2647;-1.6275;0.0000;204;335;0.2102;-0.1198;-0.0686;0.1544;0.0332;0.0275;1.0157
79.0;1.3223;1.2747;-1.1908;0.0000;214;326;0.1906;-0.1198;-0.0700;0.1124;0.0342;0.0275;1.0157
79.5;1.3315;1.2848;-0.9420;0.0000;222;320;0.2590;-0.1184;-0.0700;0.0890;0.0342;0.0275;1.0157
80.0;1.3416;1.2949;-0.7580;0.0000;228;318;0.1808;-0.1169;-0.0700;0.0714;0.0352;0.0275;1.0157
80.5;1.3516;1.3049;-0.5878;0.0000;230;314;0.2493;-0.1184;-0.0715;0.0557;0.0352;0.0275;1.0236
81.0;1.3622;1.3146;-0.4244;0.0000;234;310;0.3275;-0.1184;-0.0715;0.0401;0.0352;0.0275;1.0236
81.5;1.3732;1.3246;-0.3405;0.0000;236;308;0.2395;-0.1213;-0.0715;0.0323;0.0352;0.0275;1.0236
82.0;1.3846;1.3347;-0.3939;0.0000;234;310;0.2395;-0.1257;-0.0730;0.0371;0.0362;0.0275;1.0236
82.5;1.3965;1.3448;-0.4122;0.0000;234;310;0.3275;-0.1301;-0.0730;0.0391;0.0362;0.0275;1.0236
83.0;1.4093;1.3549;-0.5198;0.0000;230;312;0.3275;-0.1374;-0.0730;0.0489;0.0362;0.0275;1.0236
83.5;1.4231;1.3649;-0.6122;0.0000;226;314;0.4057;-0.1477;-0.0744;0.0577;0.0362;0.0275;1.0315
84.0;1.4386;1.3745;-0.7901;0.0000;220;318;0.4154;-0.1609;-0.0744;0.0743;0.0371;0.0275;1.0315
84.5;1.4542;1.3846;-0.8893;0.0000;214;318;0.4154;-0.1740;-0.0759;0.0841;0.0371;0.0275;1.0315
85.0;1.4702;1.3947;-1.0916;0.0000;206;320;0.3470;-0.1902;-0.0759;0.1036;0.0381;0.0275;1.0315
85.5;1.4863;1.4048;-1.1550;0.0000;200;320;0.5034;-0.2048;-0.0774;0.1095;0.0381;0.0275;1.0315
86.0;1.5023;1.4148;-1.0252;0.0000;200;314;0.5034;-0.2195;-0.0774;0.0968;0.0391;0.0275;1.0394
86.5;1.5183;1.4249;-0.9618;0.0000;198;310;0.3372;-0.2341;-0.0788;0.0909;0.0391;0.0275;1.0394
87.0;1.5334;1.4350;-0.9344;0.0000;196;306;0.3372;-0.2473;-0.0803;0.0880;0.0401;0.0275;1.0394
87.5;1.5490;1.4446;-1.0443;0.0000;191;306;0.4252;-0.2619;-0.0803;0.0987;0.0401;0.0275;1.0394
88.0;1.5664;1.4547;-1.0267;0.0000;189;302;0.3470;-0.2795;-0.0817;0.0968;0.0411;0.0275;1.0394
88.5;1.5842;1.4647;-1.1099;0.0000;183;300;0.3470;-0.3000;-0.0832;0.1046;0.0411;0.0275;1.0394
89.0;1.6003;1.4748;-1.1870;0.0000;177;298;0.3470;-0.3147;-0.0847;0.1124;0.0420;0.0275;1.0472
89.5;1.6149;1.4849;-1.0977;0.0000;177;294;0.3470;-0.3264;-0.0861;0.1036;0.0430;0.0275;1.0472
90.0;1.6305;1.4950;-0.7893;0.0000;183;286;0.3372;-0.3396;-0.0876;0.0743;0.0430;0.0275;1.0472
90.5;1.6438;1.5046;-0.4756;0.0000;187;275;0.2493;-0.3484;-0.0891;0.0450;0.0430;0.0275;1.0472
91.0;1.6548;1.5147;-0.1321;0.0000;195;265;0.1515;-0.3498;-0.0905;0.0117;0.0430;0.0275;1.0472
91.5;1.6648;1.5247;0.0901;0.0000;200;257;0.1515;-0.3513;-0.0905;-0.0088;0.0430;0.0275;1.0472
92.0;1.6749;1.5348;0.2962;0.0000;204;251;0.2199;-0.3513;-0.0920;-0.0283;0.0430;0.0275;1.0551
92.5;1.6827;1.5449;0.2603;0.0000;204;253;0.2199;-0.3454;-0.0935;-0.0254;0.0430;0.0275;1.0551
93.0;1.6900;1.5549;0.1382;0.0000;202;257;0.3079;-0.3396;-0.0949;-0.0137;0.0430;0.0275;1.0551
93.5;1.6969;1.5646;0.0962;0.0000;202;261;0.3079;-0.3308;-0.0964;-0.0098;0.0430;0.0275;1.0551
94.0;1.7033;1.5746;-0.0290;0.0000;200;265;0.2297;-0.3220;-0.0979;0.0020;0.0430;0.0275;1.0551
94.5;1.7092;1.5847;-0.0733;0.0000;202;269;0.3079;-0.3117;-0.0993;0.0068;0.0430;0.0275;1.0630
95.0;1.7147;1.5948;0.0038;0.0000;206;269;0.0733;-0.3000;-0.1008;-0.0010;0.0430;0.0275;1.0630
95.5;1.7184;1.6049;0.2168;0.0000;218;267;-0.0147;-0.2839;-0.1023;-0.0215;0.0430;0.0275;1.0630
96.0;1.7193;1.6149;0.5298;0.0000;230;261;-0.1026;-0.2634;-0.1023;-0.0508;0.0430;0.0275;1.0630
96.5;1.7207;1.6245;0.8649;0.0000;243;257;0.0440;-0.2414;-0.1037;-0.0831;0.0420;0.0275;1.0630
97.0;1.7221;1.6346;1.2603;0.0000;257;251;-0.0440;-0.2180;-0.1037;-0.1202;0.0411;0.0275;1.0630
97.5;1.7225;1.6447;1.5214;0.0000;273;251;-0.0538;-0.1946;-0.1052;-0.1447;0.0411;0.0275;1.0709
98.0;1.7225;1.6548;1.6710;0.0000;283;253;-0.0635;-0.1696;-0.1052;-0.1593;0.0401;0.0275;1.0709
98.5;1.7221;1.6648;1.6305;0.0000;288;261;0.0147;-0.1447;-0.1067;-0.1554;0.0391;0.0275;1.0709
99.0;1.7216;1.6749;1.6511;0.0000;296;265;-0.0635;-0.1169;-0.1067;-0.1574;0.0381;0.0275;1.0709
99.5;1.7212;1.6850;1.5328;0.0000;300;273;-0.0538;-0.0920;-0.1067;-0.1466;0.0371;0.0275;1.0709
100.0;1.7212;1.6946;1.4794;0.0000;306;281;0.0244;-0.0671;-0.1081;-0.1408;0.0371;0.0275;1.0787
100.5;1.7225;1.7047;1.4023;0.0000;312;288;0.0244;-0.0451;-0.1081;-0.1339;0.0362;0.0275;1.0787
101.0;1.7239;1.7147;1.3267;0.0000;320;298;-0.0538;-0.0231;-0.1081;-0.1261;0.0352;0.0275;1.0787
101.5;1.7253;1.7248;1.2481;0.0000;324;308;0.0342;-0.0026;-0.1081;-0.1193;0.0352;0.0275;1.0787
102.0;1.7280;1.7349;1.1244;0.0000;327;316;0.0342;0.0164;-0.1081;-0.1075;0.0342;0.0275;1.0787
102.5;1.7303;1.7450;1.0595;0.0000;331;322;0.0342;0.0355;-0.1081;-0.1007;0.0332;0.0275;1.0787
103.0;1.7326;1.7546;0.9695;0.0000;333;329;0.0440;0.0545;-0.1081;-0.0929;0.0332;0.0275;1.0866
103.5;1.7358;1.7647;0.8588;0.0000;339;337;-0.0342;0.0721;-0.1067;-0.0821;0.0332;0.0275;1.0866
104.0;1.7395;1.7747;0.7275;0.0000;341;347;0.0440;0.0867;-0.1067;-0.0694;0.0323;0.0275;1.0866
104.5;1.7436;1.7848;0.6695;0.0000;347;355;0.0538;0.1028;-0.1067;-0.0645;0.0323;0.0275;1.0866
105.0;1.7477;1.7949;0.5275;0.0000;349;363;0.1320;0.1175;-0.1052;-0.0508;0.0323;0.0275;1.0866
105.5;1.7527;1.8049;0.4412;0.0000;351;370;0.2102;0.1292;-0.1052;-0.0420;0.0313;0.0275;1.0945
106.0;1.7596;1.8146;0.2282;0.0000;349;380;0.1417;0.1380;-0.1052;-0.0225;0.0313;0.0275;1.0945
106.5;1.7669;1.8246;-0.0298;0.0000;345;392;0.2297;0.1439;-0.1037;0.0020;0.0313;0.0275;1.0945
107.0;1.7756;1.8347;-0.2992;0.0000;343;404;0.2395;0.1468;-0.1037;0.0283;0.0313;0.0275;1.0945
107.5;1.7848;1.8448;-0.5901;0.0000;337;413;0.3275;0.1497;-0.1037;0.0557;0.0323;0.0275;1.0945
108.0;1.7958;1.8549;-0.8565;0.0000;331;423;0.4154;0.1468;-0.1023;0.0811;0.0323;0.0275;1.0945
108.5;1.8072;1.8649;-1.2519;0.0000;322;437;0.4350;0.1424;-0.1023;0.1183;0.0332;0.0275;1.1024
109.0;1.8210;1.8745;-1.5557;0.0000;314;445;0.5230;0.1336;-0.1008;0.1476;0.0342;0.0275;1.1024
109.5;1.8361;1.8846;-1.9344;0.0000;302;455;0.4545;0.1204;-0.1008;0.1828;0.0352;0.0275;1.1024
110.0;1.8530;1.8947;-2.2099;0.0000;292;462;0.5425;0.1028;-0.1008;0.2092;0.0362;0.0275;1.1024
110.5;1.8723;1.9048;-2.4595;0.0000;281;464;0.6305;0.0809;-0.1008;0.2326;0.0371;0.0275;1.1024
111.0;1.8933;1.9148;-2.7031;0.0000;269;468;0.6403;0.0530;-0.0993;0.2561;0.0381;0.0275;1.1024
111.5;1.9162;1.9249;-2.8969;0.0000;257;470;0.7185;0.0208;-0.0993;0.2747;0.0401;0.0275;1.1102
112.0;1.9396;1.9350;-3.1405;0.0000;243;472;0.7283;-0.0129;-0.0993;0.2981;0.0411;0.0275;1.1102
112.5;1.9634;1.9446;-3.3183;0.0000;232;472;0.8162;-0.0466;-0.0993;0.3148;0.0430;0.0275;1.1102
113.0;1.9872;1.9547;-3.6382;0.0000;214;474;0.9042;-0.0817;-0.1008;0.3451;0.0450;0.0275;1.1102
113.5;2.0114;1.9647;-3.9130;0.0000;198;476;0.9922;-0.1184;-0.1008;0.3715;0.0469;0.0275;1.1102
114.0;2.0362;1.9748;-4.1534;0.0000;183;476;1.0802;-0.1550;-0.1008;0.3939;0.0489;0.0275;1.1181
114.5;2.0623;1.9849;-4.3580;0.0000;167;474;1.0117;-0.1946;-0.1023;0.4135;0.0508;0.0275;1.1181
115.0;2.0879;1.9950;-4.5977;0.0000;152;472;1.0117;-0.2326;-0.1037;0.4360;0.0538;0.0275;1.1181
115.5;2.1117;2.0050;-4.7954;0.0000;138;472;1.0117;-0.2678;-0.1037;0.4545;0.0557;0.0275;1.1260
116.0;2.1360;2.0151;-4.9046;0.0000;128;472;1.0997;-0.3030;-0.1052;0.4653;0.0587;0.0275;1.1417
116.5;2.1607;2.0256;-5.0038;0.0000;120;470;1.1975;-0.3381;-0.1067;0.4751;0.0606;0.0275;1.1496
117.0;2.1854;2.0362;-4.8878;0.0000;116;464;1.1779;-0.3733;-0.1081;0.4643;0.0635;0.0275;1.1654
117.5;2.2083;2.0472;-4.6084;0.0000;116;455;1.0997;-0.4040;-0.1096;0.4370;0.0655;0.0275;1.1732
118.0;2.2289;2.0582;-4.1748;0.0000;120;441;1.0802;-0.4289;-0.1110;0.3959;0.0674;0.0275;1.1890
118.5;2.2477;2.0691;-3.7672;0.0000;128;429;0.8260;-0.4465;-0.1140;0.3578;0.0694;0.0275;1.1969
119.0;2.2633;2.0806;-3.1000;0.0000;144;412;0.6500;-0.4568;-0.1154;0.2942;0.0714;0.0275;1.2126
119.5;2.2756;2.0916;-2.2389;0.0000;163;392;0.6207;-0.4597;-0.1169;0.2121;0.0723;0.0275;1.2205
120.0;2.2853;2.1035;-1.3863;0.0000;187;370;0.5132;-0.4553;-0.1184;0.1310;0.0733;0.0275;1.2362
120.5;2.2917;2.1149;-0.4710;0.0000;212;353;0.4057;-0.4421;-0.1213;0.0440;0.0733;0.0275;1.2441
121.0;2.2953;2.1268;0.4305;0.0000;241;335;0.3666;-0.4216;-0.1228;-0.0411;0.0733;0.0275;1.2598
121.5;2.2981;2.1392;1.4290;0.0000;273;316;0.1808;-0.3982;-0.1242;-0.1359;0.0723;0.0275;1.2756
122.0;2.3004;2.1511;2.0450;0.0000;296;308;0.3177;-0.3747;-0.1257;-0.1945;0.0714;0.0275;1.2835
122.5;2.3036;2.1635;2.7130;0.0000;322;298;0.2102;-0.3513;-0.1272;-0.2581;0.0694;0.0275;1.2992
123.0;2.3063;2.1758;3.1282;0.0000;341;296;0.2004;-0.3264;-0.1286;-0.2981;0.0684;0.0275;1.3071
123.5;2.3086;2.1886;3.4542;0.0000;357;292;0.1906;-0.3000;-0.1286;-0.3284;0.0665;0.0275;1.3071
124.0;2.3123;2.2010;3.5084;0.0000;365;296;0.2688;-0.2781;-0.1301;-0.3333;0.0645;0.0275;1.3150
124.5;2.3164;2.2134;3.5847;0.0000;374;298;0.1808;-0.2575;-0.1316;-0.3412;0.0626;0.0275;1.3150
125.0;2.3210;2.2262;3.4992;0.0000;380;308;0.1808;-0.2370;-0.1330;-0.3333;0.0616;0.0275;1.3150
125.5;2.3251;2.2386;3.0656;0.0000;378;322;0.2786;-0.2180;-0.1330;-0.2913;0.0596;0.0275;1.3150
126.0;2.3301;2.2509;2.7916;0.0000;378;333;0.2102;-0.1989;-0.1345;-0.2659;0.0587;0.0275;1.3150
126.5;2.3365;2.2637;2.4107;0.0000;374;345;0.2199;-0.1828;-0.1345;-0.2297;0.0567;0.0275;1.3228
127.0;2.3434;2.2761;2.2847;0.0000;376;353;0.1515;-0.1696;-0.1360;-0.2180;0.0557;0.0275;1.3228
127.5;2.3503;2.2885;1.9084;0.0000;372;365;0.1613;-0.1550;-0.1360;-0.1818;0.0547;0.0275;1.3228
128.0;2.3581;2.3008;1.9076;0.0000;378;369;0.2395;-0.1433;-0.1360;-0.1818;0.0538;0.0275;1.3228
128.5;2.3672;2.3136;1.5664;0.0000;376;380;0.1711;-0.1345;-0.1374;-0.1496;0.0528;0.0275;1.3307
129.0;2.3768;2.3260;1.3573;0.0000;374;388;0.2590;-0.1272;-0.1374;-0.1290;0.0528;0.0275;1.3307
129.5;2.3860;2.3384;1.0359;0.0000;370;400;0.1906;-0.1198;-0.1389;-0.0987;0.0518;0.0275;1.3307
130.0;2.3974;2.3512;0.9298;0.0000;370;404;0.2004;-0.1169;-0.1389;-0.0890;0.0518;0.0275;1.3307
130.5;2.4107;2.3636;0.9916;0.0000;376;402;0.0440;-0.1184;-0.1389;-0.0948;0.0508;0.0275;1.3307
131.0;2.4249;2.3759;0.7328;0.0000;372;410;0.2004;-0.1228;-0.1389;-0.0704;0.0508;0.0275;1.3386
131.5;2.4400;2.3887;0.7901;0.0000;374;408;0.1222;-0.1301;-0.1403;-0.0753;0.0499;0.0275;1.3386
132.0;2.4570;2.4011;0.6191;0.0000;372;412;0.0538;-0.1403;-0.1403;-0.0596;0.0499;0.0275;1.3386
132.5;2.4739;2.4135;0.8931;0.0000;380;404;-0.0342;-0.1506;-0.1418;-0.0850;0.0499;0.0275;1.3386
133.0;2.4899;2.4258;1.0282;0.0000;382;398;0.0342;-0.1609;-0.1418;-0.0978;0.0489;0.0275;1.3465
133.5;2.5055;2.4386;1.2718;0.0000;388;388;0.0244;-0.1682;-0.1433;-0.1212;0.0479;0.0275;1.3465
134.0;2.5206;2.4510;1.3008;0.0000;390;386;0.0244;-0.1740;-0.1433;-0.1241;0.0479;0.0275;1.3465
134.5;2.5362;2.4634;1.1206;0.0000;386;388;0.0342;-0.1828;-0.1433;-0.1065;0.0469;0.0275;1.3465
135.0;2.5531;2.4762;1.1267;0.0000;386;388;0.0342;-0.1931;-0.1447;-0.1075;0.0469;0.0275;1.3465
135.5;2.5691;2.4886;0.9084;0.0000;380;392;0.1222;-0.2019;-0.1462;-0.0870;0.0459;0.0275;1.3543
136.0;2.5847;2.5009;0.9313;0.0000;378;390;0.2004;-0.2092;-0.1462;-0.0890;0.0459;0.0275;1.3543
136.5;2.5994;2.5137;0.4450;0.0000;365;402;0.3666;-0.2151;-0.1477;-0.0430;0.0459;0.0275;1.3543
137.0;2.6136;2.5261;-0.0687;0.0000;351;415;0.4643;-0.2195;-0.1477;0.0059;0.0459;0.0275;1.3543
137.5;2.6273;2.5385;-0.7824;0.0000;331;431;0.4936;-0.2224;-0.1491;0.0733;0.0459;0.0275;1.3622
138.0;2.6406;2.5508;-1.2710;0.0000;320;447;0.5132;-0.2253;-0.1506;0.1202;0.0469;0.0275;1.3622
138.5;2.6552;2.5636;-1.7802;0.0000;306;460;0.6794;-0.2297;-0.1506;0.1681;0.0479;0.0275;1.3622
139.0;2.6685;2.5760;-2.2901;0.0000;290;474;0.7869;-0.2312;-0.1521;0.2170;0.0489;0.0275;1.3622
139.5;2.6658;2.5884;-2.6962;0.0000;288;480;0.7087;-0.1946;-0.1521;0.2551;0.0499;0.0275;1.3622
140.0;2.6685;2.6012;-3.1450;0.0000;283;501;0.8065;-0.1696;-0.1535;0.2981;0.0518;0.0275;1.3701
140.5;2.6763;2.6136;-3.3290;0.0000;283;515;0.8162;-0.1565;-0.1535;0.3157;0.0528;0.0275;1.3701
141.0;2.6868;2.6259;-3.7382;0.0000;273;531;0.8260;-0.1521;-0.1550;0.3548;0.0547;0.0275;1.3701
141.5;2.7001;2.6387;-3.7977;0.0000;271;537;0.9140;-0.1550;-0.1550;0.3607;0.0567;0.0275;1.3701
142.0;2.7152;2.6511;-4.1328;0.0000;261;548;1.0020;-0.1609;-0.1550;0.3920;0.0587;0.0275;1.3780
142.5;2.7317;2.6635;-4.3924;0.0000;251;556;0.9335;-0.1711;-0.1565;0.4164;0.0616;0.0275;1.3780
143.0;2.7463;2.6758;-4.6344;0.0000;243;566;0.8651;-0.1770;-0.1565;0.4399;0.0635;0.0275;1.3780
143.5;2.7614;2.6886;-4.3687;0.0000;247;562;0.8553;-0.1828;-0.1579;0.4145;0.0655;0.0275;1.3780
144.0;2.7761;2.7010;-3.8885;0.0000;259;552;0.7576;-0.1887;-0.1579;0.3685;0.0674;0.0275;1.3858
144.5;2.7880;2.7134;-3.5542;0.0000;267;546;0.7478;-0.1858;-0.1594;0.3372;0.0694;0.0275;1.3858
145.0;2.7967;2.7262;-2.8557;0.0000;286;531;0.6403;-0.1784;-0.1594;0.2708;0.0704;0.0275;1.3858
145.5;2.8040;2.7386;-2.3863;0.0000;300;523;0.5523;-0.1638;-0.1609;0.2258;0.0723;0.0275;1.3858
146.0;2.8104;2.7509;-1.7847;0.0000;320;511;0.4448;-0.1491;-0.1609;0.1691;0.0733;0.0275;1.3858
146.5;2.8173;2.7637;-1.3954;0.0000;333;507;0.5132;-0.1345;-0.1623;0.1320;0.0733;0.0275;1.3937
147.0;2.8237;2.7761;-0.8244;0.0000;353;500;0.5718;-0.1198;-0.1623;0.0782;0.0743;0.0275;1.3937
147.5;2.8292;2.7885;-0.4107;0.0000;367;492;0.5523;-0.1023;-0.1623;0.0381;0.0743;0.0275;1.3937
148.0;2.8352;2.8008;-0.3489;0.0000;370;496;0.6305;-0.0861;-0.1623;0.0323;0.0743;0.0275;1.3937
148.5;2.8425;2.8136;-0.1015;0.0000;382;496;0.6207;-0.0730;-0.1638;0.0088;0.0743;0.0275;1.4016
149.0;2.8498;2.8260;-0.1420;0.0000;382;500;0.5523;-0.0612;-0.1638;0.0127;0.0743;0.0275;1.4016
149.5;2.8581;2.8384;-0.0656;0.0000;388;503;0.6989;-0.0495;-0.1638;0.0059;0.0743;0.0275;1.4016
150.0;2.8663;2.8512;-0.3382;0.0000;384;515;0.7087;-0.0393;-0.1638;0.0313;0.0743;0.0275;1.4016
150.5;2.8768;2.8636;-0.3191;0.0000;388;519;0.7869;-0.0334;-0.1638;0.0293;0.0753;0.0275;1.4016
151.0;2.8883;2.8759;-0.6366;0.0000;382;531;0.7185;-0.0319;-0.1638;0.0596;0.0753;0.0275;1.4094
151.5;2.9011;2.8887;-0.8260;0.0000;378;539;0.7283;-0.0319;-0.1638;0.0782;0.0753;0.0275;1.4094
152.0;2.9148;2.9011;-0.9260;0.0000;376;541;0.7283;-0.0349;-0.1638;0.0870;0.0762;0.0275;1.4094
152.5;2.9281;2.9135;-0.9969;0.0000;374;546;0.8944;-0.0378;-0.1653;0.0938;0.0762;0.0275;1.4094
153.0;2.9418;2.9258;-1.1298;0.0000;372;552;0.8944;-0.0393;-0.1653;0.1065;0.0772;0.0275;1.4173
153.5;2.9565;2.9386;-1.4489;0.0000;365;562;0.8260;-0.0451;-0.1653;0.1369;0.0782;0.0275;1.4173
154.0;2.9721;2.9510;-1.3214;0.0000;367;562;0.9042;-0.0524;-0.1653;0.1251;0.0782;0.0275;1.4173
154.5;2.9872;2.9634;-1.4893;0.0000;359;562;0.9042;-0.0598;-0.1653;0.1408;0.0792;0.0275;1.4094
155.0;3.0023;2.9757;-1.3786;0.0000;357;556;0.9042;-0.0686;-0.1653;0.1300;0.0802;0.0275;1.4016
155.5;3.0174;2.9876;-1.5420;0.0000;349;558;0.9922;-0.0759;-0.1653;0.1457;0.0811;0.0275;1.3937
156.0;3.0316;2.9995;-1.2534;0.0000;353;548;0.7478;-0.0803;-0.1667;0.1183;0.0811;0.0275;1.3858
156.5;3.0444;3.0110;-1.2611;0.0000;349;546;0.9042;-0.0847;-0.1667;0.1193;0.0821;0.0275;1.3780
157.0;3.0572;3.0229;-1.1763;0.0000;349;544;0.8162;-0.0876;-0.1667;0.1114;0.0821;0.0275;1.3622
157.5;3.0701;3.0343;-0.9832;0.0000;351;537;0.8162;-0.0905;-0.1667;0.0929;0.0831;0.0275;1.3543
158.0;3.0833;3.0453;-0.9351;0.0000;347;533;0.8847;-0.0949;-0.1682;0.0880;0.0831;0.0275;1.3465
158.5;3.0966;3.0563;-0.9779;0.0000;341;529;0.9726;-0.1023;-0.1682;0.0919;0.0841;0.0275;1.3386
159.0;3.1122;3.0673;-1.2809;0.0000;327;533;1.0606;-0.1125;-0.1682;0.1212;0.0850;0.0275;1.3307
159.5;3.1282;3.0783;-1.2374;0.0000;324;529;1.0508;-0.1257;-0.1696;0.1173;0.0850;0.0275;1.3228
160.0;3.1438;3.0888;-1.5634;0.0000;310;531;0.9922;-0.1389;-0.1696;0.1476;0.0860;0.0275;1.3150
160.5;3.1589;3.0994;-1.5336;0.0000;306;527;0.9922;-0.1491;-0.1696;0.1447;0.0870;0.0275;1.3071
161.0;3.1754;3.1094;-1.8382;0.0000;290;529;1.0802;-0.1653;-0.1711;0.1740;0.0880;0.0275;1.2913
161.5;3.1928;3.1200;-2.1489;0.0000;277;535;1.0899;-0.1828;-0.1711;0.2033;0.0890;0.0275;1.2835
162.0;3.2092;3.1296;-2.3954;0.0000;263;533;1.0215;-0.2004;-0.1726;0.2268;0.0899;0.0275;1.2756
162.5;3.2257;3.1397;-2.6641;0.0000;249;533;1.1095;-0.2151;-0.1726;0.2522;0.0909;0.0275;1.2677
163.0;3.2427;3.1493;-2.6847;0.0000;241;527;1.1877;-0.2341;-0.1740;0.2542;0.0929;0.0275;1.2598
163.5;3.2605;3.1589;-2.8557;0.0000;230;525;1.3441;-0.2546;-0.1755;0.2708;0.0938;0.0275;1.2520
164.0;3.2788;3.1680;-2.8260;0.0000;222;517;1.2659;-0.2781;-0.1770;0.2678;0.0958;0.0275;1.2441
164.5;3.2981;3.1777;-3.1427;0.0000;204;517;1.2757;-0.3015;-0.1770;0.2981;0.0968;0.0275;1.2362
165.0;3.3155;3.1864;-3.2427;0.0000;193;513;1.2854;-0.3235;-0.1784;0.3079;0.0987;0.0275;1.2205
165.5;3.3324;3.1955;-3.4511;0.0000;179;511;1.2854;-0.3425;-0.1799;0.3275;0.1007;0.0275;1.2126
166.0;3.3494;3.2042;-3.4832;0.0000;169;505;1.3734;-0.3630;-0.1814;0.3304;0.1026;0.0275;1.2047
166.5;3.3677;3.2129;-3.6313;0.0000;157;500;1.2952;-0.3879;-0.1828;0.3441;0.1036;0.0275;1.1969
167.0;3.3842;3.2212;-3.8191;0.0000;146;496;1.3050;-0.4084;-0.1843;0.3627;0.1056;0.0275;1.1890
167.5;3.4020;3.2294;-3.6954;0.0000;140;488;1.2170;-0.4319;-0.1858;0.3509;0.1075;0.0275;1.1811
168.0;3.4212;3.2376;-3.7405;0.0000;130;482;1.3050;-0.4597;-0.1887;0.3548;0.1095;0.0275;1.1654
168.5;3.4382;3.2454;-3.3519;0.0000;130;464;1.2854;-0.4832;-0.1902;0.3177;0.1114;0.0275;1.1575
169.0;3.4533;3.2532;-3.1290;0.0000;126;451;1.2757;-0.5007;-0.1916;0.2972;0.1124;0.0275;1.1496
169.5;3.4679;3.2610;-2.6504;0.0000;132;431;1.1095;-0.5183;-0.1946;0.2512;0.1144;0.0275;1.1417
170.0;3.4799;3.2683;-2.4198;0.0000;128;419;1.1779;-0.5300;-0.1960;0.2297;0.1153;0.0275;1.1339
170.5;3.4890;3.2756;-1.9046;0.0000;136;402;0.9238;-0.5330;-0.1989;0.1808;0.1163;0.0275;1.1260
171.0;3.4945;3.2830;-0.8878;0.0000;157;372;0.8847;-0.5300;-0.2004;0.0841;0.1163;0.0275;1.1102
171.5;3.4963;3.2903;-0.0542;0.0000;177;351;0.9335;-0.5154;-0.2033;0.0049;0.1173;0.0275;1.1024
172.0;3.4931;3.2972;1.2084;0.0000;208;320;0.5816;-0.4905;-0.2048;-0.1153;0.1163;0.0275;1.0945
172.5;3.4853;3.3036;2.2534;0.0000;238;294;0.3861;-0.4553;-0.2063;-0.2151;0.1153;0.0275;1.0866
173.0;3.4739;3.3104;3.5076;0.0000;275;267;0.2590;-0.4099;-0.2077;-0.3333;0.1134;0.0275;1.0787
173.5;3.4588;3.3168;4.3305;0.0000;302;251;0.0831;-0.3557;-0.2092;-0.4115;0.1114;0.0275;1.0630
174.0;3.4423;3.3228;5.0267;0.0000;339;232;-0.0342;-0.2986;-0.2107;-0.5103;0.1085;0.0275;1.0551
174.5;3.4231;3.3292;5.0267;0.0000;369;222;0.1711;-0.2370;-0.2121;-0.5806;0.1056;0.0275;1.0472