general_params = {
fan_speed = 150.000000,
angular_kp = 0.060000,
angular_ki = 0.000300,
angular_kd = 0.000000,
angular_acc_feed_forward_k = 0.000600,
angular_brake_feed_forward_k = 0.000400,
angular_vel_feed_forward_k = 0.004000,
linear_vel_acc_feed_forward_k = 0.000700,
linear_vel_brake_feed_forward_k = 0.000550,
linear_vel_feed_forward_k = 0.040000,
wall_kp = 0.000000,
wall_ki = 0.000000,
wall_kd = 0.000000,
linear_vel_kp = 1.000000,
linear_vel_ki = 0.005000,
linear_vel_kd = 25.000000,
diagonal_walls_kp = 0.000000,
diagonal_walls_ki = 0.000000,
diagonal_walls_kd = 0.000000,
start_wall_break_mm_left = 56.000000,
start_wall_break_mm_right = 64.000000,
enable_wall_break_correction = 1.000000,
max_linear_acc_jerk = 40.000000,
max_linear_brake_jerk = 40.000000,
wheel_radius_mm = 13.250000,
coulomb_ff = 0.130000,
angular_coulomb_ff = 0.010000,
angular_static_ff = 0.010000,
angular_coulomb_ff_inplace = 0.110000,
angular_static_ff_inplace = 0.130000,
};
t;Vel;TgtVel;AngVel;TgtAngVel;PWM_L;PWM_R;ImuDiff;VelP;VelI;AngP;AngI;RotFF;LinFF;Batt_mV
0.0;0.0000;0.0000;0.0055;0.0000;-1;-1;-0.0049;-0.0012;-0.0012;-0.0010;-0.0010;0.0000;-0.0000;10051
0.5;0.0000;0.0000;0.0110;0.0000;-1;-1;-0.0049;-0.0012;-0.0012;-0.0010;-0.0010;0.0000;-0.0000;10051
1.0;0.0000;0.0000;-0.0206;0.0000;-1;-1;-0.0049;-0.0012;-0.0012;0.0010;-0.0000;0.0000;-0.0000;10051
1.5;0.0000;0.0000;-0.0110;0.0000;-1;-1;-0.0049;-0.0012;-0.0012;-0.0000;-0.0000;0.0000;-0.0000;10051
2.0;0.0000;0.0000;-0.0041;0.0000;-1;-1;-0.0049;-0.0012;-0.0012;-0.0000;-0.0000;0.0000;-0.0000;10051
2.5;0.0000;0.0000;-0.0082;0.0000;-1;-1;-0.0049;-0.0012;-0.0012;-0.0000;-0.0000;0.0000;-0.0000;10051
3.0;0.0000;0.0000;-0.0385;0.0000;-1;-1;-0.0049;-0.0012;-0.0012;0.0020;-0.0000;0.0000;-0.0000;10051
3.5;0.0000;0.0000;-0.0604;0.0000;-1;1;-0.0049;0.0003;-0.0012;0.0029;-0.0000;0.0000;-0.0000;10051
4.0;0.0000;0.0000;-0.0522;0.0000;-1;1;-0.0049;0.0003;-0.0012;0.0029;-0.0000;0.0000;-0.0000;10051
4.5;0.0000;0.0005;-0.0261;0.0000;-1;-1;-0.0049;0.0003;-0.0012;0.0010;-0.0000;0.0000;-0.0000;10051
5.0;0.0000;0.0005;-0.0082;0.0000;-1;-1;-0.0049;0.0003;-0.0012;-0.0000;-0.0000;0.0000;-0.0000;10051
5.5;0.0000;0.0005;-0.0247;0.0000;-1;1;-0.0049;0.0003;-0.0012;0.0010;-0.0000;0.0000;-0.0000;10051
6.0;0.0000;0.0005;-0.0096;0.0000;-1;-1;-0.0049;0.0003;-0.0012;-0.0000;-0.0000;0.0000;-0.0000;10051
6.5;0.0000;0.0009;0.0000;0.0000;32;32;-0.0049;0.0003;-0.0012;-0.0010;-0.0000;0.0000;0.1260;10051
7.0;0.0000;0.0009;0.0206;0.0000;32;30;-0.0049;0.0003;-0.0012;-0.0020;-0.0000;0.0000;0.1260;10051
7.5;0.0000;0.0009;0.0151;0.0000;32;30;-0.0049;0.0003;-0.0012;-0.0010;-0.0000;0.0000;0.1260;10051
8.0;0.0000;0.0014;0.0110;0.0000;32;32;-0.0049;0.0003;-0.0012;-0.0010;-0.0000;0.0000;0.1260;10051
8.5;0.0000;0.0014;0.0206;0.0000;32;30;-0.0049;0.0003;-0.0012;-0.0020;-0.0000;0.0000;0.1260;10051
9.0;0.0000;0.0018;0.0343;0.0000;32;30;-0.0049;0.0003;-0.0012;-0.0029;-0.0000;0.0000;0.1260;10051
9.5;0.0005;0.0018;0.0453;0.0000;32;30;-0.0049;0.0003;-0.0012;-0.0029;-0.0000;0.0000;0.1260;10051
10.0;0.0005;0.0023;0.0288;0.0000;32;30;-0.0049;0.0003;-0.0012;-0.0020;-0.0000;0.0000;0.1260;10051
10.5;0.0005;0.0023;0.0302;0.0000;32;30;-0.0049;0.0003;-0.0012;-0.0020;-0.0000;0.0000;0.1260;10051
11.0;0.0009;0.0027;0.0330;0.0000;32;30;-0.0049;0.0003;-0.0012;-0.0029;-0.0010;0.0000;0.1260;10051
11.5;0.0009;0.0027;0.0151;0.0000;32;32;-0.0049;0.0018;-0.0012;-0.0020;-0.0010;0.0000;0.1260;10051
12.0;0.0014;0.0032;0.0014;0.0000;32;32;-0.0049;0.0018;-0.0012;-0.0010;-0.0010;0.0000;0.1260;10051
12.5;0.0014;0.0032;-0.0179;0.0000;32;32;-0.0049;0.0018;-0.0012;0.0010;-0.0010;0.0000;0.1260;10051
13.0;0.0014;0.0037;-0.0192;0.0000;32;32;-0.0049;0.0018;-0.0012;0.0010;-0.0000;0.0000;0.1260;10051
13.5;0.0018;0.0037;-0.0247;0.0000;32;32;-0.0049;0.0018;-0.0012;0.0010;-0.0000;0.0000;0.1260;10051
14.0;0.0018;0.0041;-0.0179;0.0000;32;32;-0.0049;0.0018;-0.0012;0.0010;-0.0000;0.0000;0.1260;10051
14.5;0.0023;0.0046;-0.0192;0.0000;32;32;-0.0049;0.0018;-0.0012;0.0010;-0.0000;0.0000;0.1260;10051
15.0;0.0023;0.0046;-0.0137;0.0000;32;32;-0.0049;0.0018;-0.0012;-0.0000;-0.0000;0.0000;0.1260;10051
15.5;0.0023;0.0050;0.0110;0.0000;32;32;-0.0049;0.0018;-0.0012;-0.0010;-0.0000;0.0000;0.1260;10051
16.0;0.0027;0.0055;-0.0055;0.0000;32;32;-0.0049;0.0018;-0.0012;-0.0000;-0.0000;0.0000;0.1260;10051
16.5;0.0027;0.0055;-0.0055;0.0000;32;32;-0.0049;0.0018;-0.0012;-0.0000;-0.0000;0.0000;0.1260;10051
17.0;0.0032;0.0060;-0.0522;0.0000;32;32;-0.0049;0.0018;-0.0012;0.0029;-0.0000;0.0000;0.1260;10051
17.5;0.0032;0.0064;-0.0316;0.0000;32;32;-0.0049;0.0018;-0.0012;0.0010;-0.0000;0.0000;0.1260;10051
18.0;0.0037;0.0069;-0.0522;0.0000;32;32;-0.0049;0.0032;-0.0012;0.0029;-0.0000;0.0000;0.1260;10051
18.5;0.0037;0.0073;-0.0398;0.0000;32;32;-0.0049;0.0032;-0.0012;0.0020;-0.0000;0.0000;0.1260;10051
19.0;0.0041;0.0078;-0.0151;0.0000;32;32;-0.0049;0.0032;0.0003;-0.0000;-0.0000;0.0000;0.1260;10051
19.5;0.0041;0.0078;-0.0027;0.0000;32;32;-0.0049;0.0032;0.0003;-0.0000;-0.0000;0.0000;0.1260;10051
20.0;0.0046;0.0082;0.0014;0.0000;32;32;-0.0049;0.0032;0.0003;-0.0010;-0.0000;0.0000;0.1260;10051
20.5;0.0046;0.0087;-0.0494;0.0000;32;34;-0.0049;0.0032;0.0003;0.0029;-0.0000;0.0000;0.1260;10051
21.0;0.0050;0.0092;-0.0398;0.0000;32;34;-0.0049;0.0032;0.0003;0.0020;-0.0000;0.0000;0.1260;10051
21.5;0.0050;0.0096;-0.0797;0.0000;32;34;-0.0049;0.0032;0.0003;0.0039;-0.0000;0.0000;0.1260;10051
22.0;0.0055;0.0101;-0.0467;0.0000;32;34;-0.0049;0.0047;0.0003;0.0020;-0.0000;0.0000;0.1260;10051
22.5;0.0064;0.0105;-0.0426;0.0000;32;32;-0.0831;0.0032;0.0003;0.0020;-0.0000;0.0000;0.1260;10051
23.0;0.0069;0.0110;-0.0082;0.0000;32;32;-0.0049;0.0032;0.0003;-0.0000;-0.0000;0.0000;0.1260;10051
23.5;0.0078;0.0114;-0.0192;0.0000;32;32;-0.0049;0.0032;0.0003;0.0010;-0.0000;0.0000;0.1260;10051
24.0;0.0082;0.0119;-0.0385;0.0000;32;32;-0.0049;0.0032;0.0003;0.0020;-0.0000;0.0000;0.1260;10051
24.5;0.0082;0.0124;-0.0014;0.0000;32;32;-0.0049;0.0032;0.0003;-0.0000;-0.0000;0.0000;0.1260;10051
25.0;0.0087;0.0128;-0.0192;0.0000;32;32;-0.0049;0.0032;0.0003;0.0010;-0.0000;0.0000;0.1260;10051
25.5;0.0092;0.0137;0.0069;0.0000;32;32;-0.0049;0.0032;0.0003;-0.0010;-0.0000;0.0000;0.1260;10051
26.0;0.0092;0.0142;-0.0261;0.0000;32;32;-0.0049;0.0047;0.0003;0.0010;-0.0000;0.0000;0.1260;10051
26.5;0.0096;0.0147;0.0041;0.0000;34;32;-0.0049;0.0047;0.0003;-0.0010;-0.0000;0.0000;0.1260;10051
27.0;0.0096;0.0151;-0.0302;0.0000;32;34;-0.0049;0.0047;0.0003;0.0010;-0.0000;0.0000;0.1260;10051
27.5;0.0101;0.0156;0.0041;0.0000;34;34;-0.0049;0.0047;0.0003;-0.0010;-0.0000;0.0000;0.1260;10051
28.0;0.0101;0.0165;0.0165;0.0000;34;34;-0.0049;0.0047;0.0003;-0.0020;-0.0000;0.0000;0.1260;10051
28.5;0.0105;0.0169;-0.0288;0.0000;34;34;-0.0049;0.0062;0.0003;0.0010;-0.0000;0.0000;0.1260;10051
29.0;0.0105;0.0174;-0.0494;0.0000;34;34;-0.0049;0.0062;0.0003;0.0020;-0.0000;0.0000;0.1260;10051
29.5;0.0110;0.0179;-0.0865;0.0000;34;36;-0.0049;0.0062;0.0003;0.0049;-0.0000;0.0000;0.1260;10051
30.0;0.0110;0.0188;-0.0261;0.0000;34;34;-0.0049;0.0062;0.0003;0.0010;-0.0000;0.0000;0.1260;10051
30.5;0.0114;0.0192;-0.0398;0.0000;34;36;-0.0049;0.0076;0.0003;0.0020;-0.0000;0.0000;0.1260;10051
31.0;0.0114;0.0201;0.0137;0.0000;36;34;-0.0049;0.0076;0.0003;-0.0010;-0.0000;0.0000;0.1260;10051
31.5;0.0119;0.0206;0.0069;0.0000;36;36;-0.0049;0.0076;0.0003;-0.0010;-0.0000;0.0000;0.1260;10051
32.0;0.0119;0.0211;0.0165;0.0000;36;36;-0.0049;0.0091;0.0003;-0.0020;-0.0000;0.0000;0.1260;10051
32.5;0.0124;0.0220;-0.0082;0.0000;36;36;-0.0049;0.0091;0.0003;-0.0000;-0.0000;0.0000;0.1260;10051
33.0;0.0124;0.0224;-0.0192;0.0000;36;36;-0.0049;0.0091;0.0003;0.0010;-0.0000;0.0000;0.1260;10051
33.5;0.0128;0.0234;-0.0124;0.0000;36;36;-0.0049;0.0105;0.0003;-0.0000;-0.0000;0.0000;0.1260;10051
34.0;0.0128;0.0238;-0.0192;0.0000;36;36;-0.0049;0.0105;0.0003;0.0010;-0.0000;0.0000;0.1260;10051
34.5;0.0133;0.0247;0.0014;0.0000;36;36;-0.0049;0.0105;0.0003;-0.0010;-0.0000;0.0000;0.1260;10051
35.0;0.0133;0.0252;0.0027;0.0000;36;36;-0.0049;0.0105;0.0003;-0.0010;-0.0000;0.0000;0.1260;10051
35.5;0.0137;0.0261;0.0591;0.0000;38;36;-0.0049;0.0120;0.0003;-0.0039;-0.0000;0.0000;0.1260;10051
36.0;0.0137;0.0266;0.0673;0.0000;38;36;-0.0049;0.0120;0.0003;-0.0049;-0.0000;0.0000;0.1260;10051
36.5;0.0142;0.0275;0.1044;0.0000;38;36;-0.0049;0.0120;0.0003;-0.0068;-0.0000;0.0000;0.1260;10051
37.0;0.0151;0.0284;0.0756;0.0000;38;36;-0.0929;0.0120;0.0003;-0.0049;-0.0000;0.0000;0.1260;10051
37.5;0.0156;0.0288;0.0797;0.0000;38;36;-0.0049;0.0120;0.0003;-0.0049;-0.0000;0.0000;0.1260;10051
38.0;0.0165;0.0298;0.0852;0.0000;38;36;-0.0049;0.0135;0.0003;-0.0059;-0.0000;0.0000;0.1260;10051
38.5;0.0169;0.0307;0.0824;0.0000;38;36;-0.0049;0.0135;0.0018;-0.0059;-0.0000;0.0000;0.1260;10051
39.0;0.0179;0.0316;0.0797;0.0000;38;36;0.0733;0.0135;0.0018;-0.0049;-0.0000;0.0000;0.1260;10051
39.5;0.0188;0.0321;0.0412;0.0000;36;36;-0.0049;0.0135;0.0018;-0.0029;-0.0000;0.0000;0.1260;10051
40.0;0.0192;0.0330;0.0316;0.0000;36;36;-0.0049;0.0135;0.0018;-0.0029;-0.0000;0.0000;0.1260;10051
40.5;0.0197;0.0339;-0.0302;0.0000;36;38;-0.0049;0.0135;0.0018;0.0010;-0.0000;0.0000;0.1260;10051
41.0;0.0201;0.0348;-0.0398;0.0000;36;38;-0.0049;0.0135;0.0018;0.0020;-0.0000;0.0000;0.1260;10051
41.5;0.0211;0.0353;-0.1058;0.0000;36;38;-0.0831;0.0135;0.0018;0.0059;-0.0000;0.0000;0.1260;10051
42.0;0.0220;0.0362;-0.1016;0.0000;36;38;-0.0049;0.0135;0.0018;0.0059;-0.0000;0.0000;0.1260;10051
42.5;0.0224;0.0371;-0.1360;0.0000;36;38;-0.0049;0.0135;0.0018;0.0078;-0.0000;0.0000;0.1260;10051
43.0;0.0229;0.0380;-0.1387;0.0000;36;40;-0.0049;0.0149;0.0018;0.0078;-0.0000;0.0000;0.1260;10051
43.5;0.0238;0.0389;-0.0604;0.0000;36;38;0.0831;0.0149;0.0018;0.0029;-0.0000;0.0000;0.1260;10051
44.0;0.0247;0.0398;-0.0302;0.0000;36;38;-0.0049;0.0149;0.0018;0.0010;-0.0000;0.0000;0.1260;10051
44.5;0.0252;0.0408;0.0261;0.0000;38;38;-0.0049;0.0149;0.0018;-0.0020;-0.0000;0.0000;0.1260;10051
45.0;0.0256;0.0417;0.0027;0.0000;38;38;-0.0049;0.0149;0.0018;-0.0010;-0.0000;0.0000;0.1260;10051
45.5;0.0266;0.0426;0.0041;0.0000;38;38;-0.0831;0.0149;0.0018;-0.0010;-0.0000;0.0000;0.1260;10051
46.0;0.0275;0.0435;-0.0357;0.0000;38;38;-0.0049;0.0149;0.0018;0.0020;-0.0000;0.0000;0.1260;10051
46.5;0.0284;0.0444;-0.0082;0.0000;38;38;0.0733;0.0149;0.0018;-0.0000;-0.0000;0.0000;0.1260;10051
47.0;0.0293;0.0453;-0.0124;0.0000;38;38;-0.0049;0.0149;0.0018;-0.0000;-0.0000;0.0000;0.1260;10051
47.5;0.0307;0.0462;-0.0316;0.0000;38;38;-0.0831;0.0149;0.0018;0.0010;-0.0000;0.0000;0.1260;10051
48.0;0.0316;0.0472;-0.0110;0.0000;38;38;-0.0049;0.0149;0.0032;-0.0000;-0.0000;0.0000;0.1260;10051
48.5;0.0321;0.0481;-0.0110;0.0000;38;38;-0.0049;0.0149;0.0032;-0.0000;-0.0000;0.0000;0.1260;10051
49.0;0.0325;0.0495;0.0536;0.0000;40;38;-0.0049;0.0164;0.0032;-0.0039;-0.0000;0.0000;0.1260;10051
49.5;0.0334;0.0504;0.0330;0.0000;38;38;0.0733;0.0164;0.0032;-0.0029;-0.0000;0.0000;0.1260;10051
50.0;0.0339;0.0513;0.0549;0.0000;40;38;-0.0049;0.0164;0.0032;-0.0039;-0.0000;0.0000;0.1260;10051
50.5;0.0353;0.0522;0.0261;0.0000;40;38;-0.0831;0.0164;0.0032;-0.0020;-0.0000;0.0000;0.1260;10051
51.0;0.0357;0.0531;0.0385;0.0000;40;38;-0.0049;0.0164;0.0032;-0.0029;-0.0000;0.0000;0.1260;10051
51.5;0.0371;0.0545;0.0234;0.0000;38;38;0.0733;0.0164;0.0032;-0.0020;-0.0000;0.0000;0.1260;10051
52.0;0.0385;0.0554;0.0591;0.0000;40;38;-0.0929;0.0164;0.0032;-0.0039;-0.0000;0.0000;0.1260;10051
52.5;0.0394;0.0563;0.0522;0.0000;40;38;-0.0049;0.0164;0.0032;-0.0039;-0.0000;0.0000;0.1260;10051
53.0;0.0403;0.0577;0.0082;0.0000;38;38;-0.0049;0.0164;0.0032;-0.0010;-0.0000;0.0000;0.1260;10051
53.5;0.0412;0.0586;-0.0082;0.0000;38;40;0.0733;0.0164;0.0032;-0.0000;-0.0000;0.0000;0.1339;10051
54.0;0.0426;0.0595;-0.0467;0.0000;38;40;-0.0831;0.0164;0.0032;0.0020;-0.0000;0.0000;0.1339;10051