general_params = {
fan_speed = 150.000000,
angular_kp = 0.060000,
angular_ki = 0.000300,
angular_kd = 0.000000,
angular_acc_feed_forward_k = 0.000550,
angular_brake_feed_forward_k = 0.000400,
angular_vel_feed_forward_k = 0.004000,
linear_vel_acc_feed_forward_k = 0.015000,
linear_vel_brake_feed_forward_k = 0.010000,
linear_vel_feed_forward_k = 0.055000,
wall_kp = 0.010000,
wall_ki = 0.000000,
wall_kd = 0.000000,
linear_vel_kp = 1.900000,
linear_vel_ki = 0.002000,
linear_vel_kd = 0.000000,
diagonal_walls_kp = 0.000000,
diagonal_walls_ki = 0.000000,
diagonal_walls_kd = 0.000000,
start_wall_break_mm_left = 56.000000,
start_wall_break_mm_right = 64.000000,
enable_wall_break_correction = 1.000000,
max_linear_acc_jerk = 40.000000,
max_linear_brake_jerk = 40.000000,
wheel_radius_mm = 13.250000,
coulomb_ff = 0.130000,
angular_coulomb_ff = 0.010000,
angular_static_ff = 0.010000,
angular_coulomb_ff_inplace = 0.120000,
angular_static_ff_inplace = 0.140000,
};
t;Vel;TgtVel;AngVel;TgtAngVel;PWM_L;PWM_R;ImuDiff;VelP;VelI;AngP;AngI;RotFF;LinFF;Batt_mV
0.0;0.0000;0.0000;-0.0206;0.0000;-1;-1;-0.0831;-0.0012;-0.0012;0.0010;-0.0000;0.0000;-0.0000;10974
0.5;0.0000;0.0000;-0.0343;0.0000;-1;-1;-0.0049;-0.0012;-0.0012;0.0020;-0.0000;0.0000;-0.0000;10974
1.0;0.0000;0.0000;-0.0357;0.0000;-1;-1;-0.0049;-0.0012;-0.0012;0.0020;-0.0000;0.0000;-0.0000;10974
1.5;0.0000;0.0000;-0.0234;0.0000;-1;-1;-0.0049;-0.0012;-0.0012;0.0010;-0.0000;0.0000;-0.0000;10974
2.0;0.0000;0.0000;-0.0137;0.0000;-1;-1;-0.0049;-0.0012;-0.0012;-0.0000;-0.0000;0.0000;-0.0000;10974
2.5;0.0000;0.0000;0.0027;0.0000;-1;-1;-0.0049;0.0003;-0.0012;-0.0010;-0.0000;0.0000;-0.0000;10974
3.0;0.0000;0.0000;-0.0055;0.0000;-1;-1;-0.0049;0.0003;-0.0012;-0.0000;-0.0000;0.0000;-0.0000;10974
3.5;0.0000;0.0000;-0.0110;0.0000;-1;-1;-0.0049;0.0003;-0.0012;-0.0000;-0.0000;0.0000;-0.0000;10974
4.0;0.0000;0.0000;0.0151;0.0000;-1;-1;-0.0049;0.0003;-0.0012;-0.0010;-0.0000;0.0000;-0.0000;10974
4.5;0.0000;0.0005;0.0234;0.0000;-1;-1;-0.0049;0.0003;-0.0012;-0.0020;-0.0000;0.0000;-0.0000;10974
5.0;0.0000;0.0005;0.0288;0.0000;-1;-1;-0.0049;0.0003;-0.0012;-0.0020;-0.0000;0.0000;-0.0000;10974
5.5;0.0000;0.0005;0.0069;0.0000;-1;-1;-0.0049;0.0003;-0.0012;-0.0010;-0.0000;0.0000;-0.0000;10974
6.0;0.0000;0.0005;0.0192;0.0000;-1;-1;-0.0049;0.0003;-0.0012;-0.0020;-0.0000;0.0000;-0.0000;10974
6.5;0.0000;0.0009;0.0275;0.0000;30;28;-0.0049;0.0018;-0.0012;-0.0020;-0.0000;0.0000;0.1339;10974
7.0;0.0000;0.0009;0.0426;0.0000;30;28;-0.0049;0.0018;-0.0012;-0.0029;-0.0010;0.0000;0.1339;10974
7.5;0.0000;0.0009;-0.0110;0.0000;30;30;-0.0049;0.0018;-0.0012;-0.0000;-0.0010;0.0000;0.1339;10974
8.0;0.0000;0.0014;-0.0467;0.0000;28;30;-0.0049;0.0018;-0.0012;0.0020;-0.0000;0.0000;0.1339;10974
8.5;0.0000;0.0014;-0.0302;0.0000;30;30;-0.0049;0.0018;-0.0012;0.0010;-0.0000;0.0000;0.1339;10974
9.0;0.0000;0.0018;-0.0179;0.0000;30;30;-0.0049;0.0018;-0.0012;0.0010;-0.0000;0.0000;0.1339;10974
9.5;0.0005;0.0018;-0.0096;0.0000;30;30;-0.0049;0.0018;-0.0012;-0.0000;-0.0000;0.0000;0.1339;10974
10.0;0.0005;0.0023;-0.0481;0.0000;30;30;-0.0049;0.0018;-0.0012;0.0020;-0.0000;0.0000;0.1339;10974
10.5;0.0005;0.0023;-0.0508;0.0000;30;30;-0.0049;0.0018;-0.0012;0.0029;-0.0000;0.0000;0.1339;10974
11.0;0.0009;0.0027;-0.0536;0.0000;30;30;-0.0049;0.0032;-0.0012;0.0029;-0.0000;0.0000;0.1339;10974
11.5;0.0009;0.0027;-0.0110;0.0000;30;30;-0.0049;0.0032;-0.0012;-0.0000;-0.0000;0.0000;0.1339;10974
12.0;0.0014;0.0032;-0.0453;0.0000;30;30;-0.0049;0.0032;-0.0012;0.0020;-0.0000;0.0000;0.1339;10974
12.5;0.0014;0.0032;-0.0453;0.0000;30;30;-0.0049;0.0032;-0.0012;0.0020;-0.0000;0.0000;0.1339;10974
13.0;0.0014;0.0037;-0.0549;0.0000;30;32;-0.0049;0.0032;-0.0012;0.0029;-0.0000;0.0000;0.1339;10974
13.5;0.0018;0.0037;0.0110;0.0000;30;30;-0.0049;0.0032;-0.0012;-0.0010;-0.0000;0.0000;0.1339;10974
14.0;0.0018;0.0041;-0.0192;0.0000;30;30;-0.0049;0.0032;-0.0012;0.0010;-0.0000;0.0000;0.1339;10974
14.5;0.0023;0.0046;0.0137;0.0000;30;30;-0.0049;0.0032;-0.0012;-0.0010;-0.0000;0.0000;0.1339;10974
15.0;0.0023;0.0046;-0.0288;0.0000;30;32;-0.0049;0.0032;-0.0012;0.0010;-0.0000;0.0000;0.1339;10974
15.5;0.0023;0.0050;-0.0577;0.0000;30;32;-0.0049;0.0047;-0.0012;0.0029;-0.0000;0.0000;0.1339;10974
16.0;0.0027;0.0055;-0.0879;0.0000;30;32;-0.0049;0.0047;-0.0012;0.0049;-0.0000;0.0000;0.1339;10923
16.5;0.0027;0.0055;-0.0824;0.0000;30;32;-0.0049;0.0047;-0.0012;0.0039;-0.0000;0.0000;0.1339;10923
17.0;0.0032;0.0060;-0.0343;0.0000;30;32;-0.0049;0.0047;-0.0012;0.0020;-0.0000;0.0000;0.1339;10923
17.5;0.0032;0.0064;-0.0316;0.0000;32;32;-0.0049;0.0047;-0.0012;0.0010;-0.0000;0.0000;0.1339;10974
18.0;0.0037;0.0069;-0.0027;0.0000;32;32;-0.0049;0.0062;-0.0012;-0.0000;-0.0000;0.0000;0.1339;10974
18.5;0.0037;0.0073;-0.0481;0.0000;32;32;-0.0049;0.0062;-0.0012;0.0020;-0.0000;0.0000;0.1417;10974
19.0;0.0046;0.0078;-0.0549;0.0000;32;32;-0.0831;0.0047;-0.0012;0.0029;-0.0000;0.0000;0.1417;10974
19.5;0.0055;0.0078;-0.0838;0.0000;32;32;-0.0049;0.0047;-0.0012;0.0049;-0.0000;0.0000;0.1417;10974
20.0;0.0060;0.0082;-0.0755;0.0000;32;32;-0.0049;0.0032;-0.0012;0.0039;-0.0000;0.0000;0.1417;10974
20.5;0.0064;0.0087;-0.0591;0.0000;32;32;-0.0049;0.0032;-0.0012;0.0029;-0.0000;0.0000;0.1417;10974
21.0;0.0069;0.0092;-0.0728;0.0000;32;32;-0.0049;0.0047;-0.0012;0.0039;-0.0000;0.0000;0.1417;10974