general_params = {
fan_speed = 600.000000,
angular_kp = 0.090000,
angular_ki = 0.000500,
angular_kd = 0.050000,
angular_acc_feed_forward_k = 0.000600,
angular_brake_feed_forward_k = 0.000600,
angular_vel_feed_forward_k = 0.005600,
linear_vel_acc_feed_forward_k = 0.033000,
linear_vel_brake_feed_forward_k = 0.025000,
linear_vel_feed_forward_k = 0.141000,
wall_kp = 0.010000,
wall_ki = 0.000000,
wall_kd = 0.000000,
linear_vel_kp = 2.500000,
linear_vel_ki = 0.010000,
linear_vel_kd = 0.000000,
diagonal_walls_kp = 0.001000,
diagonal_walls_ki = 0.000000,
diagonal_walls_kd = 0.004000,
start_wall_break_mm_left = 56.000000,
start_wall_break_mm_right = 64.000000,
enable_wall_break_correction = 1.000000,
max_linear_acc_jerk = 1650.000000,
max_linear_brake_jerk = 1650.000000,
wheel_radius_mm = 13.100000,
coulomb_ff = 0.180000,
angular_coulomb_ff = 0.070000,
angular_static_ff = 0.250000,
angular_coulomb_ff_inplace = 0.000000,
angular_static_ff_inplace = 0.000000,
linear_accel_margin_mm = 5.000000,
linear_brake_margin_mm = 5.000000,
};
t;Vel;TgtVel;AngVel;TgtAngVel;PWM_L;PWM_R;ImuDiff;PosX;PosY;Angle;Dist;SensL;SensFL;SensFR;SensR
0.0;0.0000;0.0000;0.0742;0.0000;1;-3;0.3959;-1.2519;0.0000;-0.0109;-1.8431;270.0;270.0;270.0;270.0
0.5;0.0000;0.0009;0.1264;0.0000;58;52;-0.0049;-1.2519;0.0000;-0.0109;-1.8431;270.0;270.0;270.0;270.0
1.0;0.0000;0.0023;-0.0124;0.0000;60;62;-0.0049;-1.2519;0.0000;-0.0109;-1.8431;270.0;270.0;270.0;270.0
1.5;0.0005;0.0041;-0.0206;0.0000;67;69;-0.0049;-1.2519;0.0000;-0.0109;-1.8431;270.0;270.0;270.0;270.0
2.0;0.0014;0.0060;0.1236;0.0000;77;73;-0.0049;-1.2519;0.0000;-0.0109;-1.8431;270.0;270.0;270.0;270.0
2.5;0.0023;0.0082;0.2239;0.0000;89;77;-0.0049;-1.2519;0.0000;-0.0109;-1.8431;270.0;270.0;270.0;270.0
3.0;0.0041;0.0114;0.1003;0.0000;93;89;-0.0049;-1.2519;0.0000;-0.0109;-1.8431;270.0;270.0;270.0;270.0
3.5;0.0060;0.0147;-0.0247;0.0000;97;99;-0.0049;-1.2519;0.0000;-0.0109;-1.8431;270.0;270.0;270.0;270.0
4.0;0.0078;0.0183;-0.1113;0.0000;103;109;-0.0049;-1.2519;0.0000;-0.0109;-1.8431;270.0;270.0;270.0;270.0
4.5;0.0105;0.0224;0.0137;0.0000;114;114;-0.0049;-1.2519;0.0000;-0.0109;-1.8431;270.0;270.0;270.0;270.0
5.0;0.0133;0.0270;0.1016;0.0000;124;118;-0.0049;-1.2519;0.0000;-0.0109;-1.8431;270.0;270.0;270.0;270.0
5.5;0.0160;0.0321;0.0659;0.0000;132;128;-0.0049;-1.2519;0.0000;-0.0109;-1.8431;270.0;270.0;270.0;270.0
6.0;0.0197;0.0371;-0.0096;0.0000;138;140;-0.0049;-1.2519;0.0000;-0.0109;-1.8431;270.0;270.0;270.0;270.0
6.5;0.0234;0.0430;-0.0618;0.0000;144;148;-0.0049;-1.2519;0.0000;-0.0109;-1.8431;270.0;270.0;270.0;270.0
7.0;0.0270;0.0495;0.0948;0.0000;157;153;-0.0049;-1.2519;0.0000;-0.0109;-1.8431;270.0;270.0;270.0;270.0
7.5;0.0316;0.0559;-0.0082;0.0000;163;163;-0.0049;-1.2519;0.0000;-0.0109;-1.8431;270.0;270.0;270.0;270.0
8.0;0.0380;0.0627;-0.0810;0.0000;167;175;0.0733;-1.2061;0.0000;-0.0109;-1.8431;270.0;270.0;270.0;270.0
8.5;0.0458;0.0705;-0.2088;0.0000;177;185;-0.0831;-1.1679;0.0000;-0.0109;-1.8431;270.0;270.0;270.0;270.0
9.0;0.0531;0.0783;-0.0783;0.0000;187;191;-0.0049;-1.1679;0.0000;-0.0109;-1.8431;270.0;270.0;270.0;270.0
9.5;0.0595;0.0865;0.0137;0.0000;196;195;-0.0049;-1.1679;0.0000;-0.0109;-1.8431;270.0;270.0;270.0;270.0
10.0;0.0659;0.0952;0.0343;0.0000;206;204;-0.0049;-1.1679;0.0000;-0.0109;-1.8431;270.0;270.0;270.0;270.0
10.5;0.0760;0.1039;-0.0907;0.0000;212;216;-0.0049;-1.0916;0.0000;-0.0109;-1.8431;270.0;270.0;270.0;270.0
11.0;0.0847;0.1136;-0.1786;0.0000;218;226;-0.0049;-1.0916;0.0000;-0.0109;-1.8431;270.0;270.0;270.0;270.0
11.5;0.0925;0.1236;-0.1758;0.0000;228;236;-0.0049;-1.0916;0.0000;-0.0109;-1.8431;270.0;270.0;270.0;270.0
12.0;0.0998;0.1337;-0.1717;0.0000;232;239;-0.0049;-1.0916;0.0000;-0.0109;-1.8431;270.0;270.0;270.0;270.0
12.5;0.1085;0.1433;-0.2857;0.0000;232;245;0.0049;-1.0076;0.0000;-0.0109;-1.0435;270.0;270.0;270.0;270.0
13.0;0.1181;0.1534;-0.1827;0.0000;236;243;0.0049;-0.9313;-0.0076;-0.0328;-1.0435;270.0;270.0;270.0;270.0
13.5;0.1277;0.1635;-0.2445;0.0000;236;247;0.0049;-0.8473;-0.0076;-0.0328;-1.0435;270.0;270.0;270.0;270.0
14.0;0.1369;0.1735;-0.1332;0.0000;241;247;-0.0831;-0.8092;-0.0076;-0.0328;-1.0435;270.0;270.0;270.0;270.0
14.5;0.1461;0.1836;-0.2225;0.0000;241;251;0.0049;-0.7252;-0.0076;-0.0328;-1.0435;270.0;270.0;270.0;270.0
15.0;0.1552;0.1937;-0.3173;0.0000;239;255;0.0049;-0.6489;-0.0076;-0.0548;-1.0435;270.0;270.0;270.0;270.0
15.5;0.1653;0.2033;-0.1552;0.0000;245;251;-0.0831;-0.5267;-0.0076;-0.0548;-1.0435;270.0;270.0;270.0;270.0
16.0;0.1749;0.2134;-0.2445;0.0000;245;255;0.0049;-0.4427;-0.0076;-0.0548;-1.0435;270.0;270.0;270.0;270.0
16.5;0.1850;0.2234;-0.2033;0.0000;247;255;-0.0733;-0.3282;-0.0076;-0.0768;-1.0435;270.0;270.0;270.0;270.0
17.0;0.1955;0.2335;-0.3365;0.0000;245;261;0.0831;-0.2061;-0.0076;-0.0768;-0.2439;270.0;270.0;270.0;270.0
17.5;0.2056;0.2436;-0.4080;0.0000;245;263;-0.0733;-0.0840;-0.0076;-0.0988;-0.2439;270.0;270.0;270.0;270.0
18.0;0.2157;0.2537;-0.5412;0.0000;241;269;0.0929;0.0382;-0.0076;-0.0988;-0.2439;270.0;270.0;270.0;270.0
18.5;0.2257;0.2637;-0.4574;0.0000;245;267;-0.1515;0.1985;-0.0076;-0.1207;-0.2439;270.0;270.0;270.0;270.0
19.0;0.2358;0.2734;-0.5247;0.0000;245;271;0.0929;0.3206;-0.0076;-0.1427;-0.2439;270.0;270.0;270.0;270.0
19.5;0.2445;0.2834;-0.6731;0.0000;241;275;0.0147;0.3969;-0.0076;-0.1647;-0.2439;270.0;270.0;270.0;270.0
20.0;0.2546;0.2935;-0.6827;0.0000;243;277;0.0147;0.5573;-0.0076;-0.1647;0.5557;270.0;270.0;270.0;270.0
20.5;0.2651;0.3036;-0.7967;0.0000;243;281;-0.0538;0.7634;-0.0076;-0.1867;0.5557;270.0;270.0;270.0;270.0
21.0;0.2761;0.3136;-0.6442;0.0000;247;279;0.0147;0.9237;-0.0076;-0.2086;0.5557;270.0;270.0;270.0;270.0
21.5;0.2871;0.3237;-0.6923;0.0000;245;281;0.0244;1.1603;-0.0076;-0.2306;0.5557;270.0;270.0;270.0;270.0
22.0;0.2981;0.3333;-0.6346;0.0000;247;279;0.0147;1.3206;-0.0076;-0.2526;0.5557;270.0;270.0;270.0;270.0
22.5;0.3086;0.3434;-0.7321;0.0000;245;283;0.0244;1.4809;-0.0076;-0.2746;1.3553;270.0;270.0;270.0;270.0
23.0;0.3196;0.3535;-0.6896;0.0000;249;283;-0.0635;1.6870;-0.0076;-0.2965;1.3553;270.0;270.0;270.0;270.0
23.5;0.3306;0.3636;-0.7775;0.0000;247;284;-0.0538;1.8855;-0.0076;-0.3185;1.3553;270.0;270.0;270.0;270.0
24.0;0.3425;0.3736;-0.6484;0.0000;251;283;0.0147;2.1298;-0.0153;-0.3405;1.3553;270.0;270.0;270.0;270.0
24.5;0.3539;0.3837;-0.5687;0.0000;251;279;0.0147;2.3664;-0.0153;-0.3405;2.1549;270.0;270.0;270.0;270.0
25.0;0.3649;0.3933;-0.6676;0.0000;249;283;-0.0635;2.5649;-0.0153;-0.3624;2.1549;270.0;270.0;270.0;270.0
25.5;0.3764;0.4034;-0.6360;0.0000;251;283;0.0147;2.8092;-0.0153;-0.3844;2.1549;270.0;270.0;270.0;270.0
26.0;0.3883;0.4135;-0.6690;0.0000;251;283;0.0147;3.0534;-0.0153;-0.4064;2.9546;270.0;270.0;270.0;270.0
26.5;0.3997;0.4235;-0.6277;0.0000;251;283;0.0147;3.2901;-0.0229;-0.4284;2.9546;270.0;270.0;270.0;270.0
27.0;0.4116;0.4336;-0.6717;0.0000;249;283;-0.0635;3.5725;-0.0229;-0.4503;2.9546;270.0;270.0;270.0;270.0
27.5;0.4231;0.4437;-0.5632;0.0000;253;281;0.0147;3.8168;-0.0229;-0.4503;3.7542;270.0;270.0;270.0;270.0
28.0;0.4341;0.4533;-0.7170;0.0000;249;286;0.0244;4.0534;-0.0229;-0.4723;3.7542;270.0;270.0;270.0;270.0
28.5;0.4473;0.4634;-0.6648;0.0000;251;284;-0.0635;4.4198;-0.0305;-0.4943;3.7542;270.0;270.0;270.0;270.0
29.0;0.4602;0.4734;-0.7610;0.0000;247;284;-0.0635;4.6947;-0.0305;-0.5163;4.5538;270.0;270.0;270.0;270.0
29.5;0.4734;0.4835;-0.7376;0.0000;247;283;0.0244;5.0229;-0.0382;-0.5382;4.5538;270.0;270.0;270.0;270.0
30.0;0.4863;0.4936;-0.6497;0.0000;247;281;-0.0635;5.2977;-0.0382;-0.5602;4.5538;270.0;270.0;270.0;270.0
30.5;0.4995;0.5037;-0.7129;0.0000;245;281;0.0244;5.6260;-0.0382;-0.5822;5.3534;270.0;270.0;270.0;270.0
31.0;0.5124;0.5137;-0.7143;0.0000;245;281;0.0244;5.9466;-0.0458;-0.6042;5.3534;270.0;270.0;270.0;270.0
31.5;0.5256;0.5234;-0.7280;0.0000;243;281;0.0244;6.2672;-0.0458;-0.6261;6.1530;270.0;270.0;270.0;270.0
32.0;0.5389;0.5334;-0.6923;0.0000;241;277;-0.0635;6.6260;-0.0534;-0.6481;6.1530;270.0;270.0;270.0;270.0
32.5;0.5531;0.5435;-0.7212;0.0000;241;277;-0.0635;6.9924;-0.0534;-0.6701;6.9526;270.0;270.0;270.0;270.0
33.0;0.5659;0.5536;-0.6195;0.0000;241;273;0.0147;7.3130;-0.0611;-0.6921;6.9526;270.0;270.0;270.0;270.0
33.5;0.5792;0.5636;-0.6566;0.0000;241;275;0.0147;7.7099;-0.0611;-0.6921;6.9526;270.0;270.0;270.0;270.0
34.0;0.5920;0.5737;-0.6731;0.0000;239;273;-0.0635;8.0763;-0.0687;-0.7140;7.7522;270.0;270.0;270.0;270.0
34.5;0.6049;0.5833;-0.5783;0.0000;241;269;-0.0635;8.4351;-0.0687;-0.7360;7.7522;270.0;270.0;270.0;270.0
35.0;0.6172;0.5934;-0.5907;0.0000;239;269;0.0929;8.7939;-0.0763;-0.7580;8.5518;270.0;270.0;270.0;270.0
35.5;0.6305;0.6035;-0.5440;0.0000;239;265;-0.1417;9.1985;-0.0840;-0.7580;8.5518;270.0;270.0;270.0;270.0
36.0;0.6442;0.6136;-0.5934;0.0000;236;267;0.0147;9.6031;-0.0840;-0.7800;9.3514;270.0;270.0;270.0;270.0
36.5;0.6575;0.6236;-0.5783;0.0000;236;265;0.0147;10.0000;-0.0916;-0.8019;9.3514;270.0;270.0;270.0;270.0
37.0;0.6703;0.6337;-0.6690;0.0000;232;267;-0.0635;10.3664;-0.0992;-0.8239;10.1510;270.0;270.0;270.0;270.0
37.5;0.6827;0.6433;-0.5549;0.0000;234;261;-0.0635;10.7252;-0.1069;-0.8459;10.1510;270.0;270.0;270.0;270.0
38.0;0.6951;0.6534;-0.5701;0.0000;232;261;0.0147;11.1298;-0.1069;-0.8459;10.9506;270.0;270.0;270.0;270.0
38.5;0.7074;0.6635;-0.5343;0.0000;234;261;-0.1515;11.5267;-0.1145;-0.8679;10.9506;270.0;270.0;270.0;270.0
39.0;0.7202;0.6735;-0.5769;0.0000;232;259;-0.0635;11.9695;-0.1221;-0.8898;11.7503;270.0;270.0;270.0;270.0
39.5;0.7326;0.6836;-0.6387;0.0000;228;261;0.0147;12.3740;-0.1298;-0.9118;11.7503;270.0;270.0;270.0;270.0
40.0;0.7454;0.6937;-0.5824;0.0000;228;257;-0.0635;12.8168;-0.1374;-0.9118;12.5499;270.0;270.0;270.0;270.0
40.5;0.7578;0.7033;-0.6264;0.0000;226;257;0.0147;13.2214;-0.1374;-0.9338;12.5499;270.0;270.0;270.0;270.0
41.0;0.7711;0.7134;-0.5962;0.0000;226;257;0.0147;13.7023;-0.1527;-0.9557;13.3495;270.0;270.0;270.0;270.0
41.5;0.7839;0.7234;-0.6813;0.0000;222;257;-0.0635;14.1450;-0.1527;-0.9777;13.3495;270.0;270.0;270.0;270.0
42.0;0.7967;0.7335;-0.7212;0.0000;220;259;0.1026;14.5878;-0.1603;-0.9997;14.1491;270.0;270.0;270.0;270.0
42.5;0.8095;0.7436;-0.8352;0.0000;216;259;-0.1320;15.0687;-0.1756;-1.0217;14.9487;270.0;270.0;270.0;270.0
43.0;0.8233;0.7537;-0.8049;0.0000;216;257;0.0244;15.5496;-0.1832;-1.0436;14.9487;270.0;270.0;270.0;270.0
43.5;0.8356;0.7637;-0.7033;0.0000;218;253;-0.0635;15.9924;-0.1908;-1.0656;15.7483;270.0;270.0;270.0;270.0
44.0;0.8480;0.7734;-0.7431;0.0000;214;253;-0.0635;16.4351;-0.1985;-1.0876;15.7483;270.0;270.0;270.0;270.0
44.5;0.8590;0.7834;-0.6593;0.0000;216;251;-0.0635;16.8779;-0.2061;-1.1096;16.5479;270.0;270.0;270.0;270.0
45.0;0.8718;0.7935;-0.6538;0.0000;218;251;-0.0635;17.3969;-0.2137;-1.1315;17.3475;270.0;270.0;270.0;270.0
45.5;0.8842;0.8036;-0.6690;0.0000;214;249;0.0147;17.8779;-0.2214;-1.1315;17.3475;270.0;270.0;270.0;270.0
46.0;0.8956;0.8136;-0.6058;0.0000;214;247;-0.0635;18.4046;-0.2366;-1.1535;18.1471;270.0;270.0;270.0;270.0
46.5;0.9066;0.8237;-0.6154;0.0000;214;247;-0.0635;18.9237;-0.2443;-1.1755;18.1471;270.0;270.0;270.0;270.0
47.0;0.9180;0.8333;-0.6277;0.0000;212;247;0.0147;19.4046;-0.2519;-1.1975;18.9467;270.0;270.0;270.0;270.0
47.5;0.9299;0.8434;-0.6566;0.0000;212;247;0.0147;19.9695;-0.2672;-1.2194;19.7464;270.0;270.0;270.0;270.0
48.0;0.9409;0.8535;-0.6168;0.0000;212;247;0.0147;20.4504;-0.2748;-1.2194;19.7464;270.0;270.0;270.0;270.0
48.5;0.9538;0.8636;-0.6319;0.0000;210;247;0.0147;21.0153;-0.2901;-1.2414;20.5460;270.0;270.0;270.0;270.0
49.0;0.9657;0.8736;-0.4945;0.0000;214;243;0.0147;21.5725;-0.3053;-1.2634;21.3456;270.0;270.0;270.0;270.0
49.5;0.9776;0.8837;-0.5082;0.0000;214;243;-0.0635;22.0992;-0.3130;-1.2854;21.3456;270.0;270.0;270.0;270.0
50.0;0.9899;0.8933;-0.4684;0.0000;212;241;0.0147;22.6641;-0.3282;-1.2854;22.1452;270.0;270.0;270.0;270.0
50.5;1.0014;0.9034;-0.4244;0.0000;214;239;0.0147;23.1450;-0.3359;-1.3073;22.9448;270.0;270.0;270.0;270.0
51.0;1.0137;0.9135;-0.4313;0.0000;212;239;0.0929;23.7481;-0.3511;-1.3073;23.7444;270.0;270.0;270.0;270.0
51.5;1.0247;0.9235;-0.4574;0.0000;210;239;0.0147;24.2290;-0.3588;-1.3293;23.7444;270.0;270.0;270.0;270.0
52.0;1.0357;0.9336;-0.4313;0.0000;210;239;0.0929;24.7481;-0.3740;-1.3293;24.5440;270.0;270.0;270.0;270.0
52.5;1.0458;0.9437;-0.5165;0.0000;206;241;0.0929;25.2748;-0.3893;-1.3513;24.5440;270.0;270.0;270.0;270.0
53.0;1.0568;0.9533;-0.5192;0.0000;208;243;0.0147;25.8321;-0.3969;-1.3733;25.3436;270.0;270.0;270.0;270.0
53.5;1.0682;0.9634;-0.4766;0.0000;208;241;-0.0635;26.4351;-0.4122;-1.3733;26.1432;270.0;270.0;270.0;270.0
54.0;1.0792;0.9734;-0.5453;0.0000;206;243;0.0929;26.9618;-0.4275;-1.3952;26.9428;270.0;270.0;270.0;270.0
54.5;1.0907;0.9835;-0.4959;0.0000;206;241;0.0929;27.5649;-0.4427;-1.4172;26.9428;270.0;270.0;270.0;270.0
55.0;1.1012;0.9936;-0.4959;0.0000;206;241;-0.0635;28.0840;-0.4504;-1.4172;27.7425;270.0;270.0;270.0;270.0
55.5;1.1113;1.0037;-0.5261;0.0000;206;243;-0.0635;28.6870;-0.4656;-1.4392;28.5421;270.0;270.0;270.0;270.0
56.0;1.1213;1.0137;-0.5769;0.0000;206;245;0.0147;29.2519;-0.4809;-1.4612;28.5421;270.0;270.0;270.0;270.0
56.5;1.1319;1.0234;-0.5014;0.0000;208;243;0.0929;29.8550;-0.4962;-1.4831;29.3417;270.0;270.0;270.0;270.0
57.0;1.1419;1.0334;-0.5412;0.0000;206;243;0.0147;30.4122;-0.5114;-1.4831;30.1413;270.0;270.0;270.0;270.0
57.5;1.1520;1.0435;-0.4327;0.0000;210;243;0.0147;30.9771;-0.5267;-1.5051;30.9409;270.0;270.0;270.0;270.0
58.0;1.1616;1.0536;-0.3832;0.0000;210;241;0.0929;31.5802;-0.5420;-1.5051;30.9409;270.0;270.0;270.0;270.0
58.5;1.1731;1.0636;-0.4299;0.0000;210;243;0.0049;32.2214;-0.5573;-1.5271;31.7405;270.0;270.0;270.0;270.0
59.0;1.1832;1.0737;-0.3640;0.0000;212;243;0.0929;32.8244;-0.5725;-1.5271;32.5401;270.0;270.0;270.0;270.0
59.5;1.1923;1.0833;-0.3352;0.0000;212;241;0.0049;33.4656;-0.5954;-1.5490;33.3397;270.0;270.0;270.0;270.0
60.0;1.2010;1.0934;-0.3489;0.0000;214;243;0.0049;34.0305;-0.6107;-1.5490;33.3397;270.0;270.0;270.0;270.0
60.5;1.2102;1.1035;-0.3228;0.0000;216;243;-0.0733;34.6336;-0.6260;-1.5710;34.1393;270.0;270.0;270.0;270.0
61.0;1.2193;1.1136;-0.3201;0.0000;218;245;0.0831;35.2366;-0.6412;-1.5710;34.9389;270.0;270.0;270.0;270.0
61.5;1.2289;1.1236;-0.3558;0.0000;218;247;0.0049;35.8779;-0.6565;-1.5930;35.7386;270.0;270.0;270.0;270.0
62.0;1.2386;1.1337;-0.2679;0.0000;220;247;0.0831;36.4809;-0.6718;-1.5930;35.7386;270.0;270.0;270.0;270.0
62.5;1.2477;1.1433;-0.2555;0.0000;220;247;0.0049;37.1221;-0.6947;-1.5930;36.5382;270.0;270.0;270.0;270.0
63.0;1.2573;1.1534;-0.3654;0.0000;218;251;0.0831;37.7252;-0.7099;-1.6150;37.3378;270.0;270.0;270.0;270.0
63.5;1.2669;1.1635;-0.2940;0.0000;222;251;0.0049;38.3664;-0.7252;-1.6150;38.1374;270.0;270.0;270.0;270.0
64.0;1.2766;1.1735;-0.3681;0.0000;220;251;0.0049;39.0153;-0.7481;-1.6369;38.9370;270.0;270.0;270.0;270.0
64.5;1.2866;1.1836;-0.3503;0.0000;222;253;0.0929;39.6947;-0.7634;-1.6369;38.9370;270.0;270.0;270.0;270.0
65.0;1.2958;1.1937;-0.4093;0.0000;222;255;-0.0733;40.2977;-0.7786;-1.6589;39.7366;270.0;270.0;270.0;270.0
65.5;1.3045;1.2033;-0.3159;0.0000;226;253;0.0049;40.9389;-0.8015;-1.6589;40.5362;270.0;270.0;270.0;270.0
66.0;1.3132;1.2134;-0.4217;0.0000;224;257;0.0147;41.5878;-0.8168;-1.6589;41.3358;270.0;270.0;270.0;270.0
66.5;1.3219;1.2234;-0.4217;0.0000;226;259;0.0147;42.2290;-0.8397;-1.6809;42.1354;270.0;270.0;270.0;270.0
67.0;1.3301;1.2335;-0.4574;0.0000;226;261;0.0147;42.8702;-0.8550;-1.7029;42.1354;270.0;270.0;270.0;270.0
67.5;1.3384;1.2436;-0.5027;0.0000;226;265;0.0147;43.5115;-0.8779;-1.7029;42.9350;270.0;270.0;270.0;270.0
68.0;1.3471;1.2537;-0.3791;0.0000;232;263;0.0049;44.2366;-0.8931;-1.7248;43.7346;270.0;270.0;270.0;270.0
68.5;1.3544;1.2637;-0.4547;0.0000;230;267;0.0929;44.8397;-0.9160;-1.7248;44.5343;270.0;270.0;270.0;270.0
69.0;1.3613;1.2734;-0.4038;0.0000;234;269;0.0049;45.4809;-0.9313;-1.7468;45.3339;270.0;270.0;270.0;270.0
69.5;1.3690;1.2834;-0.3352;0.0000;238;269;0.0831;46.1603;-0.9542;-1.7468;46.1335;270.0;270.0;270.0;270.0
70.0;1.3768;1.2935;-0.3613;0.0000;238;271;0.0049;46.8092;-0.9771;-1.7688;46.1335;270.0;270.0;270.0;270.0
70.5;1.3851;1.3036;-0.3407;0.0000;241;275;0.0049;47.5267;-0.9924;-1.7688;46.9331;270.0;270.0;270.0;270.0
71.0;1.3929;1.3136;-0.3516;0.0000;241;277;0.0049;48.1756;-1.0153;-1.7908;47.7327;270.0;270.0;270.0;270.0
71.5;1.4002;1.3237;-0.4217;0.0000;243;279;-0.0733;48.8550;-1.0382;-1.7908;48.5323;270.0;270.0;270.0;270.0
72.0;1.4093;1.3333;-0.3860;0.0000;245;281;0.0049;49.5802;-1.0611;-1.8127;49.3319;270.0;270.0;270.0;270.0
72.5;1.4176;1.3434;-0.3791;0.0000;247;281;0.0049;50.2977;-1.0840;-1.8127;50.1315;270.0;270.0;270.0;270.0
73.0;1.4258;1.3535;-0.3984;0.0000;249;284;0.0049;51.0229;-1.1069;-1.8347;50.9311;270.0;270.0;270.0;270.0
73.5;1.4345;1.3636;-0.3489;0.0000;253;284;0.0049;51.7481;-1.1298;-1.8347;51.7307;270.0;270.0;270.0;270.0
74.0;1.4432;1.3736;-0.2459;0.0000;255;284;0.0049;52.4733;-1.1527;-1.8567;51.7307;270.0;270.0;270.0;270.0
74.5;1.4528;1.3837;-0.1868;0.0000;259;283;0.0049;53.1908;-1.1756;-1.8567;52.5304;270.0;270.0;270.0;270.0
75.0;1.4620;1.3933;-0.2321;0.0000;259;286;0.0049;53.9160;-1.1985;-1.8567;53.3300;270.0;270.0;270.0;270.0
75.5;1.4712;1.4034;-0.1813;0.0000;263;286;0.0049;54.6412;-1.2214;-1.8567;54.1296;270.0;270.0;270.0;270.0
76.0;1.4803;1.4135;-0.1497;0.0000;265;286;-0.0831;55.4046;-1.2443;-1.8787;54.9292;270.0;270.0;270.0;270.0
76.5;1.4895;1.4235;-0.0577;0.0000;269;286;-0.0049;56.1298;-1.2672;-1.8787;55.7288;270.0;270.0;270.0;270.0
77.0;1.4991;1.4336;0.0453;0.0000;271;284;0.0733;56.8855;-1.2977;-1.8787;56.5284;270.0;270.0;270.0;270.0
77.5;1.5082;1.4437;-0.0275;0.0000;271;286;-0.0049;57.6107;-1.3206;-1.8787;57.3280;270.0;270.0;270.0;270.0
78.0;1.5169;1.4533;0.1016;0.0000;275;286;0.0733;58.3740;-1.3435;-1.8567;58.1276;270.0;270.0;270.0;270.0
78.5;1.5252;1.4634;0.1264;0.0000;277;286;0.0733;59.1374;-1.3664;-1.8567;58.9272;270.0;270.0;270.0;270.0
79.0;1.5339;1.4734;0.1085;0.0000;279;288;-0.0049;59.8626;-1.3893;-1.8567;59.7268;270.0;270.0;270.0;270.0
79.5;1.5412;1.4835;-0.0055;0.0000;277;294;0.0733;60.6260;-1.4122;-1.8567;60.5265;270.0;270.0;270.0;270.0
80.0;1.5485;1.4936;0.0151;0.0000;279;294;-0.0049;61.3511;-1.4351;-1.8567;61.3261;270.0;270.0;270.0;270.0
80.5;1.5568;1.5037;-0.1429;0.0000;279;302;0.0049;62.1527;-1.4656;-1.8567;62.1257;270.0;270.0;270.0;270.0
81.0;1.5646;1.5137;-0.0343;0.0000;283;300;-0.0049;62.8779;-1.4885;-1.8567;62.1257;270.0;270.0;270.0;270.0
81.5;1.5723;1.5234;-0.0343;0.0000;284;302;-0.0831;63.6412;-1.5114;-1.8567;62.9253;270.0;270.0;270.0;270.0
82.0;1.5801;1.5334;-0.0591;0.0000;288;306;-0.0831;64.4046;-1.5344;-1.8567;63.7249;270.0;270.0;270.0;270.0
82.5;1.5879;1.5435;-0.0879;0.0000;288;310;0.0831;65.1603;-1.5649;-1.8787;64.5245;270.0;270.0;270.0;270.0
83.0;1.5948;1.5536;-0.0247;0.0000;292;310;0.0733;65.9237;-1.5878;-1.8787;65.3241;270.0;270.0;270.0;270.0
83.5;1.6012;1.5636;-0.0234;0.0000;296;314;0.0733;66.6870;-1.6107;-1.8787;66.1237;270.0;270.0;270.0;270.0
84.0;1.6090;1.5737;0.0714;0.0000;300;314;-0.0831;67.5344;-1.6412;-1.8787;66.9233;270.0;270.0;270.0;270.0
84.5;1.6158;1.5833;0.0783;0.0000;302;316;-0.0049;68.2595;-1.6641;-1.8567;67.7229;270.0;270.0;270.0;270.0
85.0;1.6227;1.5934;0.0673;0.0000;308;320;-0.0049;69.0611;-1.6870;-1.8567;68.5226;270.0;270.0;270.0;270.0
85.5;1.6291;1.6035;0.1058;0.0000;312;320;-0.0929;69.8244;-1.7099;-1.8567;69.3222;270.0;270.0;270.0;270.0
86.0;1.6364;1.6136;0.0646;0.0000;314;326;-0.0049;70.6260;-1.7405;-1.8567;70.1218;270.0;270.0;270.0;270.0
86.5;1.6438;1.6236;-0.0357;0.0000;316;331;-0.0049;71.4275;-1.7634;-1.8567;70.9214;270.0;270.0;270.0;270.0
87.0;1.6529;1.6337;-0.0563;0.0000;316;333;-0.0049;72.3130;-1.7939;-1.8567;71.7210;270.0;270.0;270.0;270.0
87.5;1.6616;1.6433;-0.1676;0.0000;314;337;0.0049;73.1145;-1.8168;-1.8567;72.5206;270.0;270.0;270.0;270.0
88.0;1.6699;1.6534;-0.1662;0.0000;318;341;0.0049;73.9237;-1.8473;-1.8787;73.3202;270.0;270.0;270.0;270.0
88.5;1.6790;1.6635;-0.1030;0.0000;320;341;-0.0049;74.8015;-1.8779;-1.8787;74.1198;270.0;270.0;270.0;270.0
89.0;1.6896;1.6735;-0.1442;0.0000;320;343;0.0049;75.6870;-1.9008;-1.8787;74.9194;270.0;270.0;270.0;270.0
89.5;1.6996;1.6836;-0.0893;0.0000;324;343;-0.0049;76.5725;-1.9313;-1.8787;76.5187;270.0;270.0;270.0;270.0
90.0;1.7097;1.6937;-0.0027;0.0000;326;339;-0.0049;77.4580;-1.9618;-1.8787;77.3183;270.0;270.0;270.0;270.0
90.5;1.7202;1.7033;-0.0330;0.0000;326;341;-0.0831;78.3817;-1.9924;-1.8787;78.1179;270.0;270.0;270.0;270.0
91.0;1.7303;1.7134;-0.0865;0.0000;327;345;-0.0049;79.2672;-2.0229;-1.8787;78.9175;270.0;270.0;270.0;270.0
91.5;1.7404;1.7234;-0.1841;0.0000;324;349;-0.0831;80.1908;-2.0534;-1.9006;79.7171;270.0;270.0;270.0;270.0
92.0;1.7509;1.7335;-0.2857;0.0000;324;353;-0.0733;81.1145;-2.0840;-1.9006;80.5167;270.0;270.0;270.0;270.0
92.5;1.7610;1.7436;-0.2582;0.0000;326;353;-0.0733;81.9542;-2.1069;-1.9006;81.3163;270.0;270.0;270.0;270.0
93.0;1.7711;1.7537;-0.2610;0.0000;326;353;-0.0733;82.8779;-2.1374;-1.9226;82.1159;270.0;270.0;270.0;270.0
93.5;1.7811;1.7637;-0.3434;0.0000;326;359;0.0049;83.7634;-2.1679;-1.9226;83.7151;270.0;270.0;270.0;270.0
94.0;1.7898;1.7734;-0.4451;0.0000;324;361;-0.0733;84.6031;-2.1985;-1.9446;84.5147;270.0;270.0;270.0;270.0
94.5;1.7999;1.7830;-0.3558;0.0000;322;351;-0.1515;85.5725;-2.2290;-1.9446;85.3144;270.0;270.0;270.0;270.0
95.0;1.8100;1.7921;-0.4217;0.0000;312;345;-0.0733;86.4962;-2.2595;-1.9666;86.1140;270.0;270.0;270.0;270.0
95.5;1.8205;1.8008;-0.3585;0.0000;306;335;-0.1515;87.4580;-2.2901;-1.9666;86.9136;270.0;270.0;270.0;270.0
96.0;1.8310;1.8095;-0.4478;0.0000;296;329;0.0147;88.4198;-2.3282;-1.9885;87.7132;270.0;270.0;270.0;270.0
96.5;1.8407;1.8173;-0.5316;0.0000;284;324;-0.0635;89.3435;-2.3588;-1.9885;89.3124;270.0;270.0;270.0;270.0
97.0;1.8507;1.8246;-0.5151;0.0000;277;314;-0.0635;90.3511;-2.3893;-2.0105;90.1120;270.0;270.0;270.0;270.0
97.5;1.8608;1.8320;-0.3681;0.0000;273;302;-0.0733;91.3511;-2.4275;-2.0105;90.9116;270.0;270.0;270.0;270.0
98.0;1.8700;1.8388;-0.4258;0.0000;263;294;-0.0733;92.2748;-2.4580;-2.0325;91.7112;270.0;270.0;270.0;270.0
98.5;1.8791;1.8448;-0.4121;0.0000;253;284;0.0147;93.3206;-2.4962;-2.0544;93.3105;270.0;270.0;270.0;270.0
99.0;1.8869;1.8507;-0.3022;0.0000;247;273;-0.1515;94.2824;-2.5344;-2.0544;94.1101;270.0;270.0;270.0;270.0
99.5;1.8942;1.8562;-0.3310;0.0000;238;265;0.0049;95.2519;-2.5649;-2.0544;94.9097;270.0;270.0;270.0;270.0
100.0;1.9011;1.8613;-0.1896;0.0000;234;253;0.0049;96.2977;-2.6031;-2.0764;95.7093;270.0;270.0;270.0;270.0
100.5;1.9080;1.8658;-0.3132;0.0000;220;247;0.0049;97.2595;-2.6412;-2.0764;96.5089;270.0;270.0;270.0;270.0
101.0;1.9148;1.8704;-0.3008;0.0000;212;241;-0.0733;98.3435;-2.6794;-2.0764;98.1081;270.0;270.0;270.0;270.0
101.5;1.9212;1.8741;-0.3874;0.0000;202;234;0.0049;99.3053;-2.7099;-2.0984;98.9077;270.0;270.0;270.0;270.0
102.0;1.9267;1.8773;-0.3214;0.0000;195;224;0.0831;100.3130;-2.7481;-2.0984;99.7073;270.0;270.0;270.0;270.0
102.5;1.9327;1.8805;-0.3723;0.0000;185;218;-0.0733;101.3130;-2.7863;-2.1204;101.3066;270.0;270.0;270.0;270.0
103.0;1.9373;1.8828;-0.1992;0.0000;179;204;0.0831;102.3206;-2.8244;-2.1204;102.1062;270.0;270.0;270.0;270.0
103.5;1.9423;1.8851;-0.2335;0.0000;169;196;0.0831;103.3206;-2.8626;-2.1204;102.9058;270.0;270.0;270.0;270.0
104.0;1.9464;1.8869;-0.2651;0.0000;161;189;0.0049;104.2901;-2.8931;-2.1423;103.7054;270.0;270.0;270.0;270.0
104.5;1.9487;1.8883;-0.0179;0.0000;157;175;0.1613;105.2519;-2.9313;-2.1423;104.5050;270.0;270.0;270.0;270.0
105.0;1.9505;1.8892;-0.0041;0.0000;150;167;-0.0049;106.2137;-2.9695;-2.1423;106.1042;270.0;270.0;270.0;270.0
105.5;1.9533;1.8897;0.0920;0.0000;144;157;-0.0049;107.2595;-3.0076;-2.1423;106.9038;270.0;270.0;270.0;270.0
106.0;1.9560;1.8897;-0.0398;0.0000;132;152;0.0733;108.2595;-3.0458;-2.1423;107.7034;270.0;270.0;270.0;270.0
106.5;1.9583;1.8901;0.0371;0.0000;138;155;0.0733;1.0000;0.0000;-0.0109;0.5557;270.0;270.0;270.0;270.0
107.0;1.9606;1.8910;-0.1690;0.0000;138;165;0.0831;2.0076;-0.0076;-0.0109;1.3553;270.0;270.0;270.0;270.0
107.5;1.9620;1.8924;0.0865;0.0000;150;165;0.0733;3.0076;-0.0076;-0.0109;2.9546;270.0;270.0;270.0;270.0
108.0;1.9634;1.8938;-0.0783;0.0000;153;179;0.0733;4.0153;-0.0076;-0.0109;3.7542;270.0;270.0;270.0;270.0
108.5;1.9652;1.8961;0.0989;0.0000;163;181;-0.0049;4.9771;-0.0076;-0.0109;4.5538;270.0;270.0;270.0;270.0
109.0;1.9666;1.8984;-0.1030;0.0000;165;193;0.0831;5.9847;-0.0076;-0.0109;5.3534;270.0;270.0;270.0;270.0
109.5;1.9693;1.9011;-0.1236;0.0000;173;200;0.0831;6.9924;-0.0076;-0.0109;6.9526;270.0;270.0;270.0;270.0
110.0;1.9702;1.9048;0.0701;0.0000;185;202;0.0733;7.9924;-0.0076;-0.0109;7.7522;270.0;270.0;270.0;270.0
110.5;1.9707;1.9084;0.3310;0.0000;198;206;0.0635;8.9160;-0.0076;-0.0109;8.5518;270.0;270.0;270.0;270.0
111.0;1.9716;1.9125;0.4231;0.0000;210;214;-0.0244;9.8855;-0.0076;0.0111;9.3514;270.0;270.0;270.0;270.0
111.5;1.9734;1.9171;0.3132;0.0000;218;224;-0.0147;10.8473;-0.0076;0.0111;10.1510;270.0;270.0;270.0;270.0
112.0;1.9739;1.9222;0.6332;0.0000;234;226;0.0538;11.8550;0.0000;0.0331;11.7503;270.0;270.0;270.0;270.0
112.5;1.9757;1.9272;0.4382;0.0000;239;241;-0.0244;12.8168;0.0000;0.0551;12.5499;270.0;270.0;270.0;270.0
113.0;1.9776;1.9332;0.6140;0.0000;253;247;-0.0244;13.7786;0.0000;0.0551;13.3495;270.0;270.0;270.0;270.0
113.5;1.9799;1.9391;0.2335;0.0000;253;267;-0.0147;14.7481;0.0000;0.0770;14.1491;270.0;270.0;270.0;270.0
114.0;1.9826;1.9460;0.0453;0.0000;261;281;0.0733;15.6718;0.0000;0.0770;14.9487;270.0;270.0;270.0;270.0
114.5;1.9858;1.9528;-0.2102;0.0000;263;296;0.0831;16.6718;0.0000;0.0551;16.5479;270.0;270.0;270.0;270.0
115.0;1.9895;1.9602;0.1566;0.0000;283;298;0.0733;17.6031;0.0000;0.0770;17.3475;270.0;270.0;270.0;270.0
115.5;1.9940;1.9679;0.1827;0.0000;294;308;-0.0147;18.6412;0.0076;0.0770;18.1471;270.0;270.0;270.0;270.0
116.0;1.9991;1.9762;0.1168;0.0000;304;322;-0.0049;19.6107;0.0076;0.0770;18.9467;270.0;270.0;270.0;270.0
116.5;2.0050;1.9849;0.1264;0.0000;316;329;-0.0049;20.6565;0.0076;0.0770;20.5460;270.0;270.0;270.0;270.0
117.0;2.0124;1.9940;0.0288;0.0000;322;341;-0.0049;21.7023;0.0076;0.0770;21.3456;270.0;270.0;270.0;270.0
117.5;2.0206;2.0037;0.2596;0.0000;339;349;0.0635;22.7023;0.0153;0.0990;22.1452;270.0;270.0;270.0;270.0
118.0;2.0284;2.0137;0.2349;0.0000;349;359;0.0635;23.7099;0.0153;0.0990;22.9448;270.0;270.0;270.0;270.0
118.5;2.0366;2.0238;0.2692;0.0000;359;369;0.0635;24.7099;0.0153;0.0990;24.5440;270.0;270.0;270.0;270.0
119.0;2.0453;2.0343;-0.0426;0.0000;365;390;-0.0049;25.7557;0.0153;0.0990;25.3436;270.0;270.0;270.0;270.0
119.5;2.0540;2.0458;0.1044;0.0000;378;396;0.0733;26.7634;0.0229;0.0990;26.1432;270.0;270.0;270.0;270.0
120.0;2.0623;2.0572;-0.1854;0.0000;380;412;-0.0831;27.8473;0.0229;0.0990;27.7425;270.0;270.0;270.0;270.0
120.5;2.0714;2.0691;0.1058;0.0000;404;419;-0.0049;28.8931;0.0229;0.0990;28.5421;270.0;270.0;270.0;270.0
121.0;2.0815;2.0815;0.0701;0.0000;412;429;0.0733;29.9771;0.0229;0.0990;29.3417;270.0;270.0;270.0;270.0
121.5;2.0920;2.0943;0.0151;0.0000;423;445;-0.0049;31.0229;0.0305;0.0990;30.9409;270.0;270.0;270.0;270.0
122.0;2.1044;2.1076;-0.1566;0.0000;429;460;0.0831;32.1069;0.0305;0.0990;31.7405;270.0;270.0;270.0;270.0
122.5;2.1168;2.1213;-0.2898;0.0000;437;474;0.0831;33.1908;0.0305;0.0990;32.5401;270.0;270.0;270.0;270.0
123.0;2.1291;2.1351;-0.1030;0.0000;453;480;-0.0049;34.2366;0.0305;0.0990;34.1393;270.0;270.0;270.0;270.0
123.5;2.1419;2.1497;-0.3791;0.0000;460;501;0.0049;35.3664;0.0382;0.0770;34.9389;270.0;270.0;270.0;270.0
124.0;2.1548;2.1644;-0.2596;0.0000;474;509;0.0049;36.4122;0.0382;0.0770;35.7386;270.0;270.0;270.0;270.0
124.5;2.1685;2.1799;-0.6140;0.0000;476;533;0.0147;37.5344;0.0382;0.0551;37.3378;270.0;270.0;270.0;270.0
125.0;2.1818;2.1955;-0.3929;0.0000;496;539;-0.0733;38.6183;0.0382;0.0331;38.1374;270.0;270.0;270.0;270.0
125.5;2.1955;2.2115;-0.3338;0.0000;511;552;0.0049;39.7481;0.0382;0.0331;39.7366;270.0;270.0;270.0;270.0
126.0;2.2102;2.2280;0.0453;0.0000;535;554;-0.0049;40.8702;0.0382;0.0331;40.5362;270.0;270.0;270.0;270.0
126.5;2.2248;2.2450;0.0316;0.0000;548;568;-0.0831;41.9542;0.0458;0.0331;41.3358;270.0;270.0;270.0;270.0
127.0;2.2404;2.2624;-0.0591;0.0000;560;584;-0.0831;43.1221;0.0458;0.0331;42.9350;270.0;270.0;270.0;270.0
127.5;2.2560;2.2793;-0.0687;0.0000;558;582;-0.0831;44.2824;0.0458;0.0331;43.7346;270.0;270.0;270.0;270.0
128.0;2.2720;2.2958;-0.0907;0.0000;550;574;-0.0049;45.4886;0.0458;0.0331;45.3339;270.0;270.0;270.0;270.0
128.5;2.2894;2.3118;-0.1415;0.0000;543;570;-0.0049;46.6947;0.0458;0.0331;46.1335;270.0;270.0;270.0;270.0
129.0;2.3086;2.3274;-0.6113;0.0000;523;576;0.0147;47.9847;0.0458;0.0111;47.7327;270.0;270.0;270.0;270.0
129.5;2.3274;2.3425;-0.6648;0.0000;509;566;0.1026;49.2290;0.0458;-0.0109;48.5323;270.0;270.0;270.0;270.0
130.0;2.3484;2.3576;-1.1058;0.0000;486;570;0.2786;50.6336;0.0458;-0.0548;50.1315;270.0;270.0;270.0;270.0
130.5;2.3709;2.3718;-0.9904;0.0000;474;552;0.1124;52.0458;0.0458;-0.0768;51.7307;270.0;270.0;270.0;270.0
131.0;2.3942;2.3860;-1.3077;0.0000;453;548;0.0440;53.4122;0.0458;-0.0988;53.3300;270.0;270.0;270.0;270.0
131.5;2.4167;2.3997;-1.2953;0.0000;441;533;-0.0440;54.8168;0.0382;-0.1427;54.1296;270.0;270.0;270.0;270.0
132.0;2.4391;2.4130;-1.2857;0.0000;427;519;-0.0440;56.2214;0.0382;-0.1867;55.7288;270.0;270.0;270.0;270.0
132.5;2.4615;2.4258;-0.9973;0.0000;421;496;-0.1320;57.6718;0.0305;-0.2086;57.3280;270.0;270.0;270.0;270.0
133.0;2.4831;2.4382;-0.5948;0.0000;419;470;0.0929;58.9924;0.0305;-0.2306;58.9272;270.0;270.0;270.0;270.0
133.5;2.5037;2.4501;-0.5124;0.0000;410;458;-0.0635;60.4046;0.0229;-0.2526;59.7268;270.0;270.0;270.0;270.0
134.0;2.5215;2.4615;-0.4121;0.0000;396;439;0.0049;61.6870;0.0153;-0.2526;61.3261;270.0;270.0;270.0;270.0
134.5;2.5380;2.4725;-1.0398;0.0000;369;445;0.1124;63.0153;0.0076;-0.2965;62.9253;270.0;270.0;270.0;270.0
135.0;2.5536;2.4835;-1.1387;0.0000;353;435;0.2004;64.3817;0.0000;-0.3185;63.7249;270.0;270.0;270.0;270.0
135.5;2.5687;2.4936;-1.4547;0.0000;333;429;-0.0342;65.7099;-0.0076;-0.3624;65.3241;270.0;270.0;270.0;270.0
136.0;2.5824;2.5037;-1.0398;0.0000;333;410;0.0342;67.0763;-0.0153;-0.3844;66.9233;270.0;270.0;270.0;270.0
136.5;2.5948;2.5133;-0.9396;0.0000;326;396;0.0244;68.3588;-0.0229;-0.4064;67.7229;270.0;270.0;270.0;270.0
137.0;2.6071;2.5220;-0.2624;0.0000;333;369;0.0049;69.7252;-0.0305;-0.4284;69.3222;270.0;270.0;270.0;270.0
137.5;2.6186;2.5307;-0.4478;0.0000;320;363;-0.0733;71.0534;-0.0382;-0.4284;70.9214;270.0;270.0;270.0;270.0
138.0;2.6296;2.5389;-0.3462;0.0000;312;349;-0.0733;72.3817;-0.0534;-0.4503;71.7210;270.0;270.0;270.0;270.0
138.5;2.6397;2.5467;0.2376;0.0000;318;326;-0.0147;73.7481;-0.0611;-0.4503;73.3202;270.0;270.0;270.0;270.0
139.0;2.6479;2.5545;0.0247;0.0000;300;322;0.0733;75.0687;-0.0687;-0.4284;74.9194;270.0;270.0;270.0;270.0
139.5;2.6566;2.5614;0.4272;0.0000;302;302;-0.0244;76.4351;-0.0840;-0.4284;75.7190;270.0;270.0;270.0;270.0
140.0;2.6648;2.5678;-0.0192;0.0000;283;306;0.0733;77.7634;-0.0916;-0.4284;77.3183;270.0;270.0;270.0;270.0
140.5;2.6735;2.5742;0.0096;0.0000;275;296;0.0733;79.1679;-0.0992;-0.4284;78.9175;270.0;270.0;270.0;270.0
141.0;2.6804;2.5797;-0.3365;0.0000;257;296;0.0049;80.4580;-0.1145;-0.4284;79.7171;270.0;270.0;270.0;270.0
141.5;2.6873;2.5852;-0.1003;0.0000;253;283;-0.0049;81.8244;-0.1221;-0.4284;81.3163;270.0;270.0;270.0;270.0
142.0;2.6932;2.5902;-0.0453;0.0000;247;273;-0.0049;83.1908;-0.1298;-0.4503;82.9155;270.0;270.0;270.0;270.0
142.5;2.6978;2.5948;-0.1360;0.0000;238;267;0.0831;84.5191;-0.1450;-0.4503;84.5147;270.0;270.0;270.0;270.0
143.0;2.7015;2.5989;-0.0426;0.0000;232;257;0.0733;85.8397;-0.1527;-0.4503;85.3144;270.0;270.0;270.0;270.0
143.5;2.7047;2.6026;-0.1690;0.0000;220;253;0.0831;87.1679;-0.1603;-0.4503;86.9136;270.0;270.0;270.0;270.0
144.0;2.7079;2.6058;0.1635;0.0000;222;238;0.0733;88.4962;-0.1679;-0.4503;87.7132;270.0;270.0;270.0;270.0
144.5;2.7092;2.6090;0.0962;0.0000;210;232;0.0733;89.7405;-0.1832;-0.4503;89.3124;270.0;270.0;270.0;270.0
145.0;2.7102;2.6113;0.2610;0.0000;208;222;-0.0929;91.0687;-0.1908;-0.4284;90.9116;270.0;270.0;270.0;270.0
145.5;2.7097;2.6131;-0.0920;0.0000;195;222;-0.0049;92.3511;-0.1985;-0.4284;91.7112;270.0;270.0;270.0;270.0
146.0;2.7092;2.6149;0.0536;0.0000;193;214;0.0733;93.6794;-0.2137;-0.4284;93.3105;270.0;270.0;270.0;270.0
146.5;2.7088;2.6163;-0.3448;0.0000;177;218;0.0049;94.9618;-0.2214;-0.4503;94.9097;270.0;270.0;270.0;270.0
147.0;2.7074;2.6172;0.0247;0.0000;179;200;-0.0049;96.2519;-0.2290;-0.4503;95.7093;270.0;270.0;270.0;270.0
147.5;2.7047;2.6172;0.0563;0.0000;173;195;-0.0049;97.5344;-0.2366;-0.4503;97.3085;270.0;270.0;270.0;270.0
148.0;2.7024;2.6172;-0.2775;0.0000;159;196;0.0049;98.8244;-0.2519;-0.4503;98.1081;270.0;270.0;270.0;270.0
148.5;2.6992;2.6172;-0.2157;0.0000;157;193;0.0049;100.1908;-0.2595;-0.4503;99.7073;270.0;270.0;270.0;270.0
149.0;2.6960;2.6163;-0.3874;0.0000;148;193;0.0929;101.4351;-0.2672;-0.4723;101.3066;270.0;270.0;270.0;270.0
149.5;2.6923;2.6149;0.1827;0.0000;157;173;-0.0147;102.7252;-0.2824;-0.4723;102.1062;270.0;270.0;270.0;270.0
150.0;2.6868;2.6131;0.0948;0.0000;152;171;-0.0049;103.9237;-0.2901;-0.4503;103.7054;270.0;270.0;270.0;270.0
150.5;2.6809;2.6113;0.6415;0.0000;161;155;0.1320;105.2137;-0.2977;-0.4503;104.5050;270.0;270.0;270.0;270.0
151.0;2.6745;2.6090;0.3997;0.0000;152;157;0.0635;106.4580;-0.3053;-0.4284;106.1042;270.0;270.0;270.0;270.0
151.5;2.6680;2.6058;0.5975;0.0000;152;150;0.0538;107.7023;-0.3206;-0.4064;107.7034;270.0;270.0;270.0;270.0
152.0;2.6598;2.6026;0.3503;0.0000;144;152;-0.0147;108.9084;-0.3282;-0.4064;108.5030;270.0;270.0;270.0;270.0
152.5;2.6511;2.5989;0.6223;0.0000;146;144;-0.0244;110.1145;-0.3359;-0.3844;110.1023;270.0;270.0;270.0;270.0
153.0;2.6424;2.5948;1.0385;0.0000;153;132;0.0440;111.4427;-0.3435;-0.3624;110.9019;270.0;270.0;270.0;270.0
153.5;2.6332;2.5902;0.5934;0.0000;140;138;-0.0244;112.6489;-0.3511;-0.3405;112.5011;270.0;270.0;270.0;270.0
154.0;2.6245;2.5852;0.8420;0.0000;142;128;-0.0342;113.9313;-0.3588;-0.3185;113.3007;270.0;270.0;270.0;270.0
154.5;2.6154;2.5797;0.5701;0.0000;134;132;0.0538;115.0992;-0.3664;-0.2965;114.8999;270.0;270.0;270.0;270.0
155.0;2.6049;2.5742;0.9478;0.0000;138;118;-0.0342;116.3053;-0.3664;-0.2746;115.6995;270.0;270.0;270.0;270.0
155.5;2.5934;2.5678;0.8709;0.0000;134;116;-0.0342;117.5115;-0.3740;-0.2526;117.2988;270.0;270.0;270.0;270.0
156.0;2.5829;2.5614;1.2225;0.0000;140;107;-0.0440;118.7176;-0.3817;-0.2086;118.0984;270.0;270.0;270.0;270.0
156.5;2.5705;2.5545;0.9780;0.0000;130;109;0.0440;119.8855;-0.3817;-0.1867;119.6976;270.0;270.0;270.0;270.0
157.0;2.5582;2.5476;0.9121;0.0000;138;118;0.0440;121.0458;-0.3817;-0.1647;120.4972;270.0;270.0;270.0;270.0
157.5;2.5458;2.5417;1.4080;0.0000;155;114;-0.0538;122.2519;-0.3893;-0.1207;122.0964;270.0;270.0;270.0;270.0
158.0;2.5334;2.5357;1.3819;0.0000;163;122;-0.0538;123.3817;-0.3893;-0.0768;122.8960;270.0;270.0;270.0;270.0
158.5;2.5215;2.5302;1.6140;0.0000;179;126;-0.0635;124.5878;-0.3893;-0.0328;124.4952;270.0;270.0;270.0;270.0
159.0;2.5105;2.5256;1.1827;0.0000;177;146;-0.0440;125.7939;-0.3893;0.0111;125.2948;270.0;270.0;270.0;270.0
159.5;2.5005;2.5211;1.1566;0.0000;185;153;-0.0440;126.9924;-0.3893;0.0331;126.8941;270.0;270.0;270.0;270.0
160.0;2.4908;2.5169;0.7885;0.0000;185;169;-0.1124;128.1603;-0.3893;0.0551;127.6937;270.0;270.0;270.0;270.0
160.5;2.4826;2.5133;0.9602;0.0000;198;175;-0.0342;129.3664;-0.3893;0.0770;129.2929;270.0;270.0;270.0;270.0
161.0;2.4744;2.5096;0.7349;0.0000;200;189;-0.0342;130.5725;-0.3817;0.0990;130.0925;270.0;270.0;270.0;270.0
161.5;2.4661;2.5069;0.9670;0.0000;214;191;-0.0342;131.7786;-0.3817;0.1430;131.6917;270.0;270.0;270.0;270.0
162.0;2.4597;2.5046;0.8173;0.0000;220;200;-0.1124;133.0229;-0.3817;0.1649;132.4913;270.0;270.0;270.0;270.0
162.5;2.4538;2.5023;0.5756;0.0000;222;214;-0.0244;134.2290;-0.3740;0.1649;134.0906;270.0;270.0;270.0;270.0
163.0;2.4492;2.5005;0.8668;0.0000;238;214;-0.1124;135.5573;-0.3664;0.2089;134.8902;270.0;270.0;270.0;270.0
163.5;2.4455;2.5000;0.7212;0.0000;245;230;-0.1124;136.8015;-0.3664;0.2308;136.4894;270.0;270.0;270.0;270.0
164.0;2.4437;2.5000;0.7816;0.0000;261;243;0.0440;138.1298;-0.3588;0.2528;138.0886;270.0;270.0;270.0;270.0
164.5;2.4432;2.5000;0.3242;0.0000;253;255;-0.0929;139.3741;-0.3511;0.2528;138.8882;270.0;270.0;270.0;270.0
165.0;2.4428;2.5000;0.5907;0.0000;261;249;-0.0244;140.5802;-0.3511;0.2748;140.4874;270.0;270.0;270.0;270.0
165.5;2.4423;2.5000;0.1277;0.0000;249;261;-0.0049;141.8626;-0.3435;0.2748;141.2870;270.0;270.0;270.0;270.0
166.0;2.4423;2.5000;0.5659;-0.0261;286;226;-0.0831;1.2443;0.0000;-0.0109;0.5557;270.0;270.0;270.0;270.0
166.5;2.4437;2.5000;0.4766;-0.0755;294;220;-0.0244;2.6107;0.0000;0.0111;2.1549;270.0;270.0;270.0;270.0
167.0;2.4451;2.5000;0.0000;-0.1511;335;177;0.0733;3.8550;0.0000;0.0111;3.7542;270.0;270.0;270.0;270.0
167.5;2.4464;2.5000;-0.0646;-0.2500;345;167;-0.0049;5.1374;0.0000;0.0111;4.5538;270.0;270.0;270.0;270.0
168.0;2.4487;2.5000;-0.1744;-0.3750;353;157;-0.0831;6.4656;0.0000;-0.0109;6.1530;270.0;270.0;270.0;270.0
168.5;2.4510;2.5000;0.2033;-0.5261;374;138;-0.0147;7.8321;0.0000;0.0111;7.7522;270.0;270.0;270.0;270.0
169.0;2.4533;2.5000;-0.2816;-0.7005;372;136;-0.0733;9.0763;0.0000;-0.0109;8.5518;270.0;270.0;270.0;270.0
169.5;2.4551;2.5000;-0.0398;-0.9011;392;114;-0.0831;10.3282;0.0000;-0.0109;10.1510;270.0;270.0;270.0;270.0
170.0;2.4570;2.5000;-0.8159;-1.1250;341;165;0.0244;11.6107;0.0000;-0.0328;10.9506;270.0;270.0;270.0;270.0
170.5;2.4588;2.5000;-0.8764;-1.3750;351;152;-0.1320;12.9008;0.0000;-0.0548;12.5499;270.0;270.0;270.0;270.0
171.0;2.4615;2.5000;-1.5494;-1.6511;351;153;0.0538;14.2672;-0.0076;-0.0988;14.1491;270.0;270.0;270.0;270.0
171.5;2.4652;2.5000;-1.5288;-1.9505;363;136;0.0440;15.5496;-0.0076;-0.1427;14.9487;270.0;270.0;270.0;270.0
172.0;2.4689;2.5000;-1.6387;-2.2761;374;118;-0.1124;16.8397;-0.0076;-0.1867;16.5479;270.0;270.0;270.0;270.0
172.5;2.4721;2.5000;-2.5742;-2.6250;369;124;-0.0733;18.1221;-0.0153;-0.2746;17.3475;270.0;270.0;270.0;270.0
173.0;2.4753;2.5000;-2.8434;-3.0000;376;110;0.0929;19.4886;-0.0229;-0.3405;18.9467;270.0;270.0;270.0;270.0
173.5;2.4776;2.5000;-3.6511;-3.4011;372;110;0.1222;20.7710;-0.0305;-0.4503;20.5460;270.0;270.0;270.0;270.0
174.0;2.4799;2.5000;-3.6332;-3.8255;392;91;0.0440;22.0229;-0.0458;-0.5602;21.3456;270.0;270.0;270.0;270.0
174.5;2.4817;2.5000;-4.1250;-4.2761;400;81;-0.0147;23.3053;-0.0534;-0.6701;22.9448;270.0;270.0;270.0;270.0
175.0;2.4831;2.5000;-4.0618;-4.7500;419;60;0.0538;24.5496;-0.0687;-0.7800;24.5440;270.0;270.0;270.0;270.0
175.5;2.4849;2.5000;-4.6016;-5.2500;427;52;-0.0049;25.8397;-0.0916;-0.9118;25.3436;270.0;270.0;270.0;270.0
176.0;2.4858;2.5000;-5.1415;-5.7761;435;40;-0.0733;27.0840;-0.1145;-1.0656;26.9428;270.0;270.0;270.0;270.0
176.5;2.4863;2.5000;-5.2418;-6.3255;457;21;-0.0635;28.3282;-0.1374;-1.2194;27.7425;270.0;270.0;270.0;270.0
177.0;2.4867;2.5000;-5.9382;-6.9011;464;15;-0.1124;29.6183;-0.1679;-1.3952;29.3417;270.0;270.0;270.0;270.0
177.5;2.4876;2.5000;-6.2692;-7.5000;482;-3;-0.1026;30.9847;-0.1985;-1.5710;30.9409;270.0;270.0;270.0;270.0
178.0;2.4876;2.5000;-7.3942;-8.1250;478;1;-0.0733;32.1832;-0.2366;-1.7908;31.7405;270.0;270.0;270.0;270.0
178.5;2.4890;2.5000;-7.6978;-8.7761;498;-17;-0.0635;33.4733;-0.2748;-1.9885;33.3397;270.0;270.0;270.0;270.0
179.0;2.4904;2.5000;-8.8846;-9.4258;486;-7;-0.0929;34.7939;-0.3282;-2.2522;34.1393;270.0;270.0;270.0;270.0
179.5;2.4913;2.5000;-9.2651;-10.0755;494;-17;-0.0831;36.0458;-0.3817;-2.5159;35.7386;270.0;270.0;270.0;270.0
180.0;2.4918;2.5000;-9.8173;-10.7253;500;-21;-0.1320;37.3282;-0.4351;-2.8016;36.5382;270.0;270.0;270.0;270.0
180.5;2.4922;2.5000;-10.2280;-11.3750;505;-30;-0.1417;38.5344;-0.4962;-3.0872;38.1374;270.0;270.0;270.0;270.0
181.0;2.4913;2.5000;-10.8475;-12.0261;509;-32;-0.2688;39.7328;-0.5649;-3.3949;39.7366;270.0;270.0;270.0;270.0
181.5;2.4904;2.5000;-12.0508;-12.6758;501;-21;-0.1417;40.9771;-0.6412;-3.7464;40.5362;270.0;270.0;270.0;270.0
182.0;2.4890;2.5000;-12.3077;-13.3255;511;-32;-0.2102;42.2595;-0.7328;-4.1200;42.1354;270.0;270.0;270.0;270.0
182.5;2.4881;2.5000;-13.2775;-13.9753;507;-26;-0.1124;43.5038;-0.8244;-4.4936;42.9350;270.0;270.0;270.0;270.0
183.0;2.4876;2.5000;-13.5288;-14.6250;519;-38;-0.1026;44.7481;-0.9237;-4.8671;44.5343;270.0;270.0;270.0;270.0
183.5;2.4853;2.5000;-14.6456;-15.2761;513;-28;-0.0635;45.9084;-1.0305;-5.2846;45.3339;270.0;270.0;270.0;270.0
184.0;2.4835;2.5000;-15.4739;-15.9135;507;-21;-0.0244;47.1450;-1.1527;-5.7241;46.9331;270.0;270.0;270.0;270.0
184.5;2.4817;2.5000;-16.5742;-16.5385;494;-7;-0.1320;48.3893;-1.2824;-6.2295;47.7327;270.0;270.0;270.0;270.0
185.0;2.4785;2.5000;-16.9148;-17.1511;500;-11;-0.0733;49.5038;-1.4046;-6.6910;49.3319;270.0;270.0;270.0;270.0
185.5;2.4753;2.5000;-17.2953;-17.7500;503;-13;-0.1320;50.7405;-1.5573;-7.1744;50.1315;270.0;270.0;270.0;270.0
186.0;2.4730;2.5000;-18.4863;-18.3379;490;7;-0.0733;51.9771;-1.7176;-7.7237;51.7307;270.0;270.0;270.0;270.0
186.5;2.4721;2.5000;-18.7651;-18.9135;494;1;-0.1515;53.2519;-1.8931;-8.2511;53.3300;270.0;270.0;270.0;270.0
187.0;2.4721;2.5000;-19.7940;-19.4753;484;15;-0.1124;54.5191;-2.0840;-8.8224;54.1296;270.0;270.0;270.0;270.0
187.5;2.4725;2.5000;-19.9368;-20.0261;490;7;-0.1320;55.7099;-2.2748;-9.3938;55.7288;270.0;270.0;270.0;270.0
188.0;2.4725;2.5000;-20.9382;-20.5632;476;21;-0.0733;56.9771;-2.4962;-9.9871;56.5284;270.0;270.0;270.0;270.0
188.5;2.4721;2.5000;-20.8695;-21.0879;490;9;-0.0733;58.1679;-2.7099;-10.5804;58.1276;270.0;270.0;270.0;270.0
189.0;2.4721;2.5000;-21.6813;-21.6003;480;17;-0.1124;59.4656;-2.9618;-11.2176;58.9272;270.0;270.0;270.0;270.0
189.5;2.4730;2.5000;-22.3874;-22.1003;472;24;-0.2004;60.7252;-3.2137;-11.8549;60.5265;270.0;270.0;270.0;270.0
190.0;2.4753;2.5000;-23.0481;-22.5879;466;28;-0.3275;62.0611;-3.5038;-12.5141;62.1257;270.0;270.0;270.0;270.0
190.5;2.4785;2.5000;-23.5041;-23.0632;460;28;-0.2884;63.3969;-3.8092;-13.1953;62.9253;270.0;270.0;270.0;270.0
191.0;2.4817;2.5000;-23.4533;-23.5261;472;17;-0.3079;64.7252;-4.1298;-13.8545;64.5245;270.0;270.0;270.0;270.0
191.5;2.4863;2.5000;-24.5810;-23.9753;453;32;-0.2688;66.0534;-4.4656;-14.5796;66.1237;270.0;270.0;270.0;270.0
192.0;2.4904;2.5000;-24.6951;-24.4135;455;24;-0.3666;67.3282;-4.8015;-15.2608;66.9233;270.0;270.0;270.0;270.0
192.5;2.4945;2.5000;-25.7060;-24.8379;437;38;-0.3079;68.6107;-5.1603;-16.0079;68.5226;270.0;270.0;270.0;270.0
193.0;2.4977;2.5000;-25.6731;-25.2500;443;26;-0.1515;69.8855;-5.5344;-16.7331;70.1218;270.0;270.0;270.0;270.0
193.5;2.5014;2.5000;-26.1896;-25.6511;435;28;-0.3568;71.1908;-5.9389;-17.5022;71.7210;270.0;270.0;270.0;270.0
194.0;2.5055;2.5000;-26.0797;-26.0385;445;17;-0.3079;72.4504;-6.3435;-18.2493;72.5206;270.0;270.0;270.0;270.0
194.5;2.5082;2.5000;-26.8255;-26.4135;427;26;-0.1222;73.6336;-6.7405;-18.9964;74.1198;270.0;270.0;270.0;270.0
195.0;2.5105;2.5000;-27.5357;-26.7761;415;36;-0.1515;74.8473;-7.1679;-19.8095;74.9194;270.0;270.0;270.0;270.0
195.5;2.5114;2.5000;-27.3049;-27.1250;425;22;-0.1711;76.0534;-7.6107;-20.5785;76.5187;270.0;270.0;270.0;270.0
196.0;2.5110;2.5000;-27.7898;-27.4629;417;28;-0.1711;77.1756;-8.0458;-21.3696;77.3183;270.0;270.0;270.0;270.0
196.5;2.5110;2.5000;-27.5618;-27.7885;429;19;-0.2493;78.3359;-8.5038;-22.1607;78.9175;270.0;270.0;270.0;270.0
197.0;2.5101;2.5000;-28.3118;-28.1003;415;30;-0.2199;79.4885;-8.9847;-22.9737;80.5167;270.0;270.0;270.0;270.0
197.5;2.5092;2.5000;-28.1456;-28.4011;421;22;-0.2297;80.6260;-9.4733;-23.7648;81.3163;270.0;270.0;270.0;270.0
198.0;2.5092;2.5000;-29.0275;-28.6882;408;40;-0.4154;81.8779;-10.0382;-24.6218;82.9155;270.0;270.0;270.0;270.0
198.5;2.5110;2.5000;-29.0069;-28.9629;410;34;-0.4545;83.1145;-10.6107;-25.4348;84.5147;270.0;270.0;270.0;270.0
199.0;2.5119;2.5000;-29.3462;-29.2253;404;38;-0.2688;84.2672;-11.1756;-26.2698;85.3144;270.0;270.0;270.0;270.0
199.5;2.5105;2.5000;-29.3942;-29.4753;406;36;-0.0831;85.3511;-11.7176;-27.1488;86.9136;270.0;270.0;270.0;270.0
200.0;2.5101;2.5000;-30.2802;-29.7129;388;56;-0.1808;86.4504;-12.2901;-27.9838;87.7132;270.0;270.0;270.0;270.0
200.5;2.5092;2.5000;-31.5234;-29.9382;361;83;-0.1515;87.5802;-12.9084;-28.9067;89.3124;270.0;270.0;270.0;270.0
201.0;2.5064;2.5000;-31.5453;-30.1511;361;83;-0.0538;88.5649;-13.4580;-29.7857;90.1120;270.0;270.0;270.0;270.0
201.5;2.5032;2.5000;-32.3063;-30.3503;343;101;-0.0733;89.6412;-14.0840;-30.7305;91.7112;270.0;270.0;270.0;270.0
202.0;2.5014;2.5000;-32.1264;-30.5385;353;97;-0.0929;90.7099;-14.7328;-31.6315;92.5108;270.0;270.0;270.0;270.0
202.5;2.4995;2.5000;-32.7115;-30.7129;339;110;-0.0342;91.7634;-15.3893;-32.5983;94.1101;270.0;270.0;270.0;270.0
203.0;2.4977;2.5000;-32.6538;-30.8750;341;110;0.0049;92.7710;-16.0458;-33.5212;94.9097;270.0;270.0;270.0;270.0
203.5;2.4950;2.5000;-33.1140;-31.0261;333;122;0.0147;93.7710;-16.7252;-34.4661;96.5089;270.0;270.0;270.0;270.0
204.0;2.4918;2.5000;-32.7898;-31.1635;339;114;-0.0342;94.7939;-17.4351;-35.4110;97.3085;270.0;270.0;270.0;270.0
204.5;2.4886;2.5000;-32.5357;-31.2885;349;110;-0.0147;95.7710;-18.1450;-36.3339;98.9077;270.0;270.0;270.0;270.0
205.0;2.4863;2.5000;-32.2514;-31.4011;357;107;-0.0538;96.7710;-18.8855;-37.2788;100.5069;270.0;270.0;270.0;270.0
205.5;2.4844;2.5000;-32.1607;-31.5000;359;107;-0.0342;97.7252;-19.6260;-38.1797;101.3066;270.0;270.0;270.0;270.0
206.0;2.4817;2.5000;-32.6085;-31.5879;345;122;0.0049;98.6641;-20.3817;-39.1026;102.9058;270.0;270.0;270.0;270.0
206.5;2.4794;2.5000;-32.4203;-31.6635;351;120;0.0049;99.5954;-21.1450;-40.0475;103.7054;270.0;270.0;270.0;270.0
207.0;2.4762;2.5000;-32.9258;-31.7253;335;138;0.0440;100.5115;-21.9313;-40.9924;105.3046;270.0;270.0;270.0;270.0
207.5;2.4730;2.5000;-32.5522;-31.7761;345;134;0.0049;101.4122;-22.7252;-41.9373;106.1042;270.0;270.0;270.0;270.0
208.0;2.4702;2.5000;-32.9904;-31.8132;333;150;0.0831;102.2748;-23.5114;-42.8602;107.7034;270.0;270.0;270.0;270.0
208.5;2.4670;2.5000;-32.9231;-31.8379;331;152;0.0440;103.1527;-24.3435;-43.8270;108.5030;270.0;270.0;270.0;270.0
209.0;2.4643;2.5000;-33.2857;-31.8503;324;167;0.0929;104.0458;-25.2137;-44.7500;110.1023;270.0;270.0;270.0;270.0
209.5;2.4625;2.5000;-33.0508;-31.8503;326;165;-0.0440;104.9237;-26.0992;-45.7168;110.9019;270.0;270.0;270.0;270.0
210.0;2.4611;2.5000;-32.6635;-31.8503;335;157;0.0049;105.7557;-26.9695;-46.6397;112.5011;270.0;270.0;270.0;270.0
210.5;2.4602;2.5000;-33.1319;-31.8379;324;175;0.0342;106.6336;-27.9084;-47.5846;113.3007;270.0;270.0;270.0;270.0
211.0;2.4602;2.5000;-32.9080;-31.8132;324;175;0.0244;107.4885;-28.8626;-48.5295;114.8999;270.0;270.0;270.0;270.0
211.5;2.4615;2.5000;-33.1346;-31.7761;314;185;-0.1026;108.3893;-29.8931;-49.5183;116.4991;270.0;270.0;270.0;270.0
212.0;2.4638;2.5000;-32.3640;-31.7253;327;169;-0.0929;109.2443;-30.9084;-50.4193;117.2988;270.0;270.0;270.0;270.0
212.5;2.4666;2.5000;-32.3805;-31.6635;322;175;-0.0929;110.0763;-31.9389;-51.3422;118.8980;270.0;270.0;270.0;270.0
213.0;2.4689;2.5000;-31.6854;-31.5879;331;159;-0.1808;110.9237;-33.0153;-52.2431;120.4972;270.0;270.0;270.0;270.0
213.5;2.4716;2.5000;-31.8777;-31.5000;322;169;-0.1711;111.7023;-34.0382;-53.1660;121.2968;270.0;270.0;270.0;270.0
214.0;2.4753;2.5000;-31.7967;-31.4011;314;171;-0.1417;112.5115;-35.1374;-54.0889;122.8960;270.0;270.0;270.0;270.0
214.5;2.4785;2.5000;-31.9190;-31.2885;304;181;-0.1320;113.2366;-36.1527;-54.9898;124.4952;270.0;270.0;270.0;270.0
215.0;2.4757;2.5000;-31.7376;-31.1635;302;179;-0.0147;114.0153;-37.2748;-55.8908;125.2948;270.0;270.0;270.0;270.0
215.5;2.4739;2.5000;-31.3008;-31.0261;308;177;-0.1124;114.7023;-38.3130;-56.7917;126.8941;270.0;270.0;270.0;270.0
216.0;2.4730;2.5000;-31.7802;-30.8750;288;198;0.0049;115.3969;-39.3969;-57.7146;127.6937;270.0;270.0;270.0;270.0
216.5;2.4721;2.5000;-31.5027;-30.7129;286;200;0.0440;116.0534;-40.4504;-58.6156;129.2929;270.0;270.0;270.0;270.0
217.0;2.4721;2.5000;-31.7981;-30.5385;271;218;0.0440;116.6947;-41.5191;-59.5165;130.8921;270.0;270.0;270.0;270.0
217.5;2.4712;2.5000;-31.1099;-30.3503;277;210;0.0440;117.3206;-42.6031;-60.3955;131.6917;270.0;270.0;270.0;270.0
218.0;2.4712;2.5000;-30.9382;-30.1511;273;218;0.0342;117.9313;-43.6870;-61.2964;133.2909;270.0;270.0;270.0;270.0
218.5;2.4712;2.5000;-30.3956;-29.9382;275;214;0.2004;118.5573;-44.8550;-62.1753;134.0906;270.0;270.0;270.0;270.0
219.0;2.4702;2.5000;-30.3242;-29.7129;267;224;0.1417;119.0916;-45.8931;-63.0323;135.6898;270.0;270.0;270.0;270.0
219.5;2.4693;2.5000;-30.3434;-29.4753;255;236;0.1808;119.6489;-47.0076;-63.9113;136.4894;270.0;270.0;270.0;270.0
220.0;2.4689;2.5000;-29.6401;-29.2253;261;230;0.2297;120.2061;-48.1679;-64.7463;138.0886;270.0;270.0;270.0;270.0
220.5;2.4675;2.5000;-29.5618;-28.9629;251;241;0.2297;120.7099;-49.2595;-65.6033;138.8882;270.0;270.0;270.0;270.0
221.0;2.4670;2.5000;-29.1099;-28.6882;251;243;0.2199;121.2366;-50.4351;-66.4383;140.4874;270.0;270.0;270.0;270.0
221.5;2.4679;2.5000;-29.4093;-28.4011;232;263;0.2004;121.7405;-51.6183;-67.2733;142.0867;270.0;270.0;270.0;270.0
222.0;2.4684;2.5000;-28.9725;-28.1003;230;265;0.2884;122.2137;-52.7710;-68.1083;142.8863;270.0;270.0;270.0;270.0
222.5;2.4689;2.5000;-29.3255;-27.7885;208;286;0.2199;122.6870;-53.9695;-68.9433;144.4855;270.0;270.0;270.0;270.0
223.0;2.4702;2.5000;-28.8709;-27.4629;206;288;0.3177;123.1527;-55.2061;-69.8003;145.2851;270.0;270.0;270.0;270.0
223.5;2.4725;2.5000;-28.6799;-27.1250;196;296;0.2395;123.5725;-56.3817;-70.5914;146.8843;270.0;270.0;270.0;270.0
224.0;2.4739;2.5000;-28.3407;-26.7761;191;302;0.2590;124.0076;-57.6336;-71.4044;148.4835;270.0;270.0;270.0;270.0
224.5;2.4753;2.5000;-28.2390;-26.4135;179;314;0.3470;124.4122;-58.8550;-72.2175;149.2831;270.0;270.0;270.0;270.0
225.0;2.4766;2.5000;-28.3448;-26.0385;159;329;0.3763;124.7939;-60.0840;-73.0525;150.8824;270.0;270.0;270.0;270.0
225.5;2.4780;2.5000;-27.5247;-25.6511;165;324;0.2199;125.1450;-61.2748;-73.8216;151.6820;270.0;270.0;270.0;270.0
226.0;2.4780;2.5000;-27.1621;-25.2500;159;329;0.2004;125.4657;-62.3969;-74.5907;153.2812;270.0;270.0;270.0;270.0
226.5;2.4771;2.5000;-26.0082;-24.8379;173;318;0.2688;125.7786;-63.5649;-75.3378;154.0808;270.0;270.0;270.0;270.0
227.0;2.4748;2.5000;-25.3255;-24.4135;175;316;0.0831;126.0611;-64.6489;-76.0629;155.6800;270.0;270.0;270.0;270.0
227.5;2.4707;2.5000;-24.3681;-23.9753;185;310;0.0538;126.3206;-65.7481;-76.7661;156.4796;270.0;270.0;270.0;270.0
228.0;2.4670;2.5000;-23.8352;-23.5261;185;314;0.0929;126.5802;-66.8855;-77.4473;158.0788;270.0;270.0;270.0;270.0
228.5;2.4634;2.5000;-22.9107;-23.0632;193;310;0.0733;126.8321;-68.0229;-78.1065;158.8785;270.0;270.0;270.0;270.0
229.0;2.4588;2.5000;-22.0014;-22.5879;200;308;0.1222;127.0534;-69.1221;-78.7218;160.4777;270.0;270.0;270.0;270.0
229.5;2.4547;2.5000;-21.8132;-22.1003;189;322;0.1320;127.2824;-70.3053;-79.3810;161.2773;270.0;270.0;270.0;270.0
230.0;2.4501;2.5000;-21.1250;-21.6003;191;326;0.1613;127.4962;-71.4504;-79.9743;162.8765;270.0;270.0;270.0;270.0
230.5;2.4464;2.5000;-20.9148;-21.0879;181;341;0.1515;127.6947;-72.6031;-80.5676;163.6761;270.0;270.0;270.0;270.0
231.0;2.4423;2.5000;-20.0810;-20.5632;185;341;0.1320;127.8779;-73.7557;-81.1389;164.4757;270.0;270.0;270.0;270.0
231.5;2.4386;2.5000;-19.9574;-20.0261;173;361;0.1320;128.0534;-74.9084;-81.7102;166.0750;270.0;270.0;270.0;270.0
232.0;2.4364;2.5000;-18.9437;-19.4753;181;357;0.1026;128.2214;-76.1374;-82.2596;166.8746;270.0;270.0;270.0;270.0
232.5;2.4350;2.5000;-18.6305;-18.9135;171;370;0.1515;128.3817;-77.3359;-82.7870;168.4738;270.0;270.0;270.0;270.0
233.0;2.4336;2.5000;-17.9835;-18.3379;167;376;0.1417;128.5267;-78.5343;-83.2924;169.2734;270.0;270.0;270.0;270.0
233.5;2.4309;2.5000;-17.6525;-17.7500;157;390;0.1417;128.6641;-79.7328;-83.8197;170.8726;270.0;270.0;270.0;270.0
234.0;2.4295;2.5000;-16.8681;-17.1511;159;392;0.0244;128.7939;-80.9695;-84.3032;172.4718;270.0;270.0;270.0;270.0
234.5;2.4286;2.5000;-15.8283;-16.5385;167;388;-0.0147;128.9237;-82.2901;-84.7427;173.2714;270.0;270.0;270.0;270.0
235.0;2.4290;2.5000;-15.5604;-15.9135;153;402;-0.0342;129.0305;-83.5267;-85.1821;174.8707;270.0;270.0;270.0;270.0
235.5;2.4304;2.5000;-14.7473;-15.2761;152;402;0.0244;129.1298;-84.8092;-85.5996;175.6703;270.0;270.0;270.0;270.0
236.0;2.4327;2.5000;-14.5288;-14.6250;136;421;0.0244;129.2290;-86.0916;-86.0172;177.2695;270.0;270.0;270.0;270.0
236.5;2.4359;2.5000;-13.2651;-13.9753;150;406;-0.0929;129.3130;-87.4198;-86.4127;178.8687;270.0;270.0;270.0;270.0
237.0;2.4396;2.5000;-12.6236;-13.3255;146;406;-0.0538;129.3893;-88.7023;-86.7643;179.6683;270.0;270.0;270.0;270.0
237.5;2.4432;2.5000;-11.5659;-12.6758;153;396;-0.1613;129.4657;-90.0229;-87.0939;181.2675;270.0;270.0;270.0;270.0
238.0;2.4451;2.5000;-11.2486;-12.0261;142;402;-0.0049;129.5191;-91.2672;-87.4235;182.0671;270.0;270.0;270.0;270.0
238.5;2.4469;2.5000;-10.7019;-11.3750;136;406;-0.1124;129.5802;-92.5573;-87.7311;183.6664;270.0;270.0;270.0;270.0
239.0;2.4483;2.5000;-9.5082;-10.7253;148;392;-0.0733;129.6260;-93.8015;-88.0168;185.2656;270.0;270.0;270.0;270.0
239.5;2.4492;2.5000;-9.0096;-10.0755;140;398;0.1417;129.6641;-95.0076;-88.2585;186.0652;270.0;270.0;270.0;270.0
240.0;2.4501;2.5000;-8.2555;-9.4258;140;398;0.0440;129.6947;-96.2519;-88.5002;187.6644;270.0;270.0;270.0;270.0
240.5;2.4505;2.5000;-8.2610;-8.7761;122;415;-0.1124;129.7252;-97.4962;-88.7419;188.4640;270.0;270.0;270.0;270.0
241.0;2.4501;2.5000;-7.2871;-8.1250;128;410;-0.0635;129.7557;-98.7023;-88.9397;190.0632;270.0;270.0;270.0;270.0
241.5;2.4483;2.5000;-7.1964;-7.5000;122;419;0.0831;129.7710;-99.9084;-89.1594;190.8629;270.0;270.0;270.0;270.0
242.0;2.4460;2.5000;-5.9560;-6.9011;144;400;0.0440;129.7863;-101.1145;-89.3132;192.4621;270.0;270.0;270.0;270.0
242.5;2.4437;2.5000;-5.3970;-6.3255;150;392;0.0244;129.8015;-102.3206;-89.4671;193.2617;270.0;270.0;270.0;270.0
243.0;2.4409;2.5000;-4.4368;-5.7761;167;378;0.0733;129.8092;-103.4809;-89.5989;194.8609;270.0;270.0;270.0;270.0
243.5;2.4391;2.5000;-4.3420;-5.2500;163;382;0.1417;129.8168;-104.6870;-89.7308;195.6605;270.0;270.0;270.0;270.0
244.0;2.4377;2.5000;-4.2294;-4.7500;159;386;-0.0147;129.8244;-105.9771;-89.8406;197.2597;270.0;270.0;270.0;270.0
244.5;2.4373;2.5000;-3.2157;-4.2761;181;370;0.1124;129.8244;-107.2595;-89.9285;198.0593;270.0;270.0;270.0;270.0
245.0;2.4373;2.5000;-3.1044;-3.8255;177;372;0.2688;129.8244;-108.4656;-90.0384;199.6586;270.0;270.0;270.0;270.0
245.5;2.4373;2.5000;-2.4533;-3.4011;189;363;0.1613;129.8244;-109.7176;-90.1043;201.2578;270.0;270.0;270.0;270.0
246.0;2.4377;2.5000;-2.9313;-3.0000;173;378;0.1808;129.8244;-110.9618;-90.1922;202.0574;270.0;270.0;270.0;270.0
246.5;2.4391;2.5000;-2.4066;-2.6250;183;369;0.1613;129.8168;-112.2061;-90.2581;203.6566;270.0;270.0;270.0;270.0
247.0;2.4396;2.5000;-2.8159;-2.2761;169;380;0.1711;129.8168;-113.4504;-90.3241;204.4562;270.0;270.0;270.0;270.0
247.5;2.4386;2.5000;-2.2005;-1.9505;183;367;0.1515;129.8092;-114.6183;-90.3900;206.0554;270.0;270.0;270.0;270.0
248.0;2.4377;2.5000;-1.7198;-1.6511;195;357;0.0538;129.7939;-115.8244;-90.4559;206.8550;270.0;270.0;270.0;270.0
248.5;2.4377;2.5000;-0.7514;-1.3750;220;333;0.1026;129.7863;-117.0687;-90.4559;208.4543;270.0;270.0;270.0;270.0
249.0;2.4386;2.5000;-0.6016;-1.1250;224;329;0.0147;129.7786;-118.3511;-90.4779;209.2539;270.0;270.0;270.0;270.0
249.5;2.4391;2.5000;-0.6456;-0.9011;224;329;0.1808;129.7634;-119.5573;-90.4998;210.8531;270.0;270.0;270.0;270.0
250.0;2.4396;2.5000;0.4286;-0.7005;251;300;0.0635;129.7557;-120.8092;-90.4998;211.6527;270.0;270.0;270.0;270.0
250.5;2.4391;2.5000;0.3530;-0.5261;251;298;-0.0147;129.7481;-122.0153;-90.4779;213.2519;270.0;270.0;270.0;270.0
251.0;2.4382;2.5000;1.2253;-0.3750;279;275;-0.0440;129.7405;-123.2214;-90.4559;214.0515;270.0;270.0;270.0;270.0
251.5;2.4368;2.5000;0.7349;-0.2500;269;283;0.0538;129.7252;-124.4656;-90.4339;215.6508;270.0;270.0;270.0;270.0
252.0;2.4368;2.5000;0.7775;-0.1511;277;279;0.0440;129.7176;-125.7099;-90.4119;217.2500;270.0;270.0;270.0;270.0
252.5;2.4382;2.5000;0.3929;-0.0755;271;283;0.0635;129.7099;-127.0382;-90.3900;218.0496;270.0;270.0;270.0;270.0
253.0;2.4400;2.5000;0.7280;-0.0261;284;269;0.0538;129.7023;-128.2824;-90.3680;219.6488;270.0;270.0;270.0;270.0
253.5;2.4418;2.5000;0.9588;0.0000;281;273;-0.0342;129.6947;-129.5649;-90.3460;220.4484;270.0;270.0;270.0;270.0
254.0;2.4432;2.5000;0.5027;0.0000;277;275;-0.0244;129.6870;-130.7710;-90.3241;222.0476;270.0;270.0;270.0;270.0
254.5;2.4446;2.5000;0.7102;0.0000;281;269;0.0733;1.2443;0.0000;-0.0109;0.5557;270.0;270.0;270.0;270.0
255.0;2.4464;2.5000;0.3420;0.0000;269;279;0.1417;2.5267;0.0000;-0.0109;2.1549;270.0;270.0;270.0;270.0
255.5;2.4473;2.5000;1.0742;0.0000;286;259;0.1222;3.7328;0.0000;0.0331;2.9546;270.0;270.0;270.0;270.0
256.0;2.4473;2.5000;0.7926;0.0000;279;267;0.0440;4.9771;0.0000;0.0551;4.5538;270.0;270.0;270.0;270.0
256.5;2.4478;2.5000;1.2212;0.0000;296;263;0.0342;6.2290;0.0000;0.0770;6.1530;270.0;270.0;270.0;270.0
257.0;2.4492;2.5009;0.7541;0.0000;292;283;0.0440;7.5496;0.0000;0.0990;6.9526;270.0;270.0;270.0;270.0
257.5;2.4519;2.5023;0.7184;0.0000;296;290;0.1320;8.8397;0.0076;0.1210;8.5518;270.0;270.0;270.0;270.0
258.0;2.4446;2.5041;0.1456;0.0000;284;320;0.1515;10.2061;0.0076;0.1430;10.1510;270.0;270.0;270.0;270.0
258.5;2.4405;2.5060;0.5069;0.0000;308;322;0.0538;11.4504;0.0153;0.1430;10.9506;270.0;270.0;270.0;270.0
259.0;2.4386;2.5082;0.7967;0.0000;326;326;0.0440;12.7786;0.0153;0.1649;12.5499;270.0;270.0;270.0;270.0
259.5;2.4391;2.5114;0.1951;0.0000;322;351;0.0733;14.0229;0.0229;0.1869;13.3495;270.0;270.0;270.0;270.0
260.0;2.4396;2.5147;0.5495;0.0000;341;353;0.0538;15.1908;0.0229;0.1869;14.9487;270.0;270.0;270.0;270.0
260.5;2.4418;2.5183;-0.0275;0.0000;337;374;0.0733;16.5115;0.0305;0.1869;15.7483;270.0;270.0;270.0;270.0
261.0;2.4464;2.5224;0.7473;0.0000;369;365;0.0538;17.8397;0.0305;0.2089;17.3475;270.0;270.0;270.0;270.0
261.5;2.4515;2.5270;0.6223;0.0000;374;376;-0.0244;19.2061;0.0382;0.2308;18.9467;270.0;270.0;270.0;270.0
262.0;2.4579;2.5321;1.1923;0.0000;398;370;0.0342;20.4504;0.0458;0.2748;19.7464;270.0;270.0;270.0;270.0
262.5;2.4647;2.5371;0.7926;0.0000;396;386;0.0440;21.7786;0.0534;0.2968;21.3456;270.0;270.0;270.0;270.0
263.0;2.4716;2.5430;0.5124;0.0000;398;404;-0.0244;23.0687;0.0611;0.2968;22.9448;270.0;270.0;270.0;270.0
263.5;2.4780;2.5495;0.8571;0.0000;413;402;0.0440;24.3893;0.0687;0.3187;23.7444;270.0;270.0;270.0;270.0
264.0;2.4853;2.5559;0.6525;0.0000;421;417;0.0538;25.7176;0.0763;0.3407;25.3436;270.0;270.0;270.0;270.0
264.5;2.4936;2.5627;0.8654;0.0000;437;421;-0.1124;27.0458;0.0840;0.3627;26.9428;270.0;270.0;270.0;270.0
265.0;2.5032;2.5705;0.2527;0.0000;427;441;-0.0929;28.4504;0.0916;0.3847;27.7425;270.0;270.0;270.0;270.0
265.5;2.5147;2.5783;0.4766;0.0000;445;445;-0.1026;29.8550;0.0992;0.3847;29.3417;270.0;270.0;270.0;270.0
266.0;2.5270;2.5856;0.0810;0.0000;425;447;-0.0929;31.2672;0.1145;0.3847;30.9409;270.0;270.0;270.0;270.0
266.5;2.5403;2.5925;0.3159;0.0000;423;431;0.0635;32.6718;0.1221;0.4066;32.5401;270.0;270.0;270.0;270.0
267.0;2.5536;2.5994;0.1470;0.0000;410;423;-0.0929;34.0763;0.1298;0.4066;33.3397;270.0;270.0;270.0;270.0
267.5;2.5664;2.6053;0.3613;0.0000;402;406;-0.0147;35.4427;0.1450;0.4066;34.9389;270.0;270.0;270.0;270.0
268.0;2.5792;2.6113;-0.1113;0.0000;376;404;-0.0049;36.8931;0.1527;0.4066;36.5382;270.0;270.0;270.0;270.0
268.5;2.5916;2.6163;-0.2486;0.0000;363;394;-0.0733;38.2977;0.1603;0.4066;38.1374;270.0;270.0;270.0;270.0
269.0;2.6030;2.6213;0.0014;0.0000;359;374;-0.1613;39.6641;0.1756;0.4066;38.9370;270.0;270.0;270.0;270.0
269.5;2.6131;2.6259;-0.0440;0.0000;345;365;-0.1613;41.0305;0.1832;0.4066;40.5362;270.0;270.0;270.0;270.0
270.0;2.6227;2.6300;0.0385;0.0000;337;349;-0.1711;42.3969;0.1908;0.4066;42.1354;270.0;270.0;270.0;270.0
270.5;2.6314;2.6337;-0.3901;0.0000;316;349;-0.0733;43.8015;0.2061;0.3847;43.7346;270.0;270.0;270.0;270.0
271.0;2.6387;2.6374;-0.1882;0.0000;312;333;0.0049;45.0916;0.2137;0.3847;44.5343;270.0;270.0;270.0;270.0
271.5;2.6447;2.6401;-0.4670;0.0000;292;329;-0.0733;46.4122;0.2214;0.3847;46.1335;270.0;270.0;270.0;270.0
272.0;2.6484;2.6424;-0.1113;0.0000;292;310;-0.0831;47.7405;0.2290;0.3627;47.7327;270.0;270.0;270.0;270.0
272.5;2.6516;2.6447;-0.3146;0.0000;279;306;-0.0733;49.1450;0.2366;0.3627;48.5323;270.0;270.0;270.0;270.0
273.0;2.6543;2.6461;-0.2212;0.0000;273;294;-0.0733;50.4733;0.2443;0.3627;50.1315;270.0;270.0;270.0;270.0
273.5;2.6566;2.6474;-0.4464;0.0000;259;292;-0.0733;51.8015;0.2595;0.3407;51.7307;270.0;270.0;270.0;270.0
274.0;2.6584;2.6484;-0.3310;0.0000;253;281;-0.0733;53.1298;0.2672;0.3407;52.5304;270.0;270.0;270.0;270.0
274.5;2.6603;2.6488;-0.1277;0.0000;249;267;-0.0831;54.4504;0.2748;0.3407;54.1296;270.0;270.0;270.0;270.0
275.0;2.6616;2.6488;-0.6909;0.0000;228;273;0.0244;55.8168;0.2824;0.3187;55.7288;270.0;270.0;270.0;270.0
275.5;2.6625;2.6484;-0.5055;0.0000;226;261;-0.0635;57.1450;0.2901;0.2968;56.5284;270.0;270.0;270.0;270.0
276.0;2.6621;2.6474;-0.6662;0.0000;214;259;0.0147;58.5115;0.2977;0.2748;58.1276;270.0;270.0;270.0;270.0
276.5;2.6607;2.6461;-0.1978;0.0000;220;241;0.0049;59.8015;0.2977;0.2748;59.7268;270.0;270.0;270.0;270.0
277.0;2.6593;2.6447;-0.4093;0.0000;208;241;-0.0733;61.1221;0.3053;0.2528;60.5265;270.0;270.0;270.0;270.0
277.5;2.6584;2.6424;0.1058;0.0000;214;222;-0.0049;62.4886;0.3130;0.2748;62.1257;270.0;270.0;270.0;270.0
278.0;2.6571;2.6401;-0.0426;0.0000;204;220;-0.0049;63.7786;0.3206;0.2528;63.7249;270.0;270.0;270.0;270.0
278.5;2.6548;2.6374;-0.1126;0.0000;196;214;-0.0831;65.1069;0.3282;0.2528;64.5245;270.0;270.0;270.0;270.0
279.0;2.6520;2.6337;-0.2321;0.0000;187;210;0.0049;66.3893;0.3359;0.2528;66.1237;270.0;270.0;270.0;270.0
279.5;2.6497;2.6300;-0.1978;0.0000;183;204;-0.0733;67.7939;0.3359;0.2528;67.7229;270.0;270.0;270.0;270.0
280.0;2.6474;2.6259;0.0824;0.0000;183;191;0.0733;69.1221;0.3435;0.2528;68.5226;270.0;270.0;270.0;270.0
280.5;2.6447;2.6213;-0.2363;0.0000;165;193;0.0831;70.5267;0.3511;0.2528;70.1218;270.0;270.0;270.0;270.0
281.0;2.6424;2.6163;0.0014;0.0000;165;181;-0.0049;71.8931;0.3588;0.2528;71.7210;270.0;270.0;270.0;270.0
281.5;2.6392;2.6113;-0.2637;0.0000;152;179;0.0049;73.2595;0.3664;0.2308;72.5206;270.0;270.0;270.0;270.0
282.0;2.6355;2.6053;0.2418;0.0000;157;159;0.0635;74.5878;0.3664;0.2308;74.1198;270.0;270.0;270.0;270.0
282.5;2.6314;2.5994;0.2610;0.0000;150;153;-0.0929;75.9160;0.3740;0.2528;75.7190;270.0;270.0;270.0;270.0
283.0;2.6264;2.5925;0.7198;0.0000;153;136;0.0538;77.2443;0.3817;0.2748;76.5187;270.0;270.0;270.0;270.0
283.5;2.6204;2.5856;0.6648;0.0000;146;132;0.0538;78.5649;0.3893;0.2968;78.1179;270.0;270.0;270.0;270.0
284.0;2.6145;2.5783;0.6538;0.0000;138;124;0.0538;79.9771;0.3969;0.3187;79.7171;270.0;270.0;270.0;270.0
284.5;2.6076;2.5705;0.4986;0.0000;126;122;0.0538;81.2214;0.4046;0.3187;80.5167;270.0;270.0;270.0;270.0
285.0;2.6012;2.5623;0.7445;0.0000;126;110;0.1320;82.5038;0.4122;0.3407;82.1159;270.0;270.0;270.0;270.0
285.5;2.5934;2.5536;1.2212;0.0000;130;93;-0.0440;83.7939;0.4198;0.3847;83.7151;270.0;270.0;270.0;270.0
286.0;2.5856;2.5444;0.8901;0.0000;116;95;-0.0342;85.0763;0.4275;0.4066;84.5147;270.0;270.0;270.0;270.0
286.5;2.5783;2.5348;1.2473;0.0000;118;79;0.0342;86.4046;0.4351;0.4506;86.1140;270.0;270.0;270.0;270.0
287.0;2.5714;2.5247;0.5522;0.0000;95;89;0.0538;87.7328;0.4504;0.4506;87.7132;270.0;270.0;270.0;270.0
287.5;2.5627;2.5147;0.6607;0.0000;89;79;0.0538;88.9771;0.4580;0.4726;88.5128;270.0;270.0;270.0;270.0
288.0;2.5536;2.5041;0.5192;0.0000;79;75;0.0538;90.2214;0.4656;0.4945;90.1120;270.0;270.0;270.0;270.0
288.5;2.5444;2.4927;0.5728;0.0000;71;67;0.1320;91.5115;0.4809;0.5165;90.9116;270.0;270.0;270.0;270.0
289.0;2.5330;2.4812;0.5014;0.0000;64;62;0.0538;92.7557;0.4886;0.5165;92.5108;270.0;270.0;270.0;270.0
289.5;2.5220;2.4693;0.2857;0.0000;54;62;0.0635;94.0000;0.5038;0.5385;93.3105;270.0;270.0;270.0;270.0
290.0;2.5087;2.4570;0.8626;0.0000;60;40;0.0440;95.1679;0.5115;0.5605;94.9097;270.0;270.0;270.0;270.0
290.5;2.4945;2.4441;0.6923;0.0000;50;40;-0.0244;96.3740;0.5267;0.5824;95.7093;270.0;270.0;270.0;270.0
291.0;2.4803;2.4309;1.1099;0.0000;56;24;-0.0440;97.5802;0.5420;0.6044;97.3085;270.0;270.0;270.0;270.0
291.5;2.4657;2.4171;0.6566;0.0000;38;28;-0.0244;98.7023;0.5496;0.6264;98.1081;270.0;270.0;270.0;270.0
292.0;2.4492;2.4038;0.8901;0.0000;50;28;0.0440;99.8702;0.5649;0.6484;99.7073;270.0;270.0;270.0;270.0
292.5;2.4336;2.3915;0.3187;0.0000;44;46;-0.0929;101.0305;0.5802;0.6484;100.5069;270.0;270.0;270.0;270.0
293.0;2.4171;2.3791;0.2047;0.0000;46;54;0.0635;102.1985;0.5954;0.6703;102.1062;270.0;270.0;270.0;270.0
293.5;2.4011;2.3668;0.3544;0.0000;56;56;-0.0147;103.3206;0.6031;0.6703;102.9058;270.0;270.0;270.0;270.0
294.0;2.3864;2.3553;0.4423;0.0000;64;62;0.0635;104.4885;0.6183;0.6923;103.7054;270.0;270.0;270.0;270.0
294.5;2.3718;2.3443;0.4712;0.0000;69;65;0.0635;105.6565;0.6336;0.6923;105.3046;270.0;270.0;270.0;270.0
295.0;2.3590;2.3333;0.2390;0.0000;71;75;-0.0929;106.8168;0.6489;0.7143;106.1042;270.0;270.0;270.0;270.0
295.5;2.3462;2.3233;0.5536;0.0000;83;73;-0.1026;107.9847;0.6641;0.7143;107.7034;270.0;270.0;270.0;270.0
296.0;2.3338;2.3132;0.2582;0.0000;83;87;-0.0929;109.1527;0.6794;0.7363;108.5030;270.0;270.0;270.0;270.0
296.5;2.3219;2.3040;0.4519;0.0000;95;87;-0.1026;110.3130;0.6947;0.7363;110.1023;270.0;270.0;270.0;270.0
297.0;2.3104;2.2949;0.2473;0.0000;95;97;-0.0147;111.4427;0.7099;0.7582;110.9019;270.0;270.0;270.0;270.0
297.5;2.3004;2.2862;0.1305;0.0000;99;105;-0.0929;112.6031;0.7252;0.7582;112.5011;270.0;270.0;270.0;270.0
298.0;2.2912;2.2779;0.0288;0.0000;103;112;-0.0831;113.7710;0.7405;0.7582;113.3007;270.0;270.0;270.0;270.0
298.5;2.2816;2.2701;0.0302;0.0000;107;116;-0.0831;114.8550;0.7557;0.7582;114.1003;270.0;270.0;270.0;270.0
299.0;2.2724;2.2624;0.2019;0.0000;116;118;-0.0147;115.9847;0.7710;0.7582;115.6995;270.0;270.0;270.0;270.0
299.5;2.2633;2.2555;0.1538;0.0000;120;124;-0.0929;117.0687;0.7863;0.7582;116.4991;270.0;270.0;270.0;270.0
300.0;2.2555;2.2491;0.3407;0.0000;132;124;-0.0929;118.2290;0.8015;0.7802;118.0984;270.0;270.0;270.0;270.0
300.5;2.2486;2.2427;0.2157;0.0000;134;134;-0.0147;119.3588;0.8168;0.7802;118.8980;270.0;270.0;270.0;270.0
301.0;2.2418;2.2372;0.4959;0.0000;146;132;-0.1026;120.5267;0.8321;0.8022;120.4972;270.0;270.0;270.0;270.0
301.5;2.2349;2.2317;0.3599;0.0000;148;140;-0.1026;121.6107;0.8473;0.8022;121.2968;270.0;270.0;270.0;270.0
302.0;2.2276;2.2266;0.5069;0.0000;157;142;-0.1808;122.7328;0.8626;0.8241;122.0964;270.0;270.0;270.0;270.0
302.5;2.2202;2.2221;0.5000;0.0000;163;148;-0.0244;123.8550;0.8779;0.8461;123.6956;270.0;270.0;270.0;270.0
303.0;2.2129;2.2179;0.3819;0.0000;165;155;-0.1026;124.9466;0.8931;0.8461;124.4952;270.0;270.0;270.0;270.0
303.5;2.2056;2.2143;0.2404;0.0000;169;167;-0.0929;126.0305;0.9160;0.8461;125.2948;270.0;270.0;270.0;270.0
304.0;2.1978;2.2111;0.3173;0.0000;179;171;-0.0929;127.1145;0.9313;0.8681;126.8941;270.0;270.0;270.0;270.0
304.5;2.1914;2.2083;0.3462;0.0000;187;179;-0.0147;128.2366;0.9466;0.8681;127.6937;270.0;270.0;270.0;270.0
305.0;2.1854;2.2056;0.2486;0.0000;193;187;-0.0929;129.3206;0.9618;0.8901;129.2929;270.0;270.0;270.0;270.0
305.5;2.1795;2.2038;0.3159;0.0000;200;193;-0.0147;130.3664;0.9771;0.8901;130.0925;270.0;270.0;270.0;270.0
306.0;2.1740;2.2019;0.2157;0.0000;204;202;-0.0147;131.4122;0.9924;0.8901;130.8921;270.0;270.0;270.0;270.0
306.5;2.1694;2.2005;0.3805;0.0000;218;206;-0.0147;132.5420;1.0153;0.9120;132.4913;270.0;270.0;270.0;270.0
307.0;2.1653;2.2001;0.3489;0.0000;224;214;-0.0147;133.5802;1.0305;0.9120;133.2909;270.0;270.0;270.0;270.0
307.5;2.1616;2.1996;0.3860;0.0000;234;224;-0.0147;134.6260;1.0458;0.9340;134.0906;270.0;270.0;270.0;270.0
308.0;2.1584;2.1996;0.3379;0.0000;238;230;-0.0147;135.6718;1.0687;0.9340;134.8902;270.0;270.0;270.0;270.0
308.5;2.1552;2.1996;0.4712;0.0000;241;228;-0.1026;136.6794;1.0840;0.9560;136.4894;270.0;270.0;270.0;270.0
309.0;2.1525;2.1996;0.3530;0.0000;241;234;-0.0147;137.8015;1.0992;0.9560;137.2890;270.0;270.0;270.0;270.0
309.5;2.1506;2.1996;0.3049;0.0000;243;238;-0.0049;1.0382;0.0000;-0.0109;0.5557;270.0;270.0;270.0;270.0
310.0;2.1493;2.1996;0.2363;0.0000;241;239;-0.0147;2.1679;0.0000;-0.0109;2.1549;270.0;270.0;270.0;270.0
310.5;2.1488;2.1996;0.0646;0.0000;238;245;0.0733;3.2519;0.0000;-0.0109;2.9546;270.0;270.0;270.0;270.0
311.0;2.1484;2.1996;-0.0247;0.0000;236;247;0.0733;4.3359;0.0000;-0.0109;3.7542;270.0;270.0;270.0;270.0
311.5;2.1484;2.1996;-0.0467;0.0000;236;249;-0.0049;5.4656;0.0000;-0.0109;5.3534;270.0;270.0;270.0;270.0
312.0;2.1484;2.1996;0.0893;0.0000;239;247;0.0733;6.5496;0.0000;-0.0109;6.1530;270.0;270.0;270.0;270.0
312.5;2.1484;2.1996;-0.0027;0.0000;238;249;0.0733;7.6336;0.0000;-0.0109;6.9526;270.0;270.0;270.0;270.0
313.0;2.1488;2.1996;0.2734;0.0000;243;243;0.0635;8.7176;0.0000;0.0111;8.5518;270.0;270.0;270.0;270.0
313.5;2.1502;2.1996;0.1154;0.0000;239;247;0.0733;9.8855;0.0000;0.0111;9.3514;270.0;270.0;270.0;270.0
314.0;2.1525;2.1996;0.2170;0.0000;241;243;-0.0147;11.0076;0.0000;0.0111;10.9506;270.0;270.0;270.0;270.0
314.5;2.1552;2.1996;0.1717;0.0000;239;243;0.0733;12.1756;0.0000;0.0111;11.7503;270.0;270.0;270.0;270.0
315.0;2.1584;2.1996;0.2967;0.0000;241;239;0.0635;13.3359;0.0000;0.0331;12.5499;270.0;270.0;270.0;270.0
315.5;2.1616;2.1996;0.2431;0.0000;238;239;-0.0147;14.5420;0.0000;0.0331;14.1491;270.0;270.0;270.0;270.0
316.0;2.1639;2.1996;0.0852;0.0000;232;241;0.0733;15.6336;0.0000;0.0331;14.9487;270.0;270.0;270.0;270.0
316.5;2.1662;2.1987;0.1868;0.0000;222;228;0.0733;16.7176;0.0000;0.0331;16.5479;270.0;270.0;270.0;270.0
317.0;2.1676;2.1973;0.0948;0.0000;206;218;-0.0049;17.8397;0.0000;0.0551;17.3475;270.0;270.0;270.0;270.0
317.5;2.1685;2.1946;0.1909;0.0000;196;202;0.0733;18.9237;0.0076;0.0551;18.1471;270.0;270.0;270.0;270.0
318.0;2.1690;2.1914;-0.1937;0.0000;175;198;0.0049;20.0534;0.0076;0.0551;19.7464;270.0;270.0;270.0;270.0
318.5;2.1676;2.1873;-0.0467;0.0000;165;181;-0.0049;21.0992;0.0076;0.0551;20.5460;270.0;270.0;270.0;270.0
319.0;2.1653;2.1822;-0.2940;0.0000;148;175;0.0049;22.2214;0.0076;0.0331;22.1452;270.0;270.0;270.0;270.0
319.5;2.1612;2.1767;-0.1772;0.0000;138;159;0.0831;23.3053;0.0076;0.0331;22.9448;270.0;270.0;270.0;270.0
320.0;2.1566;2.1699;-0.0701;0.0000;128;144;0.0733;24.3893;0.0076;0.0331;23.7444;270.0;270.0;270.0;270.0
320.5;2.1511;2.1625;0.0687;0.0000;120;128;-0.0049;25.4351;0.0076;0.0331;25.3436;270.0;270.0;270.0;270.0
321.0;2.1456;2.1543;-0.1085;0.0000;103;120;0.0831;26.5191;0.0076;0.0331;26.1432;270.0;270.0;270.0;270.0
321.5;2.1387;2.1451;-0.3393;0.0000;85;114;0.0831;27.6107;0.0153;0.0111;26.9428;270.0;270.0;270.0;270.0
322.0;2.1314;2.1355;-0.0742;0.0000;79;97;0.1613;28.6489;0.0153;0.0111;28.5421;270.0;270.0;270.0;270.0
322.5;2.1223;2.1245;-0.2624;0.0000;62;89;0.0831;29.6565;0.0153;0.0111;29.3417;270.0;270.0;270.0;270.0
323.0;2.1117;2.1131;0.1071;0.0000;60;67;0.0733;30.6641;0.0153;0.0111;30.1413;270.0;270.0;270.0;270.0
323.5;2.1021;2.1007;-0.1250;0.0000;42;62;0.0831;31.7481;0.0153;0.0111;31.7405;270.0;270.0;270.0;270.0
324.0;2.0902;2.0875;0.1305;0.0000;36;44;-0.0049;32.7099;0.0153;0.0111;32.5401;270.0;270.0;270.0;270.0
324.5;2.0765;2.0737;0.1140;0.0000;24;32;-0.0049;33.6794;0.0153;0.0111;33.3397;270.0;270.0;270.0;270.0
325.0;2.0632;2.0586;0.4011;0.0000;21;15;-0.0147;34.7176;0.0153;0.0331;34.1393;270.0;270.0;270.0;270.0
325.5;2.0490;2.0430;0.5975;0.0000;13;-1;-0.0244;35.6870;0.0153;0.0331;34.9389;270.0;270.0;270.0;270.0
326.0;2.0339;2.0266;0.8338;0.0000;7;-19;0.0440;36.6870;0.0153;0.0770;36.5382;270.0;270.0;270.0;270.0
326.5;2.0188;2.0092;0.7390;0.0000;-7;-28;0.0538;37.6947;0.0153;0.0990;37.3378;270.0;270.0;270.0;270.0
327.0;2.0018;1.9908;0.3887;0.0000;-26;-32;-0.0147;38.6565;0.0229;0.0990;38.1374;270.0;270.0;270.0;270.0
327.5;1.9831;1.9721;0.8338;0.0000;-28;-54;-0.0342;39.5420;0.0229;0.1210;38.9370;270.0;270.0;270.0;270.0
328.0;1.9643;1.9524;0.6140;0.0000;-46;-60;-0.0244;40.5115;0.0229;0.1430;39.7366;270.0;270.0;270.0;270.0
328.5;1.9432;1.9322;1.0659;0.0000;-38;-75;0.0342;41.4351;0.0305;0.1649;41.3358;270.0;270.0;270.0;270.0
329.0;1.9217;1.9121;0.8860;0.0000;-42;-71;-0.0342;42.3130;0.0305;0.1869;42.1354;270.0;270.0;270.0;270.0
329.5;1.8988;1.8924;0.8489;0.0000;-46;-71;0.0440;43.1603;0.0305;0.2308;42.9350;270.0;270.0;270.0;270.0
330.0;1.8755;1.8723;0.5165;0.0000;-52;-64;-0.0244;43.9618;0.0382;0.2308;43.7346;270.0;270.0;270.0;270.0
330.5;1.8516;1.8521;0.5618;0.0000;-50;-64;-0.0244;44.8473;0.0382;0.2528;44.5343;270.0;270.0;270.0;270.0
331.0;1.8278;1.8324;0.4478;0.0000;-52;-62;0.0635;45.6947;0.0458;0.2748;45.3339;270.0;270.0;270.0;270.0
331.5;1.8045;1.8123;-0.0426;0.0000;-64;-50;-0.0049;46.5802;0.0458;0.2748;46.1335;270.0;270.0;270.0;270.0
332.0;1.7816;1.7921;0.0797;0.0000;-60;-52;-0.0049;47.3817;0.0534;0.2748;46.9331;270.0;270.0;270.0;270.0
332.5;1.7592;1.7724;-0.1786;0.0000;-65;-48;-0.0831;48.2214;0.0534;0.2528;47.7327;270.0;270.0;270.0;270.0
333.0;1.7367;1.7523;0.4533;0.0000;-50;-62;-0.0244;49.0305;0.0611;0.2748;48.5323;270.0;270.0;270.0;270.0
333.5;1.7138;1.7321;0.6346;0.0000;-46;-65;-0.1026;49.7939;0.0611;0.2968;49.3319;270.0;270.0;270.0;270.0
334.0;1.6909;1.7125;1.1621;0.0000;-32;-79;-0.2102;50.5954;0.0687;0.3187;50.1315;270.0;270.0;270.0;270.0
334.5;1.6671;1.6923;1.1525;0.0000;-30;-79;-0.3666;51.3206;0.0763;0.3627;50.9311;270.0;270.0;270.0;270.0
335.0;1.6419;1.6722;1.3654;0.0000;-24;-85;-0.4545;52.0000;0.0763;0.4066;51.7307;270.0;270.0;270.0;270.0
335.5;1.6168;1.6525;1.2981;0.0000;-24;-83;-0.2884;52.6870;0.0840;0.4286;52.5304;270.0;270.0;270.0;270.0
336.0;1.5907;1.6323;1.6566;0.0000;-13;-93;-0.3861;53.3282;0.0916;0.4726;53.3300;270.0;270.0;270.0;270.0
336.5;1.5632;1.6122;2.1786;0.0000;1;-103;-0.4057;53.8931;0.0916;0.5385;53.3300;270.0;270.0;270.0;270.0
337.0;1.5334;1.5925;2.0508;0.0000;1;-99;-0.3177;54.4122;0.0992;0.6044;54.1296;270.0;270.0;270.0;270.0
337.5;1.5041;1.5723;2.4299;0.0000;15;-105;-0.5718;54.9771;0.1069;0.6703;54.9292;270.0;270.0;270.0;270.0
338.0;1.4757;1.5522;2.2651;0.0000;15;-99;-0.4057;55.6183;0.1145;0.7363;54.9292;270.0;270.0;270.0;270.0
338.5;1.4483;1.5321;2.3283;0.0000;21;-97;-0.2493;56.2595;0.1221;0.8022;55.7288;270.0;270.0;270.0;270.0
339.0;1.4226;1.5124;1.6511;0.0000;7;-79;-0.2199;56.9084;0.1298;0.8461;56.5284;270.0;270.0;270.0;270.0
339.5;1.3984;1.4922;1.2926;0.0000;-1;-67;-0.1320;57.5878;0.1450;0.8901;57.3280;270.0;270.0;270.0;270.0
340.0;1.3764;1.4721;0.3008;0.0000;-22;-42;-0.0147;58.3130;0.1527;0.8901;58.1276;270.0;270.0;270.0;270.0
340.5;1.3576;1.4524;-0.4959;0.0000;-40;-24;0.0147;59.1145;0.1679;0.8901;58.9272;270.0;270.0;270.0;270.0
341.0;1.3397;1.4322;-0.8599;0.0000;-52;-19;-0.1320;59.8397;0.1756;0.8681;59.7268;270.0;270.0;270.0;270.0
341.5;1.3223;1.4121;-1.3613;0.0000;-65;-9;0.0440;60.5649;0.1908;0.8241;60.5265;270.0;270.0;270.0;270.0
342.0;1.3045;1.3924;-1.3393;0.0000;-65;-13;-0.0342;61.2443;0.1985;0.7802;60.5265;270.0;270.0;270.0;270.0
342.5;1.2871;1.3723;-1.5714;0.0000;-73;-9;-0.0342;61.9313;0.2061;0.7363;61.3261;270.0;270.0;270.0;270.0
343.0;1.2701;1.3521;-1.2596;0.0000;-67;-19;-0.2004;62.6107;0.2137;0.6923;62.1257;270.0;270.0;270.0;270.0
343.5;1.2514;1.3324;-1.1291;0.0000;-67;-24;0.0342;63.1756;0.2214;0.6703;62.9253;270.0;270.0;270.0;270.0
344.0;1.2321;1.3123;-0.5728;0.0000;-58;-38;0.0147;63.8168;0.2290;0.6484;63.7249;270.0;270.0;270.0;270.0
344.5;1.2125;1.2921;-0.1415;0.0000;-50;-50;0.0049;64.3817;0.2366;0.6484;63.7249;270.0;270.0;270.0;270.0
345.0;1.1928;1.2724;0.2926;0.0000;-40;-62;-0.0929;64.9847;0.2443;0.6484;64.5245;270.0;270.0;270.0;270.0
345.5;1.1735;1.2523;0.2788;0.0000;-44;-62;0.0635;65.5878;0.2519;0.6703;65.3241;270.0;270.0;270.0;270.0
346.0;1.1538;1.2321;-0.0151;0.0000;-54;-56;-0.0049;66.1450;0.2595;0.6703;66.1237;270.0;270.0;270.0;270.0
346.5;1.1346;1.2125;0.0907;0.0000;-54;-60;0.0733;66.7481;0.2672;0.6703;66.1237;270.0;270.0;270.0;270.0
347.0;1.1158;1.1923;-0.2363;0.0000;-62;-54;0.0049;67.3130;0.2672;0.6703;66.9233;270.0;270.0;270.0;270.0
347.5;1.0980;1.1722;-0.1662;0.0000;-62;-58;-0.0831;67.9160;0.2748;0.6484;67.7229;270.0;270.0;270.0;270.0
348.0;1.0797;1.1525;-0.3860;0.0000;-71;-54;0.0929;68.4351;0.2824;0.6484;67.7229;270.0;270.0;270.0;270.0
348.5;1.0623;1.1323;-0.2994;0.0000;-71;-58;-0.0733;69.0382;0.2901;0.6264;68.5226;270.0;270.0;270.0;270.0
349.0;1.0444;1.1122;-0.3956;0.0000;-75;-60;-0.0733;69.5649;0.2977;0.6264;69.3222;270.0;270.0;270.0;270.0
349.5;1.0270;1.0925;-0.0797;0.0000;-71;-69;-0.0049;70.1298;0.3053;0.6264;70.1218;270.0;270.0;270.0;270.0
350.0;1.0096;1.0723;0.1016;0.0000;-69;-75;-0.0929;70.6489;0.3053;0.6264;70.1218;270.0;270.0;270.0;270.0
350.5;0.9922;1.0522;0.2871;0.0000;-69;-81;0.0635;71.1679;0.3130;0.6264;70.9214;270.0;270.0;270.0;270.0
351.0;0.9748;1.0321;0.3228;0.0000;-71;-85;-0.0929;71.6947;0.3206;0.6484;70.9214;270.0;270.0;270.0;270.0
351.5;0.9574;1.0124;-0.0467;0.0000;-83;-79;-0.0049;72.1756;0.3282;0.6484;71.7210;270.0;270.0;270.0;270.0
352.0;0.9400;0.9922;0.1951;0.0000;-79;-89;-0.0147;72.7405;0.3359;0.6484;72.5206;270.0;270.0;270.0;270.0
352.5;0.9217;0.9721;0.0467;0.0000;-87;-89;-0.0049;73.1374;0.3359;0.6484;72.5206;270.0;270.0;270.0;270.0
353.0;0.9034;0.9524;0.2198;0.0000;-85;-95;0.0635;73.6641;0.3435;0.6484;73.3202;270.0;270.0;270.0;270.0
353.5;0.8842;0.9322;0.0769;0.0000;-91;-95;-0.1711;74.0687;0.3511;0.6484;73.3202;270.0;270.0;270.0;270.0
354.0;0.8640;0.9121;0.1607;0.0000;-93;-99;0.0733;74.4275;0.3511;0.6703;74.1198;270.0;270.0;270.0;270.0
354.5;0.8452;0.8924;-0.0989;0.0000;-99;-93;-0.0049;74.9084;0.3588;0.6484;74.1198;270.0;270.0;270.0;270.0
355.0;0.8255;0.8723;0.0110;0.0000;-99;-97;0.0733;75.2672;0.3588;0.6703;74.9194;270.0;270.0;270.0;270.0
355.5;0.8068;0.8521;0.0673;0.0000;-101;-101;-0.0831;75.7099;0.3664;0.6703;74.9194;270.0;270.0;270.0;270.0
356.0;0.7880;0.8324;-0.1841;0.0000;-107;-97;0.0049;76.1145;0.3740;0.6484;75.7190;270.0;270.0;270.0;270.0
356.5;0.7688;0.8123;-0.1044;0.0000;-109;-101;0.0831;76.4733;0.3740;0.6484;75.7190;270.0;270.0;270.0;270.0
357.0;0.7514;0.7921;-0.1319;0.0000;-112;-103;-0.0831;76.9160;0.3817;0.6484;76.5187;270.0;270.0;270.0;270.0
357.5;0.7326;0.7724;0.1552;0.0000;-107;-112;-0.0147;77.2366;0.3817;0.6484;76.5187;270.0;270.0;270.0;270.0
358.0;0.7129;0.7523;0.0618;0.0000;-112;-112;-0.0049;77.5649;0.3893;0.6484;77.3183;270.0;270.0;270.0;270.0
358.5;0.6946;0.7321;0.3269;0.0000;-109;-120;-0.0147;77.9618;0.3969;0.6703;77.3183;270.0;270.0;270.0;270.0
359.0;0.6758;0.7125;0.1841;0.0000;-112;-118;-0.0147;78.2824;0.3969;0.6703;78.1179;270.0;270.0;270.0;270.0
359.5;0.6561;0.6923;0.1593;0.0000;-116;-120;0.0733;78.5649;0.3969;0.6703;78.1179;270.0;270.0;270.0;270.0
360.0;0.6374;0.6722;0.0041;0.0000;-122;-118;-0.0831;78.9313;0.4046;0.6703;78.9175;270.0;270.0;270.0;270.0
360.5;0.6190;0.6525;-0.0522;0.0000;-126;-120;-0.0049;79.2519;0.4122;0.6703;78.9175;270.0;270.0;270.0;270.0
361.0;0.5994;0.6323;0.1387;0.0000;-124;-126;0.0733;79.5344;0.4122;0.6703;78.9175;270.0;270.0;270.0;270.0
361.5;0.5801;0.6122;-0.1360;0.0000;-132;-122;-0.0831;79.8092;0.4122;0.6703;79.7171;270.0;270.0;270.0;270.0
362.0;0.5614;0.5925;-0.0082;0.0000;-130;-126;-0.0049;80.1298;0.4198;0.6703;79.7171;270.0;270.0;270.0;270.0
362.5;0.5426;0.5723;-0.1635;0.0000;-138;-126;0.0049;80.3740;0.4198;0.6703;79.7171;270.0;270.0;270.0;270.0
363.0;0.5229;0.5522;0.0536;0.0000;-136;-134;-0.0049;80.6183;0.4275;0.6703;80.5167;270.0;270.0;270.0;270.0
363.5;0.5037;0.5321;0.0852;0.0000;-136;-138;-0.0049;80.8550;0.4275;0.6703;80.5167;270.0;270.0;270.0;270.0
364.0;0.4844;0.5124;0.3201;0.0000;-134;-146;-0.0147;81.0992;0.4275;0.6923;80.5167;270.0;270.0;270.0;270.0
364.5;0.4661;0.4922;0.2418;0.0000;-138;-144;0.0635;81.3817;0.4351;0.6923;81.3163;270.0;270.0;270.0;270.0
365.0;0.4473;0.4721;0.1799;0.0000;-142;-146;-0.0929;81.5802;0.4351;0.6923;81.3163;270.0;270.0;270.0;270.0
365.5;0.4277;0.4524;0.4684;0.0000;-138;-155;-0.0244;81.7405;0.4351;0.7143;81.3163;270.0;270.0;270.0;270.0
366.0;0.4075;0.4322;0.3242;0.0000;-142;-153;-0.0147;81.9008;0.4427;0.7143;81.3163;270.0;270.0;270.0;270.0
366.5;0.3887;0.4121;0.4602;0.0000;-140;-157;-0.0244;82.1450;0.4427;0.7363;82.1159;270.0;270.0;270.0;270.0
367.0;0.3686;0.3924;0.1429;0.0000;-152;-153;-0.0147;82.3053;0.4427;0.7363;82.1159;270.0;270.0;270.0;270.0
367.5;0.3489;0.3723;0.3173;0.0000;-148;-157;-0.0147;82.4657;0.4504;0.7363;82.1159;270.0;270.0;270.0;270.0
368.0;0.3292;0.3521;0.0907;0.0000;-155;-155;-0.0049;82.6260;0.4504;0.7363;82.1159;270.0;270.0;270.0;270.0
368.5;0.3086;0.3324;0.3984;0.0000;-152;-165;-0.0147;82.7023;0.4504;0.7582;82.1159;270.0;270.0;270.0;270.0
369.0;0.2889;0.3123;0.2610;0.0000;-155;-161;-0.0147;82.8626;0.4504;0.7582;82.1159;270.0;270.0;270.0;270.0
369.5;0.2692;0.2921;0.4519;0.0000;-153;-169;0.0635;82.9847;0.4580;0.7802;82.9155;270.0;270.0;270.0;270.0
370.0;0.2491;0.2724;0.2857;0.0000;-159;-167;-0.0147;83.0687;0.4580;0.7802;82.9155;270.0;270.0;270.0;270.0
370.5;0.2294;0.2523;0.1374;0.0000;-163;-163;-0.0049;83.2290;0.4580;0.7802;82.9155;270.0;270.0;270.0;270.0
371.0;0.2088;0.2321;0.4066;0.0000;-159;-173;0.0635;83.2672;0.4580;0.8022;82.9155;270.0;270.0;270.0;270.0
371.5;0.1886;0.2129;0.4217;0.0000;-152;-165;-0.0244;83.3511;0.4580;0.8241;82.9155;270.0;270.0;270.0;270.0
372.0;0.1690;0.1946;0.5288;0.0000;-138;-157;-0.0244;83.4275;0.4580;0.8241;82.9155;270.0;270.0;270.0;270.0
372.5;0.1497;0.1772;0.3104;0.0000;-134;-144;-0.0929;83.4657;0.4580;0.8461;82.9155;270.0;270.0;270.0;270.0
373.0;0.1300;0.1607;0.4382;0.0000;-118;-136;-0.0244;83.4657;0.4580;0.8461;82.9155;270.0;270.0;270.0;270.0
373.5;0.1122;0.1447;0.1648;0.0000;-114;-116;-0.0147;83.5496;0.4656;0.8461;82.9155;270.0;270.0;270.0;270.0
374.0;0.0948;0.1296;0.2720;0.0000;-101;-110;-0.0929;83.5878;0.4656;0.8681;82.9155;270.0;270.0;270.0;270.0
374.5;0.0778;0.1154;0.1140;0.0000;-95;-95;-0.0049;83.5878;0.4656;0.8681;82.9155;270.0;270.0;270.0;270.0
375.0;0.0623;0.1021;0.1154;0.0000;-83;-85;0.0733;83.6260;0.4656;0.8681;82.9155;270.0;270.0;270.0;270.0
375.5;0.0481;0.0893;-0.0288;0.0000;-75;-71;-0.0831;83.6718;0.4656;0.8681;82.9155;270.0;270.0;270.0;270.0
376.0;0.0343;0.0778;-0.1786;0.0000;-69;-58;0.0049;83.6718;0.4656;0.8681;82.9155;270.0;270.0;270.0;270.0
376.5;0.0211;0.0668;-0.1593;0.0000;-58;-48;0.0049;83.6718;0.4656;0.8681;82.9155;270.0;270.0;270.0;270.0
377.0;0.0087;0.0568;-0.2225;0.0000;-50;-36;0.0049;83.6718;0.4656;0.8461;82.9155;270.0;270.0;270.0;270.0
377.5;-0.0027;0.0472;-0.1332;0.0000;-36;-26;-0.0049;83.6718;0.4656;0.8461;82.9155;270.0;270.0;270.0;270.0
378.0;-0.0124;0.0389;-0.2253;0.0000;-28;-15;0.0831;83.7099;0.4656;0.8461;83.7151;270.0;270.0;270.0;270.0
378.5;-0.0215;0.0311;-0.1016;0.0000;-17;-9;-0.0049;83.7099;0.4656;0.8461;83.7151;270.0;270.0;270.0;270.0
379.0;-0.0293;0.0243;-0.1099;0.0000;-7;1;-0.0049;83.7099;0.4656;0.8461;83.7151;270.0;270.0;270.0;270.0
379.5;-0.0366;0.0183;-0.0783;0.0000;5;11;-0.0049;83.7099;0.4656;0.8241;83.7151;270.0;270.0;270.0;270.0
380.0;-0.0430;0.0133;0.0398;0.0000;17;19;-0.0049;83.7099;0.4656;0.8461;83.7151;270.0;270.0;270.0;270.0
380.5;-0.0485;0.0092;-0.0920;0.0000;22;30;-0.0049;83.7099;0.4656;0.8241;83.7151;270.0;270.0;270.0;270.0
381.0;-0.0522;0.0055;-0.0412;0.0000;34;38;-0.0831;83.7481;0.4656;0.8241;83.7151;270.0;270.0;270.0;270.0