general_params = {
fan_speed = 600.000000,
angular_kp = 0.090000,
angular_ki = 0.000500,
angular_kd = 0.050000,
angular_acc_feed_forward_k = 0.000600,
angular_brake_feed_forward_k = 0.000600,
angular_vel_feed_forward_k = 0.005600,
linear_vel_acc_feed_forward_k = 0.033000,
linear_vel_brake_feed_forward_k = 0.025000,
linear_vel_feed_forward_k = 0.141000,
wall_kp = 0.025000,
wall_ki = 0.000000,
wall_kd = 0.000000,
linear_vel_kp = 2.500000,
linear_vel_ki = 0.010000,
linear_vel_kd = 0.000000,
diagonal_walls_kp = 0.001000,
diagonal_walls_ki = 0.000000,
diagonal_walls_kd = 0.004000,
start_wall_break_mm_left = 56.000000,
start_wall_break_mm_right = 64.000000,
enable_wall_break_correction = 1.000000,
max_linear_acc_jerk = 625.000000,
max_linear_brake_jerk = 625.000000,
wheel_radius_mm = 13.100000,
coulomb_ff = 0.180000,
angular_coulomb_ff = 0.070000,
angular_static_ff = 0.250000,
angular_coulomb_ff_inplace = 0.000000,
angular_static_ff_inplace = 0.000000,
};
t;Vel;TgtVel;AngVel;TgtAngVel;PWM_L;PWM_R;ImuDiff;PosX;PosY;Angle;Dist;SensL;SensFL;SensFR;SensR
0.0;0.0000;0.0000;-0.0151;0.0000;-1;-1;-0.1613;0.1603;0.0000;-0.0109;-0.2439;270.0;270.0;270.0;270.0
0.5;0.0000;0.0005;-0.1195;0.0000;-3;3;-0.0049;0.1603;0.0000;-0.0109;-0.2439;270.0;270.0;270.0;270.0
1.0;0.0000;0.0009;-0.0343;0.0000;-1;1;-0.0049;0.1603;0.0000;-0.0109;-0.2439;270.0;270.0;270.0;270.0
1.5;0.0000;0.0014;0.0453;0.0000;56;54;-0.0049;0.1603;0.0000;-0.0109;-0.2439;270.0;270.0;270.0;270.0
2.0;0.0000;0.0023;0.1016;0.0000;60;56;-0.0049;0.1603;0.0000;-0.0109;-0.2439;270.0;270.0;270.0;270.0
2.5;0.0005;0.0032;0.0948;0.0000;64;58;-0.0049;0.1603;0.0000;-0.0109;-0.2439;270.0;270.0;270.0;270.0
3.0;0.0009;0.0041;0.0810;0.0000;65;62;-0.0049;0.1603;0.0000;-0.0109;-0.2439;270.0;270.0;270.0;270.0
3.5;0.0014;0.0055;0.0714;0.0000;67;65;-0.0049;0.1603;0.0000;-0.0109;-0.2439;270.0;270.0;270.0;270.0
4.0;0.0023;0.0069;0.0096;0.0000;69;69;-0.0049;0.1603;0.0000;-0.0109;-0.2439;270.0;270.0;270.0;270.0
4.5;0.0032;0.0082;-0.0797;0.0000;71;75;-0.0049;0.1603;0.0000;-0.0109;-0.2439;270.0;270.0;270.0;270.0
5.0;0.0041;0.0101;-0.1401;0.0000;71;79;-0.0049;0.1603;0.0000;-0.0109;-0.2439;270.0;270.0;270.0;270.0
5.5;0.0055;0.0119;-0.0852;0.0000;77;81;-0.0049;0.1603;0.0000;-0.0109;-0.2439;270.0;270.0;270.0;270.0
6.0;0.0069;0.0142;0.0577;0.0000;83;81;-0.0049;0.1603;0.0000;-0.0109;-0.2439;270.0;270.0;270.0;270.0
6.5;0.0082;0.0160;0.1580;0.0000;91;81;-0.0049;0.1603;0.0000;-0.0109;-0.2439;270.0;270.0;270.0;270.0
7.0;0.0096;0.0183;0.0797;0.0000;91;87;-0.0049;0.1603;0.0000;-0.0109;-0.2439;270.0;270.0;270.0;270.0
7.5;0.0114;0.0211;0.0055;0.0000;93;93;-0.0049;0.1603;0.0000;-0.0109;-0.2439;270.0;270.0;270.0;270.0
8.0;0.0128;0.0238;-0.0467;0.0000;95;97;-0.0049;0.1603;0.0000;-0.0109;-0.2439;270.0;270.0;270.0;270.0
8.5;0.0147;0.0266;0.0632;0.0000;101;99;-0.0049;0.1603;0.0000;-0.0109;-0.2439;270.0;270.0;270.0;270.0
9.0;0.0165;0.0293;0.0948;0.0000;105;101;-0.0049;0.1603;0.0000;-0.0109;-0.2439;270.0;270.0;270.0;270.0
9.5;0.0188;0.0325;0.1168;0.0000;110;105;-0.0049;0.1603;0.0000;-0.0109;-0.2439;270.0;270.0;270.0;270.0
10.0;0.0229;0.0357;0.1799;0.0000;112;107;0.0733;0.1985;0.0000;-0.0109;-0.2439;270.0;270.0;270.0;270.0
10.5;0.0261;0.0394;0.3008;0.0000;118;107;-0.0049;0.1985;0.0000;-0.0109;-0.2439;270.0;270.0;270.0;270.0
11.0;0.0293;0.0430;0.3860;0.0000;124;107;-0.0147;0.1985;0.0000;0.0111;-0.2439;270.0;270.0;270.0;270.0
11.5;0.0339;0.0467;0.2843;0.0000;126;110;-0.0929;0.2366;0.0000;0.0111;-0.2439;270.0;270.0;270.0;270.0
12.0;0.0380;0.0504;0.1332;0.0000;124;118;-0.0049;0.2366;0.0000;0.0111;-0.2439;270.0;270.0;270.0;270.0
12.5;0.0417;0.0545;0.1456;0.0000;128;120;-0.0049;0.2366;0.0000;0.0111;-0.2439;270.0;270.0;270.0;270.0
13.0;0.0453;0.0586;-0.0330;0.0000;128;130;0.0733;0.2748;0.0000;0.0111;-0.2439;270.0;270.0;270.0;270.0
13.5;0.0499;0.0632;-0.1456;0.0000;128;136;-0.0831;0.3206;0.0000;0.0111;-0.2439;270.0;270.0;270.0;270.0
14.0;0.0540;0.0678;-0.2473;0.0000;128;142;0.0831;0.3588;0.0000;-0.0109;-0.2439;270.0;270.0;270.0;270.0
14.5;0.0586;0.0723;-0.1937;0.0000;134;144;-0.0831;0.3969;0.0000;-0.0109;-0.2439;270.0;270.0;270.0;270.0
15.0;0.0641;0.0774;-0.2335;0.0000;136;148;0.0049;0.4809;0.0000;-0.0109;-0.2439;270.0;270.0;270.0;270.0
15.5;0.0701;0.0824;-0.2115;0.0000;140;150;0.0049;0.5573;0.0000;-0.0109;0.5557;270.0;270.0;270.0;270.0
16.0;0.0755;0.0875;-0.2253;0.0000;144;153;-0.0733;0.5954;0.0000;-0.0328;0.5557;270.0;270.0;270.0;270.0
16.5;0.0815;0.0929;-0.2953;0.0000;144;157;0.0049;0.6794;0.0000;-0.0328;0.5557;270.0;270.0;270.0;270.0
17.0;0.0879;0.0980;-0.3297;0.0000;146;161;0.0049;0.7634;-0.0076;-0.0328;0.5557;270.0;270.0;270.0;270.0
17.5;0.0939;0.1039;-0.3393;0.0000;150;165;0.0831;0.8015;-0.0076;-0.0548;0.5557;270.0;270.0;270.0;270.0
18.0;0.1003;0.1094;-0.3599;0.0000;152;167;-0.1515;0.8779;-0.0076;-0.0548;0.5557;270.0;270.0;270.0;270.0
18.5;0.1058;0.1154;-0.3283;0.0000;155;171;0.0831;0.9237;-0.0076;-0.0768;0.5557;270.0;270.0;270.0;270.0
19.0;0.1122;0.1218;-0.2926;0.0000;159;173;0.0049;1.0000;-0.0076;-0.0768;0.5557;270.0;270.0;270.0;270.0
19.5;0.1190;0.1277;-0.3462;0.0000;161;177;-0.0733;1.1221;-0.0076;-0.0988;0.5557;270.0;270.0;270.0;270.0
20.0;0.1264;0.1342;-0.3022;0.0000;167;181;0.0049;1.1985;-0.0076;-0.0988;0.5557;270.0;270.0;270.0;270.0
20.5;0.1332;0.1410;-0.3462;0.0000;167;185;0.0049;1.2824;-0.0076;-0.0988;0.5557;270.0;270.0;270.0;270.0
21.0;0.1401;0.1474;-0.3805;0.0000;169;189;0.0049;1.3664;-0.0076;-0.1207;1.3553;270.0;270.0;270.0;270.0
21.5;0.1470;0.1543;-0.3448;0.0000;175;191;0.0049;1.4427;-0.0076;-0.1207;1.3553;270.0;270.0;270.0;270.0
22.0;0.1543;0.1616;-0.4272;0.0000;177;196;-0.0733;1.5649;-0.0076;-0.1427;1.3553;270.0;270.0;270.0;270.0
22.5;0.1625;0.1685;-0.3819;0.0000;181;198;0.0929;1.6870;-0.0076;-0.1427;1.3553;270.0;270.0;270.0;270.0
23.0;0.1708;0.1758;-0.3558;0.0000;185;202;-0.0733;1.8015;-0.0076;-0.1647;1.3553;270.0;270.0;270.0;270.0
23.5;0.1795;0.1836;-0.3338;0.0000;189;204;0.0049;1.9618;-0.0076;-0.1647;1.3553;270.0;270.0;270.0;270.0
24.0;0.1877;0.1914;-0.3242;0.0000;191;206;0.0049;2.0458;-0.0076;-0.1867;1.3553;270.0;270.0;270.0;270.0
24.5;0.1969;0.1992;-0.2198;0.0000;196;208;0.0049;2.2061;-0.0076;-0.1867;2.1549;270.0;270.0;270.0;270.0
25.0;0.2056;0.2070;-0.2473;0.0000;198;210;-0.0733;2.3282;-0.0076;-0.1867;2.1549;270.0;270.0;270.0;270.0
25.5;0.2152;0.2152;-0.3173;0.0000;200;216;0.0049;2.4886;-0.0076;-0.2086;2.1549;270.0;270.0;270.0;270.0
26.0;0.2248;0.2234;-0.2885;0.0000;204;220;0.0049;2.6489;-0.0076;-0.2086;2.1549;270.0;270.0;270.0;270.0
26.5;0.2340;0.2317;-0.3242;0.0000;206;224;0.0049;2.8092;-0.0076;-0.2306;2.1549;270.0;270.0;270.0;270.0
27.0;0.2436;0.2404;-0.3489;0.0000;208;228;0.0049;2.9695;-0.0076;-0.2306;2.9546;270.0;270.0;270.0;270.0
27.5;0.2532;0.2491;-0.3077;0.0000;212;230;0.0049;3.1298;-0.0076;-0.2306;2.9546;270.0;270.0;270.0;270.0
28.0;0.2628;0.2582;-0.3352;0.0000;214;234;0.0049;3.2901;-0.0076;-0.2526;2.9546;270.0;270.0;270.0;270.0
28.5;0.2734;0.2669;-0.3544;0.0000;218;236;-0.0733;3.4962;-0.0153;-0.2526;2.9546;270.0;270.0;270.0;270.0
29.0;0.2839;0.2766;-0.3118;0.0000;224;239;0.0049;3.6565;-0.0153;-0.2746;2.9546;270.0;270.0;270.0;270.0
29.5;0.2953;0.2857;-0.3709;0.0000;224;243;0.0049;3.8931;-0.0153;-0.2746;3.7542;270.0;270.0;270.0;270.0
30.0;0.3059;0.2953;-0.4093;0.0000;226;247;0.0049;4.0534;-0.0153;-0.2965;3.7542;270.0;270.0;270.0;270.0
30.5;0.3164;0.3049;-0.3448;0.0000;232;249;0.0049;4.2137;-0.0153;-0.2965;3.7542;270.0;270.0;270.0;270.0
31.0;0.3269;0.3146;-0.4560;0.0000;232;255;-0.0733;4.4198;-0.0153;-0.3185;3.7542;270.0;270.0;270.0;270.0
31.5;0.3375;0.3246;-0.3503;0.0000;238;255;-0.0733;4.6183;-0.0153;-0.3185;4.5538;270.0;270.0;270.0;270.0
32.0;0.3484;0.3347;-0.3516;0.0000;241;261;0.0929;4.8168;-0.0153;-0.3405;4.5538;270.0;270.0;270.0;270.0
32.5;0.3594;0.3452;-0.3929;0.0000;243;265;-0.0733;5.0229;-0.0229;-0.3405;4.5538;270.0;270.0;270.0;270.0
33.0;0.3700;0.3558;-0.3997;0.0000;247;269;0.0049;5.2595;-0.0229;-0.3624;4.5538;270.0;270.0;270.0;270.0
33.5;0.3810;0.3663;-0.4327;0.0000;249;275;0.0929;5.4656;-0.0229;-0.3624;5.3534;270.0;270.0;270.0;270.0
34.0;0.3929;0.3773;-0.4148;0.0000;253;277;-0.0733;5.7405;-0.0229;-0.3844;5.3534;270.0;270.0;270.0;270.0
34.5;0.4048;0.3883;-0.4299;0.0000;257;281;0.0147;5.9847;-0.0229;-0.3844;5.3534;270.0;270.0;270.0;270.0
35.0;0.4171;0.3993;-0.3118;0.0000;265;283;-0.0733;6.2672;-0.0305;-0.4064;6.1530;270.0;270.0;270.0;270.0
35.5;0.4290;0.4103;-0.4011;0.0000;265;288;0.0049;6.5038;-0.0305;-0.4064;6.1530;270.0;270.0;270.0;270.0
36.0;0.4414;0.4217;-0.3626;0.0000;269;290;0.0049;6.7481;-0.0305;-0.4284;6.1530;270.0;270.0;270.0;270.0
36.5;0.4538;0.4332;-0.4121;0.0000;273;294;-0.0733;7.0305;-0.0305;-0.4284;6.9526;270.0;270.0;270.0;270.0
37.0;0.4675;0.4451;-0.3695;0.0000;277;296;0.0049;7.3511;-0.0382;-0.4503;6.9526;270.0;270.0;270.0;270.0
37.5;0.4808;0.4570;-0.3640;0.0000;281;300;0.0049;7.5954;-0.0382;-0.4503;6.9526;270.0;270.0;270.0;270.0
38.0;0.4940;0.4689;-0.3393;0.0000;284;306;0.0049;7.9160;-0.0382;-0.4723;7.7522;270.0;270.0;270.0;270.0
38.5;0.5092;0.4812;-0.4135;0.0000;286;310;-0.0733;8.2748;-0.0458;-0.4723;7.7522;270.0;270.0;270.0;270.0
39.0;0.5234;0.4936;-0.3640;0.0000;290;312;0.0929;8.5573;-0.0458;-0.4943;8.5518;270.0;270.0;270.0;270.0
39.5;0.5371;0.5060;-0.3187;0.0000;292;314;0.0831;8.8397;-0.0458;-0.4943;8.5518;270.0;270.0;270.0;270.0
40.0;0.5517;0.5183;-0.4025;0.0000;292;316;-0.0733;9.1985;-0.0534;-0.5163;8.5518;270.0;270.0;270.0;270.0
40.5;0.5655;0.5311;-0.3091;0.0000;294;314;0.0049;9.5191;-0.0534;-0.5163;9.3514;270.0;270.0;270.0;270.0
41.0;0.5788;0.5435;-0.3571;0.0000;294;316;0.0049;9.8397;-0.0534;-0.5382;9.3514;270.0;270.0;270.0;270.0
41.5;0.5925;0.5559;-0.3832;0.0000;292;316;0.0049;10.1679;-0.0611;-0.5382;10.1510;270.0;270.0;270.0;270.0
42.0;0.6067;0.5687;-0.3929;0.0000;292;316;0.0049;10.5649;-0.0611;-0.5602;10.1510;270.0;270.0;270.0;270.0
42.5;0.6204;0.5810;-0.3008;0.0000;294;314;0.0049;10.8855;-0.0687;-0.5602;10.1510;270.0;270.0;270.0;270.0
43.0;0.6346;0.5934;-0.3104;0.0000;294;316;0.0049;11.2901;-0.0687;-0.5602;10.9506;270.0;270.0;270.0;270.0
43.5;0.6497;0.6062;-0.3310;0.0000;294;316;0.0049;11.6947;-0.0763;-0.5822;10.9506;270.0;270.0;270.0;270.0
44.0;0.6648;0.6186;-0.3242;0.0000;294;316;-0.0733;12.0534;-0.0763;-0.5822;11.7503;270.0;270.0;270.0;270.0
44.5;0.6790;0.6310;-0.3942;0.0000;290;316;0.0929;12.4122;-0.0840;-0.6042;11.7503;270.0;270.0;270.0;270.0
45.0;0.6928;0.6433;-0.3049;0.0000;292;316;0.0049;12.8168;-0.0840;-0.6042;12.5499;270.0;270.0;270.0;270.0
45.5;0.7065;0.6561;-0.3448;0.0000;290;316;0.0049;13.2214;-0.0916;-0.6261;12.5499;270.0;270.0;270.0;270.0
46.0;0.7207;0.6685;-0.2720;0.0000;294;316;0.0049;13.6183;-0.0916;-0.6261;13.3495;270.0;270.0;270.0;270.0
46.5;0.7349;0.6809;-0.3269;0.0000;292;316;-0.0733;14.0611;-0.0992;-0.6261;13.3495;270.0;270.0;270.0;270.0
47.0;0.7486;0.6937;-0.3530;0.0000;290;316;0.0049;14.4656;-0.0992;-0.6481;14.1491;270.0;270.0;270.0;270.0
47.5;0.7624;0.7060;-0.4299;0.0000;288;318;0.0147;14.8626;-0.1069;-0.6481;14.1491;270.0;270.0;270.0;270.0
48.0;0.7766;0.7184;-0.3805;0.0000;290;316;-0.0733;15.3053;-0.1145;-0.6701;14.9487;270.0;270.0;270.0;270.0
48.5;0.7908;0.7312;-0.4011;0.0000;290;318;0.0929;15.7481;-0.1145;-0.6701;15.7483;270.0;270.0;270.0;270.0
49.0;0.8054;0.7436;-0.5343;0.0000;286;320;0.0147;16.2290;-0.1221;-0.6921;15.7483;270.0;270.0;270.0;270.0
49.5;0.8205;0.7560;-0.4286;0.0000;288;318;-0.0733;16.6718;-0.1298;-0.7140;16.5479;270.0;270.0;270.0;270.0
50.0;0.8342;0.7683;-0.5508;0.0000;284;320;0.0929;17.1145;-0.1374;-0.7140;16.5479;270.0;270.0;270.0;270.0
50.5;0.8484;0.7811;-0.4244;0.0000;288;316;-0.0733;17.5573;-0.1374;-0.7360;17.3475;270.0;270.0;270.0;270.0
51.0;0.8626;0.7935;-0.3420;0.0000;292;316;0.0049;18.0382;-0.1450;-0.7360;17.3475;270.0;270.0;270.0;270.0
51.5;0.8768;0.8059;-0.2898;0.0000;292;312;0.0049;18.5267;-0.1527;-0.7580;18.1471;270.0;270.0;270.0;270.0
52.0;0.8906;0.8187;-0.3187;0.0000;292;314;-0.1515;19.0076;-0.1603;-0.7580;18.9467;270.0;270.0;270.0;270.0
52.5;0.9048;0.8310;-0.3283;0.0000;290;312;0.0049;19.4886;-0.1679;-0.7800;18.9467;270.0;270.0;270.0;270.0
53.0;0.9180;0.8434;-0.3681;0.0000;290;314;-0.0733;19.9313;-0.1679;-0.7800;19.7464;270.0;270.0;270.0;270.0
53.5;0.9309;0.8562;-0.3475;0.0000;292;314;-0.0733;20.4504;-0.1756;-0.8019;19.7464;270.0;270.0;270.0;270.0
54.0;0.9437;0.8686;-0.2033;0.0000;294;310;0.0049;20.9313;-0.1832;-0.8019;20.5460;270.0;270.0;270.0;270.0
54.5;0.9565;0.8810;-0.3407;0.0000;292;314;0.0049;21.4198;-0.1908;-0.8019;21.3456;270.0;270.0;270.0;270.0
55.0;0.9698;0.8933;-0.2816;0.0000;294;314;0.0831;21.9389;-0.1985;-0.8239;21.3456;270.0;270.0;270.0;270.0
55.5;0.9821;0.9061;-0.3736;0.0000;292;318;-0.0733;22.4580;-0.2061;-0.8239;22.1452;270.0;270.0;270.0;270.0
56.0;0.9950;0.9185;-0.4808;0.0000;290;324;0.0147;23.0229;-0.2137;-0.8459;22.9448;270.0;270.0;270.0;270.0
56.5;1.0073;0.9309;-0.3832;0.0000;292;322;-0.0733;23.5496;-0.2214;-0.8459;22.9448;270.0;270.0;270.0;270.0
57.0;1.0192;0.9437;-0.3214;0.0000;294;320;0.0831;24.0687;-0.2290;-0.8679;23.7444;270.0;270.0;270.0;270.0
57.5;1.0316;0.9560;-0.4011;0.0000;294;324;-0.0733;24.5878;-0.2366;-0.8679;24.5440;270.0;270.0;270.0;270.0
58.0;1.0444;0.9684;-0.4588;0.0000;294;327;0.0147;25.1527;-0.2443;-0.8898;24.5440;270.0;270.0;270.0;270.0
58.5;1.0582;0.9812;-0.3929;0.0000;296;324;0.0049;25.7176;-0.2519;-0.8898;25.3436;270.0;270.0;270.0;270.0
59.0;1.0714;0.9936;-0.4973;0.0000;294;327;0.0147;26.2824;-0.2595;-0.9118;26.1432;270.0;270.0;270.0;270.0
59.5;1.0861;1.0060;-0.3956;0.0000;296;326;0.0049;26.9237;-0.2748;-0.9118;26.1432;270.0;270.0;270.0;270.0
60.0;1.1003;1.0183;-0.3997;0.0000;296;326;0.0049;27.4809;-0.2824;-0.9338;26.9428;270.0;270.0;270.0;270.0
60.5;1.1140;1.0311;-0.4560;0.0000;296;329;0.0929;28.0840;-0.2901;-0.9557;27.7425;270.0;270.0;270.0;270.0
61.0;1.1277;1.0435;-0.4615;0.0000;296;329;0.0147;28.6489;-0.2977;-0.9557;28.5421;270.0;270.0;270.0;270.0
61.5;1.1410;1.0559;-0.4437;0.0000;294;327;0.0929;29.2519;-0.3130;-0.9777;28.5421;270.0;270.0;270.0;270.0
62.0;1.1548;1.0687;-0.3832;0.0000;296;326;-0.0733;29.8550;-0.3206;-0.9777;29.3417;270.0;270.0;270.0;270.0
62.5;1.1680;1.0810;-0.3475;0.0000;298;326;0.0831;30.4580;-0.3282;-0.9997;30.1413;270.0;270.0;270.0;270.0
63.0;1.1804;1.0934;-0.2885;0.0000;300;324;0.0049;31.0229;-0.3435;-0.9997;30.9409;270.0;270.0;270.0;270.0
63.5;1.1941;1.1062;-0.3942;0.0000;298;329;0.0929;31.7023;-0.3511;-1.0217;30.9409;270.0;270.0;270.0;270.0
64.0;1.2074;1.1186;-0.3283;0.0000;300;327;-0.0733;32.3053;-0.3664;-1.0217;31.7405;270.0;270.0;270.0;270.0
64.5;1.2202;1.1310;-0.3970;0.0000;298;329;0.0929;32.9084;-0.3740;-1.0436;32.5401;270.0;270.0;270.0;270.0
65.0;1.2331;1.1433;-0.4203;0.0000;300;329;-0.1515;33.5496;-0.3817;-1.0436;33.3397;270.0;270.0;270.0;270.0
65.5;1.2454;1.1561;-0.4203;0.0000;298;331;0.0049;34.1985;-0.3969;-1.0656;34.1393;270.0;270.0;270.0;270.0
66.0;1.2573;1.1685;-0.5755;0.0000;296;337;0.0147;34.8397;-0.4122;-1.0656;34.1393;270.0;270.0;270.0;270.0
66.5;1.2701;1.1809;-0.7033;0.0000;294;341;0.0147;35.4809;-0.4198;-1.0876;34.9389;270.0;270.0;270.0;270.0
67.0;1.2830;1.1937;-0.6511;0.0000;294;339;0.1026;36.1679;-0.4351;-1.1096;35.7386;270.0;270.0;270.0;270.0
67.5;1.2962;1.2060;-0.5893;0.0000;298;339;-0.0635;36.8473;-0.4504;-1.1315;36.5382;270.0;270.0;270.0;270.0
68.0;1.3104;1.2184;-0.6552;0.0000;296;341;0.0147;37.5725;-0.4580;-1.1535;37.3378;270.0;270.0;270.0;270.0
68.5;1.3242;1.2312;-0.5124;0.0000;302;337;-0.0635;38.2519;-0.4733;-1.1535;38.1374;270.0;270.0;270.0;270.0
69.0;1.3384;1.2436;-0.5687;0.0000;300;339;0.0147;38.9771;-0.4885;-1.1755;38.9370;270.0;270.0;270.0;270.0
69.5;1.3512;1.2560;-0.5316;0.0000;300;337;0.0147;39.6183;-0.5038;-1.1975;38.9370;270.0;270.0;270.0;270.0
70.0;1.3649;1.2683;-0.5948;0.0000;300;339;-0.1417;40.3435;-0.5191;-1.2194;39.7366;270.0;270.0;270.0;270.0
70.5;1.3782;1.2811;-0.4808;0.0000;304;337;0.0147;41.0687;-0.5344;-1.2194;40.5362;270.0;270.0;270.0;270.0
71.0;1.3919;1.2935;-0.4780;0.0000;306;337;-0.0733;41.8321;-0.5496;-1.2414;41.3358;270.0;270.0;270.0;270.0
71.5;1.4052;1.3059;-0.5247;0.0000;300;335;0.0147;42.5496;-0.5649;-1.2634;42.1354;270.0;270.0;270.0;270.0
72.0;1.4176;1.3182;-0.5357;0.0000;298;333;-0.0635;43.2366;-0.5802;-1.2634;42.9350;270.0;270.0;270.0;270.0
72.5;1.4299;1.3301;-0.6552;0.0000;290;333;0.0147;43.9618;-0.5954;-1.2854;43.7346;270.0;270.0;270.0;270.0
73.0;1.4409;1.3420;-0.5755;0.0000;290;327;0.0147;44.6794;-0.6107;-1.3073;44.5343;270.0;270.0;270.0;270.0
73.5;1.4528;1.3535;-0.7308;0.0000;284;331;0.0244;45.4046;-0.6260;-1.3293;45.3339;270.0;270.0;270.0;270.0
74.0;1.4643;1.3654;-0.7486;0.0000;281;329;0.1026;46.1679;-0.6489;-1.3513;46.1335;270.0;270.0;270.0;270.0
74.5;1.4766;1.3768;-0.7404;0.0000;279;327;-0.0635;46.9313;-0.6641;-1.3733;46.9331;270.0;270.0;270.0;270.0
75.0;1.4890;1.3878;-0.8929;0.0000;271;327;0.0244;47.7328;-0.6870;-1.3952;47.7327;270.0;270.0;270.0;270.0
75.5;1.5009;1.3988;-0.7679;0.0000;273;322;0.0244;48.4580;-0.7023;-1.4172;47.7327;270.0;270.0;270.0;270.0
76.0;1.5133;1.4098;-0.7651;0.0000;269;320;0.0244;49.2595;-0.7176;-1.4392;48.5323;270.0;270.0;270.0;270.0
76.5;1.5247;1.4208;-0.6882;0.0000;269;314;-0.0635;50.0305;-0.7405;-1.4612;49.3319;270.0;270.0;270.0;270.0
77.0;1.5366;1.4313;-0.6964;0.0000;265;310;0.0244;50.8321;-0.7634;-1.4831;50.1315;270.0;270.0;270.0;270.0
77.5;1.5476;1.4418;-0.6044;0.0000;263;306;0.0147;51.6336;-0.7786;-1.5051;50.9311;270.0;270.0;270.0;270.0
78.0;1.5577;1.4519;-0.6374;0.0000;259;304;0.0147;52.3588;-0.8015;-1.5051;51.7307;270.0;270.0;270.0;270.0
78.5;1.5664;1.4625;-0.5797;0.0000;259;300;0.0147;53.0840;-0.8168;-1.5271;52.5304;270.0;270.0;270.0;270.0
79.0;1.5751;1.4721;-0.4780;0.0000;259;296;0.0929;53.8473;-0.8397;-1.5490;53.3300;270.0;270.0;270.0;270.0
79.5;1.5829;1.4821;-0.5536;0.0000;253;296;0.0147;54.6489;-0.8626;-1.5490;54.1296;270.0;270.0;270.0;270.0
80.0;1.5907;1.4918;-0.5124;0.0000;253;294;0.0147;55.3664;-0.8779;-1.5710;54.9292;270.0;270.0;270.0;270.0
80.5;1.5980;1.5014;-0.5563;0.0000;251;294;-0.0635;56.1298;-0.9008;-1.5930;55.7288;270.0;270.0;270.0;270.0
81.0;1.6053;1.5105;-0.5000;0.0000;253;290;-0.0635;56.8931;-0.9237;-1.5930;56.5284;270.0;270.0;270.0;270.0
81.5;1.6131;1.5201;-0.5824;0.0000;249;292;0.0147;57.7023;-0.9466;-1.6150;57.3280;270.0;270.0;270.0;270.0
82.0;1.6200;1.5288;-0.4629;0.0000;249;286;0.0147;58.5038;-0.9695;-1.6369;58.1276;270.0;270.0;270.0;270.0
82.5;1.6259;1.5380;-0.5261;0.0000;247;288;0.0929;59.2672;-0.9924;-1.6589;58.9272;270.0;270.0;270.0;270.0
83.0;1.6319;1.5467;-0.4918;0.0000;249;286;-0.0635;60.0305;-1.0076;-1.6589;59.7268;270.0;270.0;270.0;270.0
83.5;1.6374;1.5554;-0.4354;0.0000;249;284;-0.0733;60.7939;-1.0305;-1.6809;60.5265;270.0;270.0;270.0;270.0
84.0;1.6433;1.5636;-0.3750;0.0000;249;283;0.0049;61.5954;-1.0534;-1.6809;61.3261;270.0;270.0;270.0;270.0
84.5;1.6497;1.5719;-0.1813;0.0000;253;275;0.0049;62.3969;-1.0840;-1.6809;62.1257;270.0;270.0;270.0;270.0
85.0;1.6557;1.5801;-0.2280;0.0000;249;277;0.0049;63.2061;-1.1069;-1.7029;62.9253;270.0;270.0;270.0;270.0
85.5;1.6607;1.5879;-0.1813;0.0000;251;275;0.0049;64.0076;-1.1298;-1.7029;63.7249;270.0;270.0;270.0;270.0
86.0;1.6658;1.5957;-0.2857;0.0000;247;277;0.0049;64.8092;-1.1527;-1.7029;64.5245;270.0;270.0;270.0;270.0
86.5;1.6708;1.6035;-0.2060;0.0000;249;275;0.0049;65.6107;-1.1756;-1.7248;65.3241;270.0;270.0;270.0;270.0
87.0;1.6758;1.6108;-0.2981;0.0000;245;275;-0.0733;66.3740;-1.1985;-1.7248;66.1237;270.0;270.0;270.0;270.0
87.5;1.6804;1.6186;-0.2527;0.0000;245;273;0.0049;67.1832;-1.2214;-1.7248;66.9233;270.0;270.0;270.0;270.0
88.0;1.6850;1.6255;-0.2830;0.0000;243;273;0.0049;67.9847;-1.2443;-1.7468;67.7229;270.0;270.0;270.0;270.0
88.5;1.6896;1.6328;-0.3530;0.0000;241;275;0.0049;68.7863;-1.2672;-1.7468;68.5226;270.0;270.0;270.0;270.0
89.0;1.6932;1.6397;-0.3393;0.0000;241;273;-0.0733;69.5496;-1.2901;-1.7688;69.3222;270.0;270.0;270.0;270.0
89.5;1.6973;1.6461;-0.2637;0.0000;241;271;0.0049;70.3511;-1.3206;-1.7688;70.1218;270.0;270.0;270.0;270.0
90.0;1.7015;1.6529;-0.1277;0.0000;245;267;0.0831;71.1985;-1.3435;-1.7688;70.9214;270.0;270.0;270.0;270.0
90.5;1.7056;1.6593;-0.0426;0.0000;245;263;-0.0049;72.0000;-1.3664;-1.7688;71.7210;270.0;270.0;270.0;270.0
91.0;1.7092;1.6653;0.1195;0.0000;249;259;-0.0049;72.8015;-1.3969;-1.7688;72.5206;270.0;270.0;270.0;270.0
91.5;1.7134;1.6717;-0.0192;0.0000;243;263;0.0733;73.6489;-1.4198;-1.7688;73.3202;270.0;270.0;270.0;270.0
92.0;1.7161;1.6777;-0.0302;0.0000;241;261;0.0733;74.4122;-1.4427;-1.7688;74.1198;270.0;270.0;270.0;270.0
92.5;1.7184;1.6832;-0.0742;0.0000;239;263;0.0733;75.1756;-1.4656;-1.7688;74.9194;270.0;270.0;270.0;270.0
93.0;1.7202;1.6886;-0.1621;0.0000;238;263;0.0049;75.9771;-1.4885;-1.7688;75.7190;270.0;270.0;270.0;270.0
93.5;1.7216;1.6941;-0.2294;0.0000;238;267;-0.0733;76.8244;-1.5191;-1.7908;76.5187;270.0;270.0;270.0;270.0
94.0;1.7234;1.6996;-0.2596;0.0000;236;267;0.0049;77.6260;-1.5420;-1.7908;77.3183;270.0;270.0;270.0;270.0
94.5;1.7248;1.7047;-0.2170;0.0000;238;265;0.0049;78.4275;-1.5649;-1.7908;78.1179;270.0;270.0;270.0;270.0
95.0;1.7262;1.7097;-0.2898;0.0000;236;267;-0.0733;79.2748;-1.5954;-1.8127;78.9175;270.0;270.0;270.0;270.0
95.5;1.7271;1.7147;-0.2555;0.0000;236;265;0.0049;80.0763;-1.6183;-1.8127;79.7171;270.0;270.0;270.0;270.0
96.0;1.7276;1.7193;-0.2665;0.0000;236;265;-0.0733;80.8397;-1.6412;-1.8127;80.5167;270.0;270.0;270.0;270.0
96.5;1.7294;1.7239;0.0165;0.0000;243;257;-0.0049;81.7252;-1.6718;-1.8127;81.3163;270.0;270.0;270.0;270.0
97.0;1.7308;1.7280;0.1016;0.0000;245;255;-0.0049;82.5267;-1.6947;-1.8127;82.1159;270.0;270.0;270.0;270.0
97.5;1.7326;1.7326;0.2637;0.0000;247;249;-0.0929;83.3664;-1.7252;-1.8127;82.9155;270.0;270.0;270.0;270.0
98.0;1.7331;1.7363;0.3860;0.0000;251;245;-0.1026;84.1298;-1.7481;-1.7908;83.7151;270.0;270.0;270.0;270.0
98.5;1.7344;1.7404;0.4313;0.0000;253;243;-0.1026;84.9771;-1.7710;-1.7908;84.5147;270.0;270.0;270.0;270.0
99.0;1.7358;1.7440;0.3201;0.0000;249;245;-0.0929;85.8168;-1.8015;-1.7688;85.3144;270.0;270.0;270.0;270.0
99.5;1.7363;1.7477;0.1937;0.0000;245;249;-0.0147;86.6260;-1.8244;-1.7688;86.1140;270.0;270.0;270.0;270.0
100.0;1.7376;1.7514;0.1113;0.0000;241;249;-0.0049;87.5115;-1.8473;-1.7688;86.9136;270.0;270.0;270.0;270.0
100.5;1.7381;1.7546;-0.0742;0.0000;236;255;-0.0049;88.3130;-1.8779;-1.7688;87.7132;270.0;270.0;270.0;270.0
101.0;1.7395;1.7578;-0.0192;0.0000;238;253;-0.0049;89.1985;-1.9008;-1.7688;88.5128;270.0;270.0;270.0;270.0
101.5;1.7404;1.7605;-0.0247;0.0000;236;251;-0.0831;90.0382;-1.9313;-1.7688;89.3124;270.0;270.0;270.0;270.0
102.0;1.7413;1.7633;0.0398;0.0000;236;249;-0.0049;90.9237;-1.9542;-1.7688;90.9116;270.0;270.0;270.0;270.0
102.5;1.7413;1.7660;0.0604;0.0000;234;247;0.0733;91.7634;-1.9847;-1.7688;91.7112;270.0;270.0;270.0;270.0
103.0;1.7408;1.7683;0.1442;0.0000;236;243;-0.0147;92.5725;-2.0076;-1.7688;92.5108;270.0;270.0;270.0;270.0
103.5;1.7399;1.7711;0.2212;0.0000;238;241;-0.0147;93.3740;-2.0305;-1.7468;93.3105;270.0;270.0;270.0;270.0
104.0;1.7399;1.7729;0.2335;0.0000;238;241;-0.0147;94.2595;-2.0611;-1.7468;94.1101;270.0;270.0;270.0;270.0
104.5;1.7399;1.7752;0.2582;0.0000;236;238;-0.0929;95.0992;-2.0840;-1.7468;94.9097;270.0;270.0;270.0;270.0
105.0;1.7413;1.7770;0.0948;0.0000;232;241;-0.0049;95.9847;-2.1069;-1.7468;95.7093;270.0;270.0;270.0;270.0
105.5;1.7422;1.7788;0.2308;0.0000;234;236;-0.0147;96.8702;-2.1374;-1.7248;96.5089;270.0;270.0;270.0;270.0
106.0;1.7436;1.7802;0.1703;0.0000;230;236;-0.0147;97.7481;-2.1603;-1.7248;97.3085;270.0;270.0;270.0;270.0
106.5;1.7445;1.7816;0.1580;0.0000;228;234;-0.0147;98.6336;-2.1908;-1.7248;98.1081;270.0;270.0;270.0;270.0
107.0;1.7459;1.7830;0.1566;0.0000;224;232;-0.0147;99.5191;-2.2137;-1.7248;98.9077;270.0;270.0;270.0;270.0
107.5;1.7468;1.7839;0.0865;0.0000;220;232;-0.0049;100.4046;-2.2443;-1.7248;99.7073;270.0;270.0;270.0;270.0
108.0;1.7473;1.7848;0.0275;0.0000;216;230;-0.0049;101.2901;-2.2672;-1.7248;101.3066;270.0;270.0;270.0;270.0
108.5;1.7477;1.7857;0.1195;0.0000;214;226;-0.0049;102.1679;-2.2977;-1.7029;102.1062;270.0;270.0;270.0;270.0
109.0;1.7473;1.7862;0.1923;0.0000;214;222;-0.0147;103.0534;-2.3206;-1.7029;102.9058;270.0;270.0;270.0;270.0
109.5;1.7463;1.7866;0.1470;0.0000;210;220;0.0733;103.9008;-2.3435;-1.7029;103.7054;270.0;270.0;270.0;270.0
110.0;1.7450;1.7871;0.2335;0.0000;210;216;0.0635;104.7405;-2.3740;-1.7029;104.5050;270.0;270.0;270.0;270.0
110.5;1.7427;1.7871;0.1332;0.0000;206;218;0.0733;105.5878;-2.3969;-1.7029;105.3046;270.0;270.0;270.0;270.0
111.0;1.7413;1.7871;0.1552;0.0000;206;214;-0.0147;106.4657;-2.4198;-1.6809;106.1042;270.0;270.0;270.0;270.0
111.5;1.7408;2.0000;0.1511;0.0000;990;1000;-0.0147;107.3511;-2.4504;-1.6809;106.9038;270.0;270.0;270.0;270.0
112.0;1.8022;2.0000;0.1662;0.0000;331;339;-0.0147;108.2366;-2.4733;-1.6809;107.7034;270.0;270.0;270.0;270.0
112.5;1.8443;2.0000;0.0536;0.0000;300;316;0.0733;0.9237;0.0000;-0.0109;0.5557;270.0;270.0;270.0;270.0
113.0;1.8732;2.0005;0.1868;0.0000;286;296;0.0733;1.8473;0.0000;-0.0109;1.3553;270.0;270.0;270.0;270.0
113.5;1.8919;2.0009;0.0275;0.0000;273;290;0.0733;2.7710;0.0000;-0.0109;2.1549;270.0;270.0;270.0;270.0
114.0;1.9048;2.0014;0.1360;0.0000;271;281;-0.0049;3.7328;0.0000;-0.0109;2.9546;270.0;270.0;270.0;270.0
114.5;1.9121;2.0023;0.1154;0.0000;269;281;-0.0049;4.6183;0.0000;0.0111;4.5538;270.0;270.0;270.0;270.0
115.0;1.9158;2.0032;0.0604;0.0000;267;283;0.0733;5.4656;0.0000;0.0111;5.3534;270.0;270.0;270.0;270.0
115.5;1.9176;2.0041;-0.0783;0.0000;267;288;-0.0049;6.4275;0.0000;0.0111;6.1530;270.0;270.0;270.0;270.0
116.0;1.9190;2.0055;0.0027;0.0000;275;290;-0.0049;7.3893;0.0000;0.0111;6.9526;270.0;270.0;270.0;270.0
116.5;1.9190;2.0069;-0.0371;0.0000;277;294;-0.0831;8.3130;0.0000;0.0111;7.7522;270.0;270.0;270.0;270.0
117.0;1.9190;2.0082;-0.1635;0.0000;279;304;0.0049;9.2824;0.0000;-0.0109;8.5518;270.0;270.0;270.0;270.0
117.5;1.9190;2.0101;-0.1731;0.0000;284;310;-0.0831;10.2061;0.0000;-0.0109;10.1510;270.0;270.0;270.0;270.0
118.0;1.9190;2.0119;-0.3338;0.0000;284;320;0.0049;11.1679;0.0000;-0.0109;10.9506;270.0;270.0;270.0;270.0
118.5;1.9190;2.0142;-0.2926;0.0000;292;324;0.0049;12.1374;0.0000;-0.0328;11.7503;270.0;270.0;270.0;270.0
119.0;1.9194;2.0160;-0.3118;0.0000;296;327;0.0049;13.0992;0.0000;-0.0328;12.5499;270.0;270.0;270.0;270.0
119.5;1.9208;2.0183;-0.2734;0.0000;304;333;0.0049;14.0611;0.0000;-0.0328;13.3495;270.0;270.0;270.0;270.0
120.0;1.9231;2.0211;-0.3448;0.0000;308;339;0.0049;15.1069;-0.0076;-0.0548;14.9487;270.0;270.0;270.0;270.0
120.5;1.9254;2.0238;-0.2706;0.0000;314;343;-0.0733;16.1145;-0.0076;-0.0548;15.7483;270.0;270.0;270.0;270.0
121.0;1.9281;2.0266;-0.2404;0.0000;320;347;0.0049;17.0763;-0.0076;-0.0768;16.5479;270.0;270.0;270.0;270.0
121.5;1.9304;2.0293;-0.2418;0.0000;324;353;0.0049;18.0382;-0.0076;-0.0768;17.3475;270.0;270.0;270.0;270.0
122.0;1.9327;2.0325;-0.1772;0.0000;329;355;0.0049;19.0076;-0.0076;-0.0768;18.9467;270.0;270.0;270.0;270.0
122.5;1.9364;2.0357;-0.3846;0.0000;329;365;0.0049;20.0534;-0.0076;-0.0988;19.7464;270.0;270.0;270.0;270.0
123.0;1.9405;2.0394;-0.3571;0.0000;335;370;-0.0733;21.0534;-0.0076;-0.0988;20.5460;270.0;270.0;270.0;270.0
123.5;1.9451;2.0430;-0.4808;0.0000;333;376;0.0147;22.0992;-0.0153;-0.1207;21.3456;270.0;270.0;270.0;270.0
124.0;1.9496;2.0467;-0.5151;0.0000;337;382;0.0929;23.1069;-0.0153;-0.1207;22.9448;270.0;270.0;270.0;270.0
124.5;1.9538;2.0504;-0.4849;0.0000;341;384;0.0929;24.1069;-0.0153;-0.1427;23.7444;270.0;270.0;270.0;270.0
125.0;1.9579;2.0545;-0.4904;0.0000;343;388;-0.0635;25.1145;-0.0229;-0.1647;24.5440;270.0;270.0;270.0;270.0
125.5;1.9615;2.0586;-0.4643;0.0000;353;396;0.0929;26.1221;-0.0229;-0.1647;25.3436;270.0;270.0;270.0;270.0
126.0;1.9652;2.0632;-0.4066;0.0000;359;398;0.0049;27.1679;-0.0229;-0.1867;26.9428;270.0;270.0;270.0;270.0
126.5;1.9689;2.0678;-0.1978;0.0000;369;396;0.0049;28.1298;-0.0305;-0.1867;27.7425;270.0;270.0;270.0;270.0
127.0;1.9734;2.0723;-0.2624;0.0000;372;404;0.0049;29.1756;-0.0305;-0.1867;28.5421;270.0;270.0;270.0;270.0
127.5;1.9780;2.0774;-0.2184;0.0000;376;406;0.0049;30.1374;-0.0305;-0.2086;30.1413;270.0;270.0;270.0;270.0
128.0;1.9821;2.0824;-0.3750;0.0000;376;413;-0.0733;31.1450;-0.0382;-0.2086;30.9409;270.0;270.0;270.0;270.0
128.5;1.9853;2.0870;-0.5096;0.0000;374;417;0.0147;32.1069;-0.0382;-0.2306;31.7405;270.0;270.0;270.0;270.0
129.0;1.9895;2.0916;-0.6923;0.0000;367;419;0.0244;33.1527;-0.0458;-0.2526;32.5401;270.0;270.0;270.0;270.0
129.5;1.9927;2.0962;-0.6429;0.0000;365;415;0.0147;34.1145;-0.0458;-0.2746;33.3397;270.0;270.0;270.0;270.0
130.0;1.9963;2.1007;-0.6484;0.0000;365;415;0.0147;35.0840;-0.0534;-0.2746;34.9389;270.0;270.0;270.0;270.0
130.5;1.9995;2.1049;-0.6470;0.0000;363;413;-0.0635;36.0840;-0.0611;-0.2965;35.7386;270.0;270.0;270.0;270.0
131.0;2.0032;2.1090;-0.4821;0.0000;367;408;-0.0635;37.0916;-0.0611;-0.3185;36.5382;270.0;270.0;270.0;270.0
131.5;2.0078;2.1131;-0.5069;0.0000;363;408;0.0929;38.1756;-0.0687;-0.3405;38.1374;270.0;270.0;270.0;270.0
132.0;2.0119;2.1168;-0.2871;0.0000;365;396;0.0049;39.1450;-0.0763;-0.3405;38.9370;270.0;270.0;270.0;270.0
132.5;2.0160;2.1204;-0.4203;0.0000;357;396;0.0049;40.1832;-0.0840;-0.3405;39.7366;270.0;270.0;270.0;270.0
133.0;2.0206;2.1236;-0.3915;0.0000;355;394;0.0049;41.2290;-0.0916;-0.3624;40.5362;270.0;270.0;270.0;270.0
133.5;2.0252;2.1268;-0.5453;0.0000;347;394;0.0147;42.2748;-0.0916;-0.3844;42.1354;270.0;270.0;270.0;270.0
134.0;2.0293;2.1300;-0.5385;0.0000;343;390;0.0147;43.3206;-0.0992;-0.3844;42.9350;270.0;270.0;270.0;270.0
134.5;2.0343;2.1332;-0.7129;0.0000;335;392;0.0147;44.3664;-0.1069;-0.4064;43.7346;270.0;270.0;270.0;270.0
135.0;2.0375;2.1360;-0.6223;0.0000;333;384;0.0929;45.3740;-0.1145;-0.4284;45.3339;270.0;270.0;270.0;270.0
135.5;2.0408;2.1387;-0.4794;0.0000;333;378;0.1711;46.4122;-0.1221;-0.4503;46.1335;270.0;270.0;270.0;270.0
136.0;2.0444;2.1410;-0.5302;0.0000;327;374;0.0147;47.5420;-0.1298;-0.4503;46.9331;270.0;270.0;270.0;270.0
136.5;2.0467;2.1433;-0.3874;0.0000;329;369;-0.0733;48.5420;-0.1374;-0.4723;48.5323;270.0;270.0;270.0;270.0
137.0;2.0495;2.1456;-0.3091;0.0000;329;365;0.0049;49.6718;-0.1527;-0.4723;49.3319;270.0;270.0;270.0;270.0
137.5;2.0517;2.1474;-0.1332;0.0000;329;355;-0.0049;50.7176;-0.1603;-0.4943;50.1315;270.0;270.0;270.0;270.0
138.0;2.0554;2.1493;-0.1236;0.0000;327;353;-0.0831;51.8015;-0.1679;-0.4943;51.7307;270.0;270.0;270.0;270.0
138.5;2.0582;2.1511;-0.0563;0.0000;326;345;-0.0049;52.8473;-0.1756;-0.4943;52.5304;270.0;270.0;270.0;270.0
139.0;2.0618;2.1529;-0.2376;0.0000;316;347;0.0049;53.9695;-0.1832;-0.4943;53.3300;270.0;270.0;270.0;270.0
139.5;2.0655;2.1543;-0.1538;0.0000;316;341;-0.0831;55.0534;-0.1908;-0.4943;54.9292;270.0;270.0;270.0;270.0
140.0;2.0687;2.1552;0.0975;0.0000;318;329;-0.0049;56.0992;-0.2061;-0.4943;55.7288;270.0;270.0;270.0;270.0
140.5;2.0714;2.1566;0.0783;0.0000;314;326;-0.0049;57.2290;-0.2137;-0.4943;56.5284;270.0;270.0;270.0;270.0
141.0;2.0737;2.1575;0.3201;0.0000;318;316;-0.0929;58.2290;-0.2214;-0.4943;58.1276;270.0;270.0;270.0;270.0
141.5;2.0755;2.1584;0.2720;0.0000;312;314;-0.0147;59.2748;-0.2290;-0.4723;58.9272;270.0;270.0;270.0;270.0
142.0;2.0778;2.1589;0.3571;0.0000;310;308;-0.1026;60.3588;-0.2366;-0.4723;59.7268;270.0;270.0;270.0;270.0
142.5;2.0797;2.1593;0.2431;0.0000;302;306;-0.0929;61.4427;-0.2443;-0.4503;61.3261;270.0;270.0;270.0;270.0
143.0;2.0815;2.1598;0.2692;0.0000;298;300;-0.0147;62.4886;-0.2519;-0.4503;62.1257;270.0;270.0;270.0;270.0
143.5;2.0838;2.1598;0.1223;0.0000;292;300;-0.0049;63.6183;-0.2672;-0.4503;62.9253;270.0;270.0;270.0;270.0
144.0;2.0861;2.1598;0.1195;0.0000;286;296;-0.0929;64.7023;-0.2748;-0.4503;64.5245;270.0;270.0;270.0;270.0
144.5;2.0879;2.1598;0.0852;0.0000;283;292;-0.0049;65.7481;-0.2824;-0.4503;65.3241;270.0;270.0;270.0;270.0
145.0;2.0888;2.1593;0.0220;0.0000;279;292;-0.0049;66.8702;-0.2901;-0.4503;66.1237;270.0;270.0;270.0;270.0
145.5;2.0907;2.1589;0.2843;0.0000;283;283;-0.0929;67.9542;-0.2977;-0.4284;67.7229;270.0;270.0;270.0;270.0
146.0;2.0920;2.1584;0.3310;0.0000;279;277;-0.0147;69.0840;-0.3053;-0.4284;68.5226;270.0;270.0;270.0;270.0
146.5;2.0934;2.1575;0.4258;0.0000;279;271;-0.1026;70.1679;-0.3130;-0.4064;70.1218;270.0;270.0;270.0;270.0
147.0;2.0948;2.1566;0.3365;0.0000;273;269;-0.0147;71.2901;-0.3206;-0.4064;70.9214;270.0;270.0;270.0;270.0
147.5;2.0962;2.1552;0.2143;0.0000;265;269;-0.0929;72.3740;-0.3282;-0.4064;71.7210;270.0;270.0;270.0;270.0
148.0;2.0975;2.1543;0.0206;0.0000;255;271;-0.0049;73.5038;-0.3359;-0.4064;73.3202;270.0;270.0;270.0;270.0
148.5;2.0984;2.1529;-0.0220;0.0000;249;267;-0.0049;74.6260;-0.3435;-0.4064;74.1198;270.0;270.0;270.0;270.0
149.0;2.1003;2.1511;0.0041;0.0000;247;263;0.0733;75.7099;-0.3511;-0.4064;74.9194;270.0;270.0;270.0;270.0
149.5;2.1007;2.1493;-0.1030;0.0000;239;263;-0.0049;76.8397;-0.3588;-0.4064;76.5187;270.0;270.0;270.0;270.0
150.0;2.1021;2.1474;0.0110;0.0000;238;255;0.0733;77.9237;-0.3664;-0.4064;77.3183;270.0;270.0;270.0;270.0
150.5;2.1039;2.1456;0.0701;0.0000;236;249;-0.0049;79.1298;-0.3740;-0.4064;78.9175;270.0;270.0;270.0;270.0
151.0;2.1058;2.1433;0.1909;0.0000;234;241;-0.0147;80.2519;-0.3817;-0.3844;79.7171;270.0;270.0;270.0;270.0
151.5;2.1090;2.1410;0.2720;0.0000;232;236;-0.0147;81.4580;-0.3893;-0.3844;81.3163;270.0;270.0;270.0;270.0
152.0;2.1117;2.1387;0.3338;0.0000;226;226;-0.0147;82.5878;-0.3969;-0.3844;82.1159;270.0;270.0;270.0;270.0
152.5;2.1149;2.1360;0.1703;0.0000;216;226;-0.0147;83.7099;-0.4046;-0.3624;83.7151;270.0;270.0;270.0;270.0
153.0;2.1177;2.1332;0.0975;0.0000;208;222;-0.0929;84.8779;-0.4122;-0.3624;84.5147;270.0;270.0;270.0;270.0
153.5;2.1195;2.1300;0.0412;0.0000;202;218;-0.0831;85.9618;-0.4198;-0.3624;85.3144;270.0;270.0;270.0;270.0
154.0;2.1223;2.1268;-0.0220;0.0000;195;212;-0.0049;87.1679;-0.4275;-0.3624;86.9136;270.0;270.0;270.0;270.0
154.5;2.1245;2.1236;0.0756;0.0000;191;204;-0.0049;88.2901;-0.4351;-0.3624;87.7132;270.0;270.0;270.0;270.0
155.0;2.1264;2.1204;0.0549;0.0000;185;198;-0.0049;89.4198;-0.4427;-0.3624;89.3124;270.0;270.0;270.0;270.0
155.5;2.1273;2.1168;0.1525;0.0000;183;191;-0.0929;90.5802;-0.4427;-0.3624;90.1120;270.0;270.0;270.0;270.0
156.0;2.1287;2.1131;0.2088;0.0000;177;183;-0.0929;91.7481;-0.4504;-0.3624;91.7112;270.0;270.0;270.0;270.0
156.5;2.1305;2.1090;0.3283;0.0000;175;175;-0.0147;92.9542;-0.4580;-0.3405;92.5108;270.0;270.0;270.0;270.0
157.0;2.1337;2.1049;0.2610;0.0000;165;169;-0.0147;94.1603;-0.4656;-0.3405;94.1101;270.0;270.0;270.0;270.0
157.5;2.1369;2.1007;0.2898;0.0000;159;161;-0.0147;95.3664;-0.4733;-0.3185;94.9097;270.0;270.0;270.0;270.0
158.0;2.1397;2.0962;0.1525;0.0000;150;159;-0.0147;96.5725;-0.4809;-0.3185;96.5089;270.0;270.0;270.0;270.0
158.5;2.1419;2.0916;0.0220;0.0000;138;155;-0.0049;97.7786;-0.4885;-0.3185;97.3085;270.0;270.0;270.0;270.0
159.0;2.1433;2.0870;0.1552;0.0000;136;146;-0.0147;98.9008;-0.4962;-0.3185;98.9077;270.0;270.0;270.0;270.0
159.5;2.1442;2.0824;0.1236;0.0000;128;140;-0.0049;100.0305;-0.4962;-0.3185;99.7073;270.0;270.0;270.0;270.0
160.0;2.1438;2.0774;0.1277;0.0000;122;134;-0.0049;101.1527;-0.5038;-0.3185;100.5069;270.0;270.0;270.0;270.0
160.5;2.1433;2.0723;0.0124;0.0000;116;136;-0.0049;102.2824;-0.5114;-0.3185;102.1062;270.0;270.0;270.0;270.0
161.0;2.1424;2.0678;0.0536;0.0000;116;134;0.0733;103.3664;-0.5191;-0.3185;102.9058;270.0;270.0;270.0;270.0
161.5;2.1410;2.0632;0.0687;0.0000;116;132;-0.0049;104.4885;-0.5191;-0.2965;103.7054;270.0;270.0;270.0;270.0
162.0;2.1392;2.0586;0.3365;0.0000;122;124;-0.0929;105.5725;-0.5267;-0.2965;105.3046;270.0;270.0;270.0;270.0
162.5;2.1364;2.0545;0.4547;0.0000;126;120;-0.0244;106.6183;-0.5344;-0.2746;106.1042;270.0;270.0;270.0;270.0
163.0;2.1342;2.0504;0.5330;0.0000;128;118;-0.0244;107.7481;-0.5420;-0.2746;107.7034;270.0;270.0;270.0;270.0
163.5;2.1305;2.0467;0.4780;0.0000;126;122;0.0635;108.7481;-0.5420;-0.2526;108.5030;270.0;270.0;270.0;270.0
164.0;2.1264;2.0430;0.2624;0.0000;122;128;-0.0147;109.7939;-0.5496;-0.2526;109.3027;270.0;270.0;270.0;270.0
164.5;2.1232;2.0394;0.1525;0.0000;120;132;0.0733;110.8779;-0.5496;-0.2526;110.1023;270.0;270.0;270.0;270.0
165.0;2.1200;2.0357;0.0591;0.0000;118;138;0.1515;111.9237;-0.5573;-0.2306;111.7015;270.0;270.0;270.0;270.0
165.5;2.1168;2.0325;0.1030;0.0000;122;136;-0.0929;113.0076;-0.5573;-0.2306;112.5011;270.0;270.0;270.0;270.0
166.0;2.1126;2.0293;0.1071;0.0000;122;138;-0.0049;113.9771;-0.5649;-0.2306;113.3007;270.0;270.0;270.0;270.0
166.5;2.1090;2.0266;0.2871;0.0000;130;136;-0.0147;115.0992;-0.5649;-0.2306;114.8999;270.0;270.0;270.0;270.0
167.0;2.1044;2.0238;0.2967;0.0000;132;136;0.0635;116.1069;-0.5725;-0.2086;115.6995;270.0;270.0;270.0;270.0
167.5;2.0994;2.0211;0.3201;0.0000;136;140;0.0635;117.1069;-0.5725;-0.2086;116.4991;270.0;270.0;270.0;270.0
168.0;2.0939;2.0183;0.4038;0.0000;140;140;0.0635;118.1145;-0.5802;-0.2086;118.0984;270.0;270.0;270.0;270.0
168.5;2.0884;2.0160;0.2459;0.0000;140;146;-0.0147;119.1603;-0.5802;-0.1867;118.8980;270.0;270.0;270.0;270.0
169.0;2.0829;2.0142;0.3187;0.0000;144;148;0.0635;120.1603;-0.5878;-0.1867;119.6976;270.0;270.0;270.0;270.0
169.5;2.0774;2.0119;0.2788;0.0000;148;153;0.0635;121.1679;-0.5878;-0.1647;120.4972;270.0;270.0;270.0;270.0
170.0;2.0728;2.0101;0.3132;0.0000;152;153;-0.0147;122.2137;-0.5878;-0.1647;122.0964;270.0;270.0;270.0;270.0
170.5;2.0691;2.0082;0.2624;0.0000;153;159;0.0635;123.2214;-0.5954;-0.1647;122.8960;270.0;270.0;270.0;270.0
171.0;2.0659;2.0069;0.4547;0.0000;161;157;-0.0244;124.2595;-0.5954;-0.1427;123.6956;270.0;270.0;270.0;270.0
171.5;2.0627;2.0055;0.4945;0.0000;163;159;0.0538;125.2672;-0.5954;-0.1207;124.4952;270.0;270.0;270.0;270.0
172.0;2.0591;2.0041;0.4973;0.0000;167;161;-0.1026;126.2748;-0.6031;-0.1207;126.0945;270.0;270.0;270.0;270.0
172.5;2.0554;2.0032;0.5234;0.0000;171;163;-0.0244;127.2366;-0.6031;-0.0988;126.8941;270.0;270.0;270.0;270.0
173.0;2.0517;2.0023;0.4368;0.0000;173;169;-0.1026;128.2443;-0.6031;-0.0988;127.6937;270.0;270.0;270.0;270.0
173.5;2.0481;2.0014;0.4808;0.0000;179;171;-0.1026;129.2443;-0.6031;-0.0768;128.4933;270.0;270.0;270.0;270.0
174.0;2.0449;2.0009;0.5659;0.0000;185;173;-0.0244;130.2137;-0.6031;-0.0548;130.0925;270.0;270.0;270.0;270.0
174.5;2.0421;2.0005;0.6772;0.0000;191;173;-0.0244;131.2595;-0.6031;-0.0328;130.8921;270.0;270.0;270.0;270.0
175.0;2.0398;2.0000;0.6497;0.0000;193;179;0.0538;132.2595;-0.6031;-0.0109;131.6917;270.0;270.0;270.0;270.0
175.5;2.0371;2.0000;0.7486;0.0000;198;179;0.0538;133.2672;-0.6031;0.0111;132.4913;270.0;270.0;270.0;270.0
176.0;2.0343;2.0000;0.7212;0.0000;200;183;-0.0342;134.2290;-0.6031;0.0111;134.0906;270.0;270.0;270.0;270.0
176.5;2.0325;2.0000;0.8063;0.0000;206;183;-0.0342;135.2748;-0.6031;0.0551;134.8902;270.0;270.0;270.0;270.0
177.0;2.0311;2.0000;0.8681;0.0000;206;181;-0.1124;136.2824;-0.6031;0.0770;135.6898;270.0;270.0;270.0;270.0
177.5;2.0307;2.0000;0.6346;0.0000;200;187;0.0538;137.2824;-0.6031;0.0990;137.2890;270.0;270.0;270.0;270.0
178.0;2.0302;2.0000;0.5110;0.0000;200;191;-0.0244;138.3282;-0.6031;0.0990;138.0886;270.0;270.0;270.0;270.0
178.5;2.0298;2.0000;0.4753;0.0000;198;193;-0.0244;139.2977;-0.5954;0.1210;138.8882;270.0;270.0;270.0;270.0
179.0;2.0293;2.0000;0.4451;0.0000;198;193;-0.0244;140.3359;-0.5954;0.1210;139.6878;270.0;270.0;270.0;270.0
179.5;2.0279;2.0000;0.4602;0.0000;200;193;0.0635;141.2595;-0.5954;0.1430;140.4874;270.0;270.0;270.0;270.0
180.0;2.0261;2.0000;0.5481;0.0000;202;191;-0.0244;142.2290;-0.5878;0.1649;142.0867;270.0;270.0;270.0;270.0
180.5;2.0247;2.0000;0.5467;0.0000;204;193;-0.1026;143.2290;-0.5878;0.1649;142.8863;270.0;270.0;270.0;270.0
181.0;2.0234;2.0000;0.5865;0.0000;206;193;-0.1026;144.2366;-0.5878;0.1869;143.6859;270.0;270.0;270.0;270.0
181.5;2.0229;2.0000;0.5742;0.0000;206;193;-0.0244;145.2824;-0.5802;0.2089;145.2851;270.0;270.0;270.0;270.0
182.0;2.0220;2.0000;0.5206;0.0000;204;195;-0.0244;146.2443;-0.5802;0.2308;146.0847;270.0;270.0;270.0;270.0
182.5;2.0206;2.0000;0.3860;0.0000;202;198;-0.0147;147.2137;-0.5725;0.2308;146.8843;270.0;270.0;270.0;270.0
183.0;2.0188;2.0000;0.3860;0.0000;204;198;-0.0147;148.1756;-0.5725;0.2528;147.6839;270.0;270.0;270.0;270.0
183.5;2.0179;2.0000;0.3571;0.0000;204;200;-0.0147;149.2214;-0.5649;0.2528;148.4835;270.0;270.0;270.0;270.0
184.0;2.0160;2.0000;0.4011;0.0000;206;198;-0.0147;150.1832;-0.5573;0.2748;150.0827;270.0;270.0;270.0;270.0
184.5;2.0142;2.0000;0.5206;0.0000;210;196;-0.0244;151.2290;-0.5573;0.2748;150.8824;270.0;270.0;270.0;270.0
185.0;2.0124;2.0000;0.4519;-0.0151;234;177;-0.0049;0.9618;0.0000;-0.0109;0.5557;270.0;270.0;270.0;270.0
185.5;2.0110;2.0000;0.5852;-0.0453;243;169;-0.0244;2.0076;0.0000;0.0111;1.3553;270.0;270.0;270.0;270.0
186.0;2.0105;2.0000;0.6195;-0.0907;251;163;-0.1026;3.0076;0.0000;0.0331;2.9546;270.0;270.0;270.0;270.0
186.5;2.0105;2.0000;0.5701;-0.1511;257;157;0.0538;4.0153;0.0000;0.0331;3.7542;270.0;270.0;270.0;270.0
187.0;2.0101;2.0000;0.3942;-0.2253;306;109;0.0635;5.0229;0.0000;0.0551;4.5538;270.0;270.0;270.0;270.0
187.5;2.0096;2.0000;0.3214;-0.3159;314;105;0.0635;6.0229;0.0000;0.0551;5.3534;270.0;270.0;270.0;270.0
188.0;2.0092;2.0000;0.0330;-0.4203;314;105;-0.0049;7.0687;0.0000;0.0551;6.9526;270.0;270.0;270.0;270.0
188.5;2.0087;2.0000;-0.0522;-0.5412;322;101;-0.0049;8.0305;0.0000;0.0551;7.7522;270.0;270.0;270.0;270.0
189.0;2.0101;2.0000;-0.1923;-0.6758;327;95;-0.0831;9.1221;0.0000;0.0551;8.5518;270.0;270.0;270.0;270.0
189.5;2.0124;2.0000;-0.2734;-0.8255;333;87;-0.0733;10.2061;0.0076;0.0551;10.1510;270.0;270.0;270.0;270.0
190.0;2.0147;2.0000;-0.5179;-0.9904;288;130;-0.0635;11.2901;0.0076;0.0331;10.9506;270.0;270.0;270.0;270.0
190.5;2.0179;2.0000;-0.8201;-1.1703;288;126;-0.0538;12.3740;0.0076;0.0111;11.7503;270.0;270.0;270.0;270.0
191.0;2.0211;2.0000;-1.1195;-1.3654;290;120;-0.1320;13.4198;0.0076;-0.0328;13.3495;270.0;270.0;270.0;270.0
191.5;2.0243;2.0000;-1.4244;-1.5755;290;116;-0.0342;14.5038;0.0076;-0.0548;14.1491;270.0;270.0;270.0;270.0
192.0;2.0275;2.0000;-1.6676;-1.8008;294;109;-0.1026;15.5496;0.0076;-0.1207;14.9487;270.0;270.0;270.0;270.0
192.5;2.0307;2.0000;-2.2898;-2.0412;286;112;0.0733;16.6718;0.0000;-0.1867;16.5479;270.0;270.0;270.0;270.0
193.0;2.0343;2.0000;-2.6236;-2.2953;288;107;-0.0733;17.7176;0.0000;-0.2526;17.3475;270.0;270.0;270.0;270.0
193.5;2.0389;2.0000;-2.9835;-2.5659;290;101;-0.1417;18.8855;-0.0076;-0.3405;18.1471;270.0;270.0;270.0;270.0
194.0;2.0435;2.0000;-3.2912;-2.8503;292;93;-0.0538;20.0076;-0.0153;-0.4284;19.7464;270.0;270.0;270.0;270.0
194.5;2.0485;2.0000;-3.5082;-3.1511;296;81;-0.0440;21.1374;-0.0229;-0.5382;20.5460;270.0;270.0;270.0;270.0
195.0;2.0531;2.0000;-3.7692;-3.4657;300;71;-0.1124;22.2214;-0.0382;-0.6481;22.1452;270.0;270.0;270.0;270.0
195.5;2.0563;2.0000;-4.0467;-3.7953;306;62;-0.1026;23.3053;-0.0458;-0.7580;22.9448;270.0;270.0;270.0;270.0
196.0;2.0591;2.0000;-4.3736;-4.1401;312;54;-0.0929;24.3893;-0.0611;-0.8898;23.7444;270.0;270.0;270.0;270.0
196.5;2.0614;2.0000;-4.6168;-4.5000;318;44;-0.0049;25.4351;-0.0840;-1.0217;25.3436;270.0;270.0;270.0;270.0
197.0;2.0636;2.0000;-4.9698;-4.8750;322;34;-0.0635;26.5191;-0.0992;-1.1535;26.1432;270.0;270.0;270.0;270.0
197.5;2.0650;2.0000;-5.1909;-5.2651;331;22;-0.0733;27.5267;-0.1221;-1.3073;26.9428;270.0;270.0;270.0;270.0
198.0;2.0655;2.0000;-5.5206;-5.6703;337;15;-0.1320;28.5725;-0.1450;-1.4612;28.5421;270.0;270.0;270.0;270.0
198.5;2.0646;2.0000;-6.0810;-6.0907;341;11;-0.1124;29.6183;-0.1756;-1.6369;29.3417;270.0;270.0;270.0;270.0
199.0;2.0632;2.0000;-6.4368;-6.5261;349;5;-0.0929;30.6565;-0.2061;-1.8347;30.1413;270.0;270.0;270.0;270.0
199.5;2.0614;2.0000;-6.8777;-6.9753;355;-1;-0.0929;31.6260;-0.2366;-2.0325;30.9409;270.0;270.0;270.0;270.0
200.0;2.0600;2.0000;-7.4286;-7.4409;359;-5;0.0049;32.6260;-0.2748;-2.2302;32.5401;270.0;270.0;270.0;270.0
200.5;2.0582;2.0000;-7.9080;-7.9203;367;-11;-0.0538;33.6718;-0.3206;-2.4500;33.3397;270.0;270.0;270.0;270.0
201.0;2.0554;2.0000;-8.1882;-8.4162;378;-21;-0.0440;34.6336;-0.3588;-2.6917;34.1393;270.0;270.0;270.0;270.0
201.5;2.0527;2.0000;-8.7033;-8.9162;384;-22;-0.0049;35.6794;-0.4122;-2.9554;34.9389;270.0;270.0;270.0;270.0
202.0;2.0499;2.0000;-9.1868;-9.4162;388;-22;-0.0929;36.6031;-0.4656;-3.1971;36.5382;270.0;270.0;270.0;270.0
202.5;2.0476;2.0000;-9.7541;-9.9162;388;-21;-0.0635;37.6031;-0.5191;-3.4828;37.3378;270.0;270.0;270.0;270.0
203.0;2.0440;2.0000;-10.2376;-10.4162;394;-22;-0.0440;38.5267;-0.5802;-3.7684;38.1374;270.0;270.0;270.0;270.0
203.5;2.0412;2.0000;-10.6841;-10.9162;398;-22;-0.0244;39.5267;-0.6489;-4.0761;38.9370;270.0;270.0;270.0;270.0
204.0;2.0385;2.0000;-11.3118;-11.4162;398;-21;-0.0147;40.5344;-0.7252;-4.4057;40.5362;270.0;270.0;270.0;270.0
204.5;2.0348;2.0000;-11.9808;-11.9162;400;-17;-0.1515;41.5344;-0.8015;-4.7573;41.3358;270.0;270.0;270.0;270.0
205.0;2.0316;2.0000;-12.4547;-12.4162;404;-17;-0.0538;42.4962;-0.8855;-5.1088;42.1354;270.0;270.0;270.0;270.0
205.5;2.0275;2.0000;-13.0632;-12.9162;404;-13;0.0538;43.4122;-0.9695;-5.4824;42.9350;270.0;270.0;270.0;270.0
206.0;2.0247;2.0000;-13.4739;-13.4162;412;-15;-0.0831;44.4122;-1.0687;-5.8779;43.7346;270.0;270.0;270.0;270.0
206.5;2.0220;2.0000;-13.9657;-13.9162;413;-15;-0.0049;45.3740;-1.1679;-6.2735;45.3339;270.0;270.0;270.0;270.0
207.0;2.0188;2.0000;-14.1909;-14.4162;423;-22;-0.1515;46.3359;-1.2824;-6.6690;46.1335;270.0;270.0;270.0;270.0
207.5;2.0151;2.0000;-14.6387;-14.9162;429;-22;-0.1222;47.2901;-1.3969;-7.1085;46.9331;270.0;270.0;270.0;270.0
208.0;2.0124;2.0000;-15.0316;-15.4162;437;-26;-0.1222;48.2443;-1.5191;-7.5260;47.7327;270.0;270.0;270.0;270.0
208.5;2.0101;2.0000;-15.3942;-15.9162;445;-28;-0.0244;49.2443;-1.6565;-7.9655;48.5323;270.0;270.0;270.0;270.0
209.0;2.0082;2.0000;-15.7885;-16.4162;453;-32;-0.1026;50.1985;-1.7939;-8.4269;50.1315;270.0;270.0;270.0;270.0
209.5;2.0060;2.0000;-16.1332;-16.9162;458;-36;-0.0831;51.1527;-1.9389;-8.8664;50.9311;270.0;270.0;270.0;270.0
210.0;2.0041;2.0000;-16.7857;-17.4038;455;-28;-0.0635;52.1069;-2.0916;-9.3498;51.7307;270.0;270.0;270.0;270.0
210.5;2.0018;2.0000;-17.2376;-17.8777;455;-26;-0.1124;53.0916;-2.2519;-9.8552;52.5304;270.0;270.0;270.0;270.0
211.0;1.9991;2.0000;-17.8283;-18.3407;451;-19;-0.1124;54.0076;-2.4198;-10.3606;54.1296;270.0;270.0;270.0;270.0
211.5;1.9968;2.0000;-18.1511;-18.7912;451;-19;-0.0244;54.9542;-2.5954;-10.8880;54.9292;270.0;270.0;270.0;270.0
212.0;1.9950;2.0000;-18.8750;-19.2280;445;-7;-0.0538;55.9389;-2.7863;-11.4374;55.7288;270.0;270.0;270.0;270.0
212.5;1.9927;2.0000;-19.1635;-19.6538;445;-7;-0.1320;56.8855;-2.9847;-11.9867;56.5284;270.0;270.0;270.0;270.0
213.0;1.9918;2.0000;-19.9011;-20.0659;437;5;-0.1906;57.8626;-3.1985;-12.5580;57.3280;270.0;270.0;270.0;270.0
213.5;1.9908;2.0000;-20.3393;-20.4657;435;9;-0.1124;58.8015;-3.4122;-13.1294;58.9272;270.0;270.0;270.0;270.0
214.0;1.9899;2.0000;-21.0014;-20.8530;421;21;0.0049;59.7786;-3.6489;-13.7226;59.7268;270.0;270.0;270.0;270.0
214.5;1.9881;2.0000;-21.1126;-21.2280;427;17;-0.0635;60.7176;-3.8779;-14.3379;60.5265;270.0;270.0;270.0;270.0
215.0;1.9872;2.0000;-21.6126;-21.5907;421;22;-0.1222;61.6870;-4.1298;-14.9532;61.3261;270.0;270.0;270.0;270.0
215.5;1.9863;2.0000;-22.0975;-21.9409;415;30;-0.1124;62.6565;-4.3969;-15.5904;62.9253;270.0;270.0;270.0;270.0
216.0;1.9858;2.0000;-22.4766;-22.2788;413;34;-0.1124;63.6260;-4.6718;-16.2277;63.7249;270.0;270.0;270.0;270.0
216.5;1.9849;2.0000;-22.9244;-22.6030;406;40;0.0147;64.6260;-4.9695;-16.8869;64.5245;270.0;270.0;270.0;270.0
217.0;1.9835;2.0000;-22.9244;-22.9162;412;36;-0.1026;65.5115;-5.2443;-17.5461;65.3241;270.0;270.0;270.0;270.0
217.5;1.9831;2.0000;-23.5632;-23.2157;402;48;-0.0635;66.4657;-5.5496;-18.2053;66.9233;270.0;270.0;270.0;270.0
218.0;1.9812;2.0000;-23.6731;-23.5027;402;48;0.0147;67.3817;-5.8550;-18.8865;67.7229;270.0;270.0;270.0;270.0
218.5;1.9794;2.0000;-24.1525;-23.7788;396;56;-0.1222;68.2901;-6.1756;-19.5897;68.5226;270.0;270.0;270.0;270.0
219.0;1.9776;2.0000;-24.3022;-24.0412;398;58;-0.1222;69.1985;-6.5038;-20.2709;69.3222;270.0;270.0;270.0;270.0
219.5;1.9766;2.0000;-24.6195;-24.2912;394;64;-0.0831;70.1756;-6.8702;-20.9960;70.9214;270.0;270.0;270.0;270.0
220.0;1.9766;2.0000;-24.6854;-24.5288;396;62;-0.1124;71.1527;-7.2519;-21.6992;71.7210;270.0;270.0;270.0;270.0
220.5;1.9766;2.0000;-25.1813;-24.7527;384;71;-0.1906;72.0840;-7.6336;-22.4024;72.5206;270.0;270.0;270.0;270.0
221.0;1.9766;2.0000;-25.7637;-24.9657;372;85;-0.2102;73.0458;-8.0382;-23.1715;73.3202;270.0;270.0;270.0;270.0
221.5;1.9780;2.0000;-25.6992;-25.1662;378;79;-0.2493;74.0000;-8.4504;-23.8966;74.9194;270.0;270.0;270.0;270.0
222.0;1.9808;2.0000;-26.0742;-25.3530;369;87;-0.1906;75.0305;-8.9160;-24.6657;75.7190;270.0;270.0;270.0;270.0
222.5;1.9835;2.0000;-26.0948;-25.5288;367;83;-0.0831;75.9771;-9.3588;-25.3909;76.5187;270.0;270.0;270.0;270.0
223.0;1.9858;2.0000;-26.5247;-25.6909;357;93;-0.2786;76.9542;-9.8244;-26.1380;78.1179;270.0;270.0;270.0;270.0
223.5;1.9895;2.0000;-26.4492;-25.8407;359;89;-0.2884;77.9237;-10.3130;-26.9071;78.9175;270.0;270.0;270.0;270.0
224.0;1.9945;2.0000;-26.9739;-25.9780;343;99;-0.2395;78.9618;-10.8473;-27.6981;80.5167;270.0;270.0;270.0;270.0
224.5;1.9995;2.0000;-26.9396;-26.1030;339;95;-0.2004;79.9542;-11.3740;-28.4672;81.3163;270.0;270.0;270.0;270.0
225.0;2.0041;2.0000;-26.9876;-26.2157;335;93;-0.2004;80.8702;-11.8779;-29.2143;82.1159;270.0;270.0;270.0;270.0
225.5;2.0078;2.0000;-26.9176;-26.3159;335;91;-0.0929;81.8092;-12.4122;-30.0054;83.7151;270.0;270.0;270.0;270.0
226.0;2.0114;2.0000;-26.9244;-26.4038;331;89;-0.2102;82.7099;-12.9466;-30.7525;84.5147;270.0;270.0;270.0;270.0
226.5;2.0142;2.0000;-27.3049;-26.4780;318;99;-0.2297;83.6412;-13.5038;-31.5655;85.3144;270.0;270.0;270.0;270.0
227.0;2.0169;2.0000;-27.1332;-26.5412;318;95;-0.2004;84.5267;-14.0611;-32.3127;86.9136;270.0;270.0;270.0;270.0
227.5;2.0188;2.0000;-27.4533;-26.5907;302;103;-0.1711;85.4122;-14.6260;-33.1037;87.7132;270.0;270.0;270.0;270.0
228.0;2.0211;2.0000;-27.3008;-26.6277;302;101;-0.0049;86.2824;-15.1985;-33.8948;88.5128;270.0;270.0;270.0;270.0
228.5;2.0220;2.0000;-27.6497;-26.6538;290;112;-0.0831;87.1069;-15.7634;-34.6859;89.3124;270.0;270.0;270.0;270.0
229.0;2.0224;2.0000;-27.6319;-26.6607;284;116;-0.0733;87.9313;-16.3435;-35.4769;90.9116;270.0;270.0;270.0;270.0
229.5;2.0229;2.0000;-27.9052;-26.6607;273;126;0.0733;88.7481;-16.9313;-36.2680;91.7112;270.0;270.0;270.0;270.0
230.0;2.0224;2.0000;-27.8681;-26.6607;273;124;-0.0733;89.5496;-17.5267;-37.0591;92.5108;270.0;270.0;270.0;270.0
230.5;2.0220;2.0000;-27.7514;-26.6607;277;122;-0.0733;90.3511;-18.1450;-37.8721;94.1101;270.0;270.0;270.0;270.0
231.0;2.0211;2.0000;-28.1923;-26.6607;265;134;-0.0342;91.1374;-18.7634;-38.6851;94.9097;270.0;270.0;270.0;270.0
231.5;2.0188;2.0000;-28.1154;-26.6607;267;132;-0.0929;91.8550;-19.3435;-39.4762;95.7093;270.0;270.0;270.0;270.0
232.0;2.0169;2.0000;-28.2088;-26.6607;265;136;0.0147;92.6565;-20.0153;-40.2892;96.5089;270.0;270.0;270.0;270.0
232.5;2.0151;2.0000;-27.7624;-26.6607;277;126;0.0049;93.3893;-20.6412;-41.0803;97.3085;270.0;270.0;270.0;270.0
233.0;2.0133;2.0000;-27.8462;-26.6607;275;128;-0.0538;94.1450;-21.3130;-41.8933;98.9077;270.0;270.0;270.0;270.0
233.5;2.0124;2.0000;-27.2981;-26.6607;288;116;0.0538;94.8855;-21.9847;-42.6844;99.7073;270.0;270.0;270.0;270.0
234.0;2.0110;2.0000;-27.4615;-26.6607;284;122;-0.0244;95.5878;-22.6412;-43.4535;100.5069;270.0;270.0;270.0;270.0
234.5;2.0092;2.0000;-27.2170;-26.6607;290;116;0.0635;96.3130;-23.3435;-44.2226;101.3066;270.0;270.0;270.0;270.0
235.0;2.0078;2.0000;-27.2898;-26.6607;290;118;-0.0147;97.0000;-24.0153;-45.0136;102.9058;270.0;270.0;270.0;270.0
235.5;2.0064;2.0000;-27.1209;-26.6607;296;116;0.0147;97.7405;-24.7634;-45.8047;103.7054;270.0;270.0;270.0;270.0
236.0;2.0050;2.0000;-26.8764;-26.6607;302;110;0.0147;98.3740;-25.4275;-46.5518;104.5050;270.0;270.0;270.0;270.0
236.5;2.0041;2.0000;-27.0618;-26.6607;298;118;0.0635;99.0611;-26.1603;-47.3429;105.3046;270.0;270.0;270.0;270.0
237.0;2.0027;2.0000;-26.9066;-26.6607;302;114;-0.0244;99.7099;-26.8779;-48.1120;106.9038;270.0;270.0;270.0;270.0
237.5;2.0018;2.0000;-27.0755;-26.6607;298;118;-0.0049;100.4046;-27.6565;-48.9030;107.7034;270.0;270.0;270.0;270.0
238.0;2.0018;2.0000;-26.6799;-26.6607;310;110;-0.1222;101.0611;-28.4198;-49.6502;108.5030;270.0;270.0;270.0;270.0
238.5;2.0014;2.0000;-26.7637;-26.6607;308;112;-0.0538;101.6794;-29.1603;-50.3973;109.3027;270.0;270.0;270.0;270.0
239.0;2.0000;2.0000;-26.3723;-26.6607;318;103;-0.0440;102.2901;-29.9084;-51.1664;110.9019;270.0;270.0;270.0;270.0
239.5;1.9995;2.0000;-26.4560;-26.6607;316;107;0.0342;102.9160;-30.6947;-51.9135;111.7015;270.0;270.0;270.0;270.0
240.0;2.0000;2.0000;-26.4203;-26.6607;316;105;-0.0929;103.5802;-31.5496;-52.7045;112.5011;270.0;270.0;270.0;270.0
240.5;2.0005;2.0000;-26.1497;-26.6607;324;99;-0.0831;104.1603;-32.3206;-53.4297;113.3007;270.0;270.0;270.0;270.0
241.0;2.0005;2.0000;-26.1484;-26.6607;324;99;-0.0538;104.7786;-33.1679;-54.1768;114.8999;270.0;270.0;270.0;270.0
241.5;2.0009;2.0000;-26.1140;-26.6607;324;99;0.0342;105.3588;-33.9847;-54.9239;115.6995;270.0;270.0;270.0;270.0
242.0;2.0000;2.0000;-26.5096;-26.6607;314;109;0.0635;105.9313;-34.8092;-55.7150;116.4991;270.0;270.0;270.0;270.0
242.5;1.9982;2.0000;-26.3379;-26.6484;314;109;0.0244;106.4427;-35.5802;-56.4621;117.2988;270.0;270.0;270.0;270.0
243.0;1.9963;2.0000;-26.7005;-26.6236;300;124;0.1124;106.9771;-36.3817;-57.2092;118.8980;270.0;270.0;270.0;270.0
243.5;1.9950;2.0000;-26.4121;-26.5852;302;124;0.0342;107.5115;-37.2366;-57.9563;119.6976;270.0;270.0;270.0;270.0
244.0;1.9945;2.0000;-26.4945;-26.5357;296;132;0.0342;108.0382;-38.0916;-58.7254;120.4972;270.0;270.0;270.0;270.0
244.5;1.9945;2.0000;-26.3379;-26.4725;294;134;-0.0147;108.5802;-38.9847;-59.4945;121.2968;270.0;270.0;270.0;270.0
245.0;1.9945;2.0000;-26.5206;-26.3984;284;146;0.0049;109.0840;-39.8550;-60.2416;122.8960;270.0;270.0;270.0;270.0
245.5;1.9945;2.0000;-26.5343;-26.3104;277;152;0.0342;109.5725;-40.7328;-60.9888;123.6956;270.0;270.0;270.0;270.0
246.0;1.9945;2.0000;-26.3283;-26.2102;275;153;0.0440;110.0534;-41.6107;-61.7578;124.4952;270.0;270.0;270.0;270.0
246.5;1.9950;2.0000;-26.3091;-26.0975;269;159;-0.0244;110.5420;-42.5344;-62.5269;125.2948;270.0;270.0;270.0;270.0
247.0;1.9968;2.0000;-25.9437;-25.9725;271;157;-0.0733;111.0229;-43.4656;-63.2521;126.8941;270.0;270.0;270.0;270.0
247.5;1.9986;2.0000;-26.0920;-25.8352;259;167;-0.0733;111.4885;-44.4046;-63.9992;127.6937;270.0;270.0;270.0;270.0
248.0;2.0023;2.0000;-25.6772;-25.6854;261;163;-0.0733;111.9695;-45.4122;-64.7243;128.4933;270.0;270.0;270.0;270.0
248.5;2.0055;2.0000;-25.8310;-25.5234;247;173;-0.1417;112.4275;-46.3969;-65.4715;130.0925;270.0;270.0;270.0;270.0
249.0;2.0101;2.0000;-25.5069;-25.3475;243;171;-0.1320;112.9084;-47.4656;-66.2186;130.8921;270.0;270.0;270.0;270.0
249.5;2.0156;2.0000;-25.2321;-25.1607;241;169;-0.1906;113.3359;-48.4580;-66.9217;132.4913;270.0;270.0;270.0;270.0
250.0;2.0201;2.0000;-24.9190;-24.9602;236;167;-0.1808;113.7557;-49.4580;-67.6469;133.2909;270.0;270.0;270.0;270.0
250.5;2.0243;2.0000;-24.8777;-24.7486;224;173;-0.0831;114.1527;-50.4275;-68.3500;134.0906;270.0;270.0;270.0;270.0
251.0;2.0279;2.0000;-24.8077;-24.5234;214;181;-0.0147;114.5420;-51.4427;-69.0752;135.6898;270.0;270.0;270.0;270.0
251.5;2.0316;2.0000;-24.3681;-24.2857;212;177;-0.0342;114.9237;-52.4580;-69.7784;136.4894;270.0;270.0;270.0;270.0
252.0;2.0353;2.0000;-24.3462;-24.0357;198;185;-0.0635;115.2977;-53.4733;-70.4595;137.2890;270.0;270.0;270.0;270.0
252.5;2.0385;2.0000;-23.8819;-23.7734;196;183;-0.0538;115.6489;-54.4962;-71.1407;138.8882;270.0;270.0;270.0;270.0
253.0;2.0426;2.0000;-23.9629;-23.4986;181;193;-0.0440;116.0000;-55.5267;-71.8219;139.6878;270.0;270.0;270.0;270.0
253.5;2.0458;2.0000;-23.7582;-23.2102;171;198;-0.0440;116.3282;-56.5649;-72.5251;140.4874;270.0;270.0;270.0;270.0
254.0;2.0481;2.0000;-23.7871;-22.9107;157;210;0.0147;116.6336;-57.5573;-73.1843;142.0867;270.0;270.0;270.0;270.0
254.5;2.0495;2.0000;-23.4052;-22.5975;152;210;0.0049;116.9313;-58.5649;-73.8655;142.8863;270.0;270.0;270.0;270.0
255.0;2.0508;2.0000;-23.1099;-22.2734;144;218;0.0929;117.2290;-59.6031;-74.5247;143.6859;270.0;270.0;270.0;270.0
255.5;2.0513;2.0000;-22.9052;-21.9354;136;226;0.1613;117.5038;-60.6183;-75.1840;145.2851;270.0;270.0;270.0;270.0
256.0;2.0508;2.0000;-22.4725;-21.5852;132;228;0.0635;117.7557;-61.5878;-75.8432;146.0847;270.0;270.0;270.0;270.0
256.5;2.0508;2.0000;-22.1992;-21.2225;122;234;0.0342;117.9924;-62.5649;-76.4585;146.8843;270.0;270.0;270.0;270.0
257.0;2.0485;2.0000;-21.3860;-20.8475;128;230;0.1026;118.2137;-63.5038;-77.0737;147.6839;270.0;270.0;270.0;270.0
257.5;2.0481;2.0000;-21.0343;-20.4602;122;236;0.0929;118.4427;-64.5191;-77.6670;149.2831;270.0;270.0;270.0;270.0
258.0;2.0462;2.0000;-20.4629;-20.0604;122;238;0.2395;118.6489;-65.4656;-78.2603;150.0827;270.0;270.0;270.0;270.0
258.5;2.0449;2.0000;-20.2019;-19.6484;112;247;0.1320;118.8473;-66.4504;-78.8316;150.8824;270.0;270.0;270.0;270.0
259.0;2.0430;2.0000;-19.7308;-19.2225;109;253;0.1222;119.0382;-67.4351;-79.4030;151.6820;270.0;270.0;270.0;270.0
259.5;2.0412;2.0000;-19.6016;-18.7857;97;269;0.1222;119.2137;-68.4275;-79.9743;153.2812;270.0;270.0;270.0;270.0
260.0;2.0398;2.0000;-18.9904;-18.3352;97;271;0.1026;119.3893;-69.4122;-80.5236;154.0808;270.0;270.0;270.0;270.0
260.5;2.0380;2.0000;-18.3297;-17.8736;97;273;0.1515;119.5420;-70.3664;-81.0510;154.8804;270.0;270.0;270.0;270.0
261.0;2.0357;2.0000;-17.9753;-17.3984;89;283;0.1320;119.7023;-71.3969;-81.5564;155.6800;270.0;270.0;270.0;270.0
261.5;2.0339;2.0000;-17.2871;-16.9107;89;284;0.2004;119.8397;-72.3969;-82.0399;157.2792;270.0;270.0;270.0;270.0
262.0;2.0325;2.0000;-16.8956;-16.4107;81;294;0.1808;119.9771;-73.3893;-82.5233;158.0788;270.0;270.0;270.0;270.0
262.5;2.0321;2.0000;-15.9547;-15.9107;93;284;0.0831;120.1069;-74.4275;-82.9847;158.8785;270.0;270.0;270.0;270.0
263.0;2.0316;2.0000;-15.2940;-15.4107;95;283;0.1222;120.2290;-75.4275;-83.4242;160.4777;270.0;270.0;270.0;270.0
263.5;2.0316;2.0000;-14.5055;-14.9107;101;277;0.0929;120.3359;-76.4198;-83.8417;161.2773;270.0;270.0;270.0;270.0
264.0;2.0307;2.0000;-14.0742;-14.4107;97;281;0.0929;120.4427;-77.4198;-84.2592;162.0769;270.0;270.0;270.0;270.0
264.5;2.0302;2.0000;-13.4794;-13.9107;99;281;0.0635;120.5420;-78.4198;-84.6328;162.8765;270.0;270.0;270.0;270.0
265.0;2.0293;2.0000;-12.7376;-13.4107;103;275;0.0440;120.6336;-79.4198;-85.0063;164.4757;270.0;270.0;270.0;270.0
265.5;2.0293;2.0000;-12.2857;-12.9107;101;279;0.1711;120.7176;-80.4275;-85.3579;165.2753;270.0;270.0;270.0;270.0
266.0;2.0279;2.0000;-11.5632;-12.4107;105;275;0.0733;120.7939;-81.3893;-85.6875;166.0750;270.0;270.0;270.0;270.0
266.5;2.0256;2.0000;-11.2981;-11.9107;97;284;0.0733;120.8626;-82.3511;-85.9952;166.8746;270.0;270.0;270.0;270.0
267.0;2.0238;2.0000;-10.6484;-11.4107;101;283;0.1320;120.9313;-83.3511;-86.3028;168.4738;270.0;270.0;270.0;270.0
267.5;2.0215;2.0000;-10.2569;-10.9107;97;288;0.1124;120.9924;-84.3511;-86.6105;169.2734;270.0;270.0;270.0;270.0
268.0;2.0188;2.0000;-9.5659;-10.4107;103;286;0.0049;121.0458;-85.3130;-86.8741;170.0730;270.0;270.0;270.0;270.0
268.5;2.0160;2.0000;-9.0907;-9.9107;103;290;-0.0049;121.0992;-86.2824;-87.1378;170.8726;270.0;270.0;270.0;270.0
269.0;2.0128;2.0000;-8.4135;-9.4107;107;288;-0.0342;121.1450;-87.2443;-87.3795;171.6722;270.0;270.0;270.0;270.0
269.5;2.0101;2.0000;-8.0714;-8.9107;103;296;0.2004;121.1908;-88.2443;-87.6213;173.2714;270.0;270.0;270.0;270.0
270.0;2.0069;2.0000;-7.7665;-8.4107;97;304;0.0147;121.2290;-89.1679;-87.8190;174.0710;270.0;270.0;270.0;270.0
270.5;2.0041;2.0000;-7.0604;-7.9107;103;302;0.0049;121.2595;-90.1756;-88.0388;174.8707;270.0;270.0;270.0;270.0
271.0;2.0009;2.0000;-6.7582;-7.4258;103;306;0.0733;121.2977;-91.1374;-88.2365;175.6703;270.0;270.0;270.0;270.0
271.5;1.9982;2.0000;-6.1937;-6.9560;110;302;0.0538;121.3206;-92.0992;-88.4123;176.4699;270.0;270.0;270.0;270.0
272.0;1.9959;2.0000;-5.8352;-6.5000;112;304;0.1222;121.3511;-93.1069;-88.5661;178.0691;270.0;270.0;270.0;270.0
272.5;1.9950;2.0000;-5.2706;-6.0604;120;298;0.0929;121.3740;-94.1145;-88.7200;178.8687;270.0;270.0;270.0;270.0
273.0;1.9940;2.0000;-5.0522;-5.6360;118;300;0.0929;121.3969;-95.1145;-88.8738;179.6683;270.0;270.0;270.0;270.0
273.5;1.9922;2.0000;-4.3832;-5.2253;130;292;-0.0147;121.4122;-96.0840;-88.9836;180.4679;270.0;270.0;270.0;270.0
274.0;1.9899;2.0000;-3.9093;-4.8310;138;286;0.0538;121.4275;-97.0076;-89.1155;182.0671;270.0;270.0;270.0;270.0
274.5;1.9872;2.0000;-3.5893;-4.4505;140;286;0.0440;121.4427;-97.9313;-89.2034;182.8667;270.0;270.0;270.0;270.0
275.0;1.9844;2.0000;-3.1552;-4.0852;148;283;0.1026;121.4580;-98.8931;-89.2913;183.6664;270.0;270.0;270.0;270.0
275.5;1.9817;2.0000;-2.9354;-3.7363;150;284;0.1026;121.4657;-99.8550;-89.3792;184.4660;270.0;270.0;270.0;270.0
276.0;1.9794;2.0000;-2.3819;-3.4011;161;277;0.0049;121.4733;-100.8626;-89.4451;185.2656;270.0;270.0;270.0;270.0
276.5;1.9780;2.0000;-2.1717;-3.0810;163;277;-0.0147;121.4885;-101.8702;-89.5110;186.8648;270.0;270.0;270.0;270.0
277.0;1.9780;2.0000;-1.7088;-2.7761;171;269;0.0538;121.4962;-102.9084;-89.5550;187.6644;270.0;270.0;270.0;270.0
277.5;1.9771;2.0000;-1.6511;-2.4863;169;271;-0.0244;121.5038;-103.9160;-89.6209;188.4640;270.0;270.0;270.0;270.0
278.0;1.9753;2.0000;-1.2596;-2.2102;179;265;-0.0440;121.5115;-104.8397;-89.6429;189.2636;270.0;270.0;270.0;270.0
278.5;1.9744;2.0000;-1.1868;-1.9505;179;265;-0.1222;121.5115;-105.8855;-89.6868;190.8629;270.0;270.0;270.0;270.0
279.0;1.9744;2.0000;-0.7912;-1.7060;187;259;-0.0538;121.5191;-106.8931;-89.7088;191.6625;270.0;270.0;270.0;270.0
279.5;1.9739;2.0000;-0.4162;-1.4753;196;251;-0.0733;121.5267;-107.8931;-89.7088;192.4621;270.0;270.0;270.0;270.0
280.0;1.9739;2.0000;-0.3695;-1.2610;195;251;0.0929;121.5267;-108.9008;-89.7308;193.2617;270.0;270.0;270.0;270.0
280.5;1.9734;2.0000;-0.1744;-1.0604;200;247;-0.0831;121.5344;-109.9084;-89.7308;194.8609;270.0;270.0;270.0;270.0
281.0;1.9744;2.0000;-0.0275;-0.8750;204;243;-0.1613;121.5420;-110.9466;-89.7308;195.6605;270.0;270.0;270.0;270.0
281.5;1.9757;2.0000;0.2047;-0.7060;210;238;-0.0929;121.5420;-111.9542;-89.7308;196.4601;270.0;270.0;270.0;270.0
282.0;1.9766;2.0000;0.1085;-0.5508;206;239;-0.0929;121.5496;-112.9618;-89.7308;198.0593;270.0;270.0;270.0;270.0
282.5;1.9780;2.0000;0.3310;-0.4107;212;232;-0.0147;121.5573;-114.0076;-89.7088;198.8589;270.0;270.0;270.0;270.0
283.0;1.9785;2.0000;0.0852;-0.2857;208;236;-0.0929;121.5649;-115.0916;-89.7088;199.6586;270.0;270.0;270.0;270.0
283.5;1.9789;2.0000;0.1223;-0.1758;210;234;-0.0049;121.5649;-116.0534;-89.7088;200.4582;270.0;270.0;270.0;270.0
284.0;1.9794;2.0000;0.3695;-0.0810;220;226;-0.0147;121.5725;-117.0992;-89.6868;202.0574;270.0;270.0;270.0;270.0
284.5;1.9799;2.0000;0.4629;0.0000;204;238;-0.1026;121.5802;-118.1069;-89.6868;202.8570;270.0;270.0;270.0;270.0
285.0;1.9812;2.0000;0.5838;0.0000;234;208;-0.1026;121.5878;-119.1908;-89.6648;203.6566;270.0;270.0;270.0;270.0
285.5;1.9831;2.0000;0.4588;0.0000;230;210;-0.1026;121.5878;-120.1908;-89.6429;205.2558;270.0;270.0;270.0;270.0
286.0;1.9835;2.0000;0.5220;0.0000;230;208;-0.1026;121.5954;-121.1985;-89.6429;206.0554;270.0;270.0;270.0;270.0
286.5;1.9840;2.0000;0.3420;0.0000;226;214;-0.0929;121.6031;-122.2061;-89.6209;206.8550;270.0;270.0;270.0;270.0
287.0;1.9844;2.0000;0.5316;0.0000;230;208;-0.0244;121.6107;-123.1679;-89.6209;207.6547;270.0;270.0;270.0;270.0
287.5;1.9835;2.0000;0.3049;0.0000;224;214;-0.0831;1.0000;0.0000;-0.0109;0.5557;270.0;270.0;270.0;270.0
288.0;1.9831;2.0000;0.3489;0.0000;224;214;-0.0147;1.9618;0.0000;-0.0109;1.3553;270.0;270.0;270.0;270.0
288.5;1.9826;2.0000;0.1511;0.0000;220;220;-0.0147;3.0076;0.0000;0.0111;2.9546;270.0;270.0;270.0;270.0
289.0;1.9821;2.0000;-0.0288;0.0000;216;224;-0.0831;4.0153;0.0000;0.0111;3.7542;270.0;270.0;270.0;270.0
289.5;1.9803;2.0000;0.0728;0.0000;220;222;-0.0049;5.0611;0.0000;0.0111;4.5538;270.0;270.0;270.0;270.0
290.0;1.9794;2.0000;0.0687;0.0000;220;224;-0.0049;6.0229;0.0000;0.0111;5.3534;270.0;270.0;270.0;270.0
290.5;1.9780;2.0000;0.0137;0.0000;218;226;-0.0049;6.9924;0.0000;0.0111;6.9526;270.0;270.0;270.0;270.0
291.0;1.9766;2.0000;-0.2157;0.0000;214;234;0.0831;7.9924;0.0000;0.0111;7.7522;270.0;270.0;270.0;270.0
291.5;1.9757;2.0000;-0.1195;0.0000;216;232;-0.0049;8.9618;0.0000;-0.0109;8.5518;270.0;270.0;270.0;270.0
292.0;1.9744;2.0000;-0.3681;0.0000;210;239;0.0049;10.0000;0.0000;-0.0109;9.3514;270.0;270.0;270.0;270.0
292.5;1.9739;2.0000;-0.2431;0.0000;214;236;0.0049;10.9695;0.0000;-0.0109;10.9506;270.0;270.0;270.0;270.0
293.0;1.9739;2.0000;-0.2967;0.0000;212;238;0.0831;11.9695;0.0000;-0.0328;11.7503;270.0;270.0;270.0;270.0
293.5;1.9739;2.0000;-0.4313;0.0000;210;241;-0.0733;12.9771;0.0000;-0.0328;12.5499;270.0;270.0;270.0;270.0
294.0;1.9739;2.0000;-0.5234;0.0000;206;245;0.0929;13.9847;0.0000;-0.0548;13.3495;270.0;270.0;270.0;270.0
294.5;1.9739;2.0000;-0.4011;0.0000;210;241;0.0049;14.9466;-0.0076;-0.0768;14.9487;270.0;270.0;270.0;270.0
295.0;1.9725;2.0000;-0.2679;0.0000;214;239;0.0831;15.8702;-0.0076;-0.0768;15.7483;270.0;270.0;270.0;270.0
295.5;1.9712;2.0000;-0.2555;0.0000;214;239;0.0049;16.8397;-0.0076;-0.0768;16.5479;270.0;270.0;270.0;270.0
296.0;1.9702;2.0000;-0.1209;0.0000;220;236;-0.0049;17.8015;-0.0076;-0.0768;17.3475;270.0;270.0;270.0;270.0
296.5;1.9698;2.0000;-0.3448;0.0000;214;243;-0.0733;18.8855;-0.0076;-0.0988;18.1471;270.0;270.0;270.0;270.0
297.0;1.9693;2.0000;-0.2033;0.0000;218;239;0.0831;19.8092;-0.0076;-0.0988;19.7464;270.0;270.0;270.0;270.0
297.5;1.9689;1.9995;-0.3407;0.0000;212;241;0.0831;20.8168;-0.0153;-0.1207;20.5460;270.0;270.0;270.0;270.0
298.0;1.9689;1.9991;-0.3269;0.0000;210;241;0.0831;21.8168;-0.0153;-0.1207;21.3456;270.0;270.0;270.0;270.0
298.5;1.9693;1.9986;-0.4203;0.0000;204;241;0.1711;22.8626;-0.0153;-0.1427;22.1452;270.0;270.0;270.0;270.0
299.0;1.9702;1.9982;-0.3929;0.0000;202;239;0.0929;23.8702;-0.0153;-0.1427;23.7444;270.0;270.0;270.0;270.0
299.5;1.9712;1.9973;-0.4066;0.0000;198;236;0.0929;24.8702;-0.0229;-0.1647;24.5440;270.0;270.0;270.0;270.0
300.0;1.9716;1.9963;-0.2734;0.0000;198;230;0.0049;25.9160;-0.0229;-0.1647;25.3436;270.0;270.0;270.0;270.0
300.5;1.9716;1.9954;-0.0275;0.0000;202;220;-0.0049;26.8855;-0.0229;-0.1647;26.1432;270.0;270.0;270.0;270.0
301.0;1.9716;1.9940;-0.0989;0.0000;198;218;-0.0049;27.9313;-0.0305;-0.1647;27.7425;270.0;270.0;270.0;270.0
301.5;1.9716;1.9927;0.1126;0.0000;200;208;-0.0049;28.8931;-0.0305;-0.1647;28.5421;270.0;270.0;270.0;270.0
302.0;1.9721;1.9913;0.0343;0.0000;195;210;0.0733;29.9771;-0.0382;-0.1647;29.3417;270.0;270.0;270.0;270.0
302.5;1.9716;1.9895;0.1305;0.0000;193;202;0.0733;30.9847;-0.0382;-0.1647;30.9409;270.0;270.0;270.0;270.0
303.0;1.9712;1.9876;0.1703;0.0000;193;200;0.0733;31.9847;-0.0382;-0.1647;31.7405;270.0;270.0;270.0;270.0
303.5;1.9716;1.9853;0.2830;0.0000;191;193;0.0635;33.0763;-0.0458;-0.1427;32.5401;270.0;270.0;270.0;270.0
304.0;1.9721;1.9835;0.1168;0.0000;183;195;0.0733;34.0763;-0.0458;-0.1427;33.3397;270.0;270.0;270.0;270.0
304.5;1.9734;1.9812;0.1113;0.0000;179;191;0.0733;35.1603;-0.0458;-0.1427;34.9389;270.0;270.0;270.0;270.0
305.0;1.9744;1.9785;0.0646;0.0000;173;187;0.0733;36.1679;-0.0458;-0.1427;35.7386;270.0;270.0;270.0;270.0
305.5;1.9744;1.9757;0.0975;0.0000;169;183;0.0733;37.1756;-0.0534;-0.1427;36.5382;270.0;270.0;270.0;270.0
306.0;1.9739;1.9730;0.3805;0.0000;175;171;-0.1026;38.1756;-0.0534;-0.1207;38.1374;270.0;270.0;270.0;270.0
306.5;1.9725;1.9702;0.3310;0.0000;167;167;-0.0147;39.1450;-0.0534;-0.1207;38.9370;270.0;270.0;270.0;270.0
307.0;1.9698;1.9670;0.4354;0.0000;167;161;-0.0244;40.1069;-0.0534;-0.0988;39.7366;270.0;270.0;270.0;270.0
307.5;1.9679;1.9638;0.2981;0.0000;161;163;-0.0147;41.1527;-0.0611;-0.0988;40.5362;270.0;270.0;270.0;270.0
308.0;1.9657;1.9602;0.3214;0.0000;159;157;0.0635;42.1527;-0.0611;-0.0768;42.1354;270.0;270.0;270.0;270.0
308.5;1.9634;1.9565;0.3214;0.0000;155;155;-0.0147;43.1221;-0.0611;-0.0768;42.9350;270.0;270.0;270.0;270.0
309.0;1.9606;1.9528;0.4190;0.0000;155;150;0.0635;44.1221;-0.0611;-0.0548;43.7346;270.0;270.0;270.0;270.0
309.5;1.9574;1.9492;0.3613;0.0000;150;148;-0.0147;45.0916;-0.0611;-0.0548;44.5343;270.0;270.0;270.0;270.0
310.0;1.9547;1.9451;0.2212;0.0000;144;148;-0.0147;46.1374;-0.0611;-0.0548;46.1335;270.0;270.0;270.0;270.0
310.5;1.9515;1.9409;0.3558;0.0000;146;142;0.0635;47.1374;-0.0611;-0.0328;46.9331;270.0;270.0;270.0;270.0
311.0;1.9478;1.9364;0.2006;0.0000;138;142;-0.0147;48.1069;-0.0611;-0.0328;47.7327;270.0;270.0;270.0;270.0
311.5;1.9437;1.9318;0.2679;0.0000;138;138;-0.0147;49.0687;-0.0687;-0.0328;48.5323;270.0;270.0;270.0;270.0
312.0;1.9400;1.9272;0.2006;0.0000;132;136;-0.0147;50.0305;-0.0687;-0.0109;49.3319;270.0;270.0;270.0;270.0
312.5;1.9354;1.9222;0.3242;0.0000;132;128;0.0635;51.0382;-0.0687;-0.0109;50.9311;270.0;270.0;270.0;270.0
313.0;1.9313;1.9171;0.1593;0.0000;124;132;-0.0147;52.0000;-0.0687;-0.0109;51.7307;270.0;270.0;270.0;270.0
313.5;1.9272;1.9121;0.2569;0.0000;124;124;0.0635;53.0076;-0.0687;0.0111;52.5304;270.0;270.0;270.0;270.0
314.0;1.9226;1.9066;0.3901;0.0000;124;118;0.0635;53.9313;-0.0611;0.0111;53.3300;270.0;270.0;270.0;270.0
314.5;1.9171;1.9016;0.4849;0.0000;124;112;-0.0244;54.8931;-0.0611;0.0331;54.1296;270.0;270.0;270.0;270.0
315.0;1.9112;1.8956;0.6497;0.0000;124;107;-0.1124;55.8168;-0.0611;0.0551;55.7288;270.0;270.0;270.0;270.0
315.5;1.9048;1.8901;0.6003;0.0000;122;105;0.0538;56.7481;-0.0611;0.0551;56.5284;270.0;270.0;270.0;270.0
316.0;1.8974;1.8842;0.7459;0.0000;122;99;-0.0342;57.6260;-0.0611;0.0770;57.3280;270.0;270.0;270.0;270.0
316.5;1.8901;1.8777;0.6648;0.0000;118;99;-0.0244;58.5954;-0.0611;0.0990;58.1276;270.0;270.0;270.0;270.0
317.0;1.8828;1.8718;0.8063;0.0000;120;95;-0.0342;59.5573;-0.0534;0.1210;58.9272;270.0;270.0;270.0;270.0
317.5;1.8755;1.8654;0.7349;0.0000;116;93;-0.0342;60.4427;-0.0534;0.1430;59.7268;270.0;270.0;270.0;270.0
318.0;1.8695;1.8585;0.7088;0.0000;114;91;-0.0342;61.4046;-0.0534;0.1649;61.3261;270.0;270.0;270.0;270.0
318.5;1.8636;1.8521;0.6484;0.0000;110;91;-0.0244;62.3740;-0.0458;0.1869;62.1257;270.0;270.0;270.0;270.0
319.0;1.8576;1.8452;0.5330;0.0000;105;89;-0.1026;63.2977;-0.0458;0.2089;62.9253;270.0;270.0;270.0;270.0
319.5;1.8512;1.8379;0.5701;0.0000;103;85;-0.1906;64.2595;-0.0382;0.2308;63.7249;270.0;270.0;270.0;270.0
320.0;1.8443;1.8310;0.3654;0.0000;95;87;-0.0147;65.1450;-0.0382;0.2308;64.5245;270.0;270.0;270.0;270.0
320.5;1.8375;1.8237;0.3750;0.0000;93;83;-0.1026;66.0687;-0.0305;0.2308;65.3241;270.0;270.0;270.0;270.0
321.0;1.8306;1.8159;0.3393;0.0000;89;81;-0.0929;66.9924;-0.0305;0.2528;66.9233;270.0;270.0;270.0;270.0
321.5;1.8237;1.8082;0.4423;0.0000;89;75;-0.1026;67.9160;-0.0229;0.2748;67.7229;270.0;270.0;270.0;270.0
322.0;1.8164;1.8004;0.3242;0.0000;83;73;-0.0929;68.7634;-0.0229;0.2748;68.5226;270.0;270.0;270.0;270.0
322.5;1.8095;1.7926;0.5096;0.0000;85;67;-0.0244;69.7252;-0.0153;0.2968;69.3222;270.0;270.0;270.0;270.0
323.0;1.8017;1.7843;0.4423;0.0000;79;65;-0.1026;70.5725;-0.0153;0.2968;70.1218;270.0;270.0;270.0;270.0
323.5;1.7930;1.7761;0.3448;0.0000;75;64;-0.0929;71.4122;-0.0076;0.3187;70.9214;270.0;270.0;270.0;270.0
324.0;1.7848;1.7679;0.3256;0.0000;73;62;-0.0929;72.3359;0.0000;0.3187;71.7210;270.0;270.0;270.0;270.0
324.5;1.7766;1.7592;0.2321;0.0000;67;62;-0.0147;73.2214;0.0000;0.3187;72.5206;270.0;270.0;270.0;270.0
325.0;1.7669;1.7505;0.2294;0.0000;65;58;-0.0929;74.0687;0.0076;0.3407;73.3202;270.0;270.0;270.0;270.0
325.5;1.7569;1.7413;0.0618;0.0000;58;60;-0.0049;74.8702;0.0153;0.3407;74.1198;270.0;270.0;270.0;270.0
326.0;1.7473;1.7326;0.1140;0.0000;58;56;-0.0049;75.7557;0.0153;0.3407;75.7190;270.0;270.0;270.0;270.0
326.5;1.7376;1.7230;-0.0591;0.0000;52;58;-0.0831;76.5954;0.0229;0.3407;76.5187;270.0;270.0;270.0;270.0
327.0;1.7285;1.7138;0.0879;0.0000;52;52;-0.0929;77.5267;0.0305;0.3407;77.3183;270.0;270.0;270.0;270.0
327.5;1.7179;1.7042;0.1332;0.0000;50;48;-0.0049;78.3282;0.0305;0.3407;78.1179;270.0;270.0;270.0;270.0
328.0;1.7074;1.6946;0.2912;0.0000;52;40;-0.0929;79.1679;0.0382;0.3407;78.9175;270.0;270.0;270.0;270.0
328.5;1.6969;1.6850;0.4245;0.0000;54;36;-0.0244;79.9771;0.0458;0.3627;79.7171;270.0;270.0;270.0;270.0
329.0;1.6864;1.6749;0.3984;0.0000;50;34;-0.1026;80.8168;0.0534;0.3847;80.5167;270.0;270.0;270.0;270.0
329.5;1.6749;1.6648;0.5728;0.0000;52;28;-0.0244;81.6260;0.0534;0.3847;81.3163;270.0;270.0;270.0;270.0
330.0;1.6635;1.6543;0.5962;0.0000;50;24;-0.1026;82.3893;0.0611;0.4066;82.1159;270.0;270.0;270.0;270.0
330.5;1.6511;1.6438;0.6415;0.0000;50;21;-0.0244;83.1908;0.0687;0.4286;82.9155;270.0;270.0;270.0;270.0
331.0;1.6383;1.6332;0.3901;0.0000;40;26;-0.0147;83.9160;0.0763;0.4286;83.7151;270.0;270.0;270.0;270.0
331.5;1.6245;1.6223;0.4670;0.0000;40;22;-0.0244;84.6336;0.0763;0.4506;84.5147;270.0;270.0;270.0;270.0
332.0;1.6099;1.6113;0.1566;0.0000;32;28;-0.0147;85.3588;0.0840;0.4506;85.3144;270.0;270.0;270.0;270.0
332.5;1.5957;1.6003;0.1058;0.0000;28;28;-0.0049;86.0840;0.0916;0.4506;85.3144;270.0;270.0;270.0;270.0
333.0;1.5810;1.5893;0.1442;0.0000;28;26;-0.0147;86.8092;0.0992;0.4726;86.1140;270.0;270.0;270.0;270.0
333.5;1.5668;1.5778;0.1525;0.0000;28;26;-0.0147;87.5267;0.0992;0.4726;86.9136;270.0;270.0;270.0;270.0
334.0;1.5536;1.5664;0.0563;0.0000;24;26;0.0733;88.2901;0.1069;0.4726;87.7132;270.0;270.0;270.0;270.0
334.5;1.5385;1.5545;-0.0041;0.0000;21;26;-0.0049;89.0153;0.1145;0.4726;88.5128;270.0;270.0;270.0;270.0
335.0;1.5238;1.5426;0.0302;0.0000;21;24;-0.0049;89.7405;0.1221;0.4726;89.3124;270.0;270.0;270.0;270.0
335.5;1.5110;1.5307;-0.1332;0.0000;17;26;-0.0831;90.5038;0.1298;0.4726;90.1120;270.0;270.0;270.0;270.0
336.0;1.4973;1.5183;-0.0082;0.0000;17;22;-0.0049;91.2290;0.1298;0.4726;90.9116;270.0;270.0;270.0;270.0
336.5;1.4826;1.5060;-0.3228;0.0000;7;28;0.0049;91.8702;0.1374;0.4506;91.7112;270.0;270.0;270.0;270.0
337.0;1.4675;1.4936;-0.2940;0.0000;7;26;0.0049;92.5954;0.1450;0.4506;92.5108;270.0;270.0;270.0;270.0
337.5;1.4519;1.4812;-0.3585;0.0000;9;28;-0.1515;93.2366;0.1527;0.4286;92.5108;270.0;270.0;270.0;270.0
338.0;1.4373;1.4689;-0.2019;0.0000;15;28;-0.0831;93.9237;0.1527;0.4286;93.3105;270.0;270.0;270.0;270.0
338.5;1.4212;1.4570;0.0165;0.0000;22;24;-0.0831;94.5267;0.1603;0.4286;94.1101;270.0;270.0;270.0;270.0
339.0;1.4052;1.4451;0.3228;0.0000;34;21;-0.0929;95.1221;0.1679;0.4506;94.9097;270.0;270.0;270.0;270.0
339.5;1.3897;1.4332;0.4396;0.0000;40;21;-0.1026;95.8092;0.1679;0.4506;95.7093;270.0;270.0;270.0;270.0
340.0;1.3736;1.4217;0.4821;0.0000;46;22;-0.1026;96.4122;0.1756;0.4726;95.7093;270.0;270.0;270.0;270.0
340.5;1.3599;1.4103;0.4492;0.0000;48;28;0.0635;97.0916;0.1832;0.4726;96.5089;270.0;270.0;270.0;270.0
341.0;1.3466;1.3993;0.1772;0.0000;44;38;0.0733;97.7786;0.1832;0.4945;97.3085;270.0;270.0;270.0;270.0
341.5;1.3347;1.3883;-0.0316;0.0000;40;46;0.0733;98.4580;0.1908;0.4945;98.1081;270.0;270.0;270.0;270.0
342.0;1.3233;1.3773;-0.4080;0.0000;32;58;0.0929;99.1450;0.1985;0.4726;98.9077;270.0;270.0;270.0;270.0
342.5;1.3132;1.3663;-0.5646;0.0000;28;64;0.0929;99.8244;0.2061;0.4506;99.7073;270.0;270.0;270.0;270.0
343.0;1.3017;1.3558;-0.7363;0.0000;26;69;0.1026;100.4275;0.2061;0.4286;99.7073;270.0;270.0;270.0;270.0
343.5;1.2894;1.3452;-0.4505;0.0000;34;64;0.0147;100.9924;0.2137;0.4286;100.5069;270.0;270.0;270.0;270.0
344.0;1.2775;1.3347;-0.2981;0.0000;40;62;0.0049;101.6336;0.2214;0.4066;101.3066;270.0;270.0;270.0;270.0
344.5;1.2660;1.3246;-0.1511;0.0000;46;62;0.0831;102.2366;0.2214;0.4066;102.1062;270.0;270.0;270.0;270.0
345.0;1.2555;1.3146;0.0096;0.0000;52;60;-0.0049;102.8855;0.2290;0.4066;102.1062;270.0;270.0;270.0;270.0
345.5;1.2463;1.3049;-0.0440;0.0000;52;62;0.0733;103.5649;0.2290;0.4066;102.9058;270.0;270.0;270.0;270.0
346.0;1.2363;1.2953;0.2376;0.0000;60;58;0.0635;104.1679;0.2366;0.4066;103.7054;270.0;270.0;270.0;270.0
346.5;1.2266;1.2857;0.2692;0.0000;62;58;0.0635;104.7710;0.2443;0.4286;104.5050;270.0;270.0;270.0;270.0
347.0;1.2166;1.2766;0.5069;0.0000;69;54;-0.1026;105.3740;0.2443;0.4286;105.3046;270.0;270.0;270.0;270.0
347.5;1.2074;1.2669;0.4107;0.0000;67;58;0.1417;106.0153;0.2519;0.4506;105.3046;270.0;270.0;270.0;270.0
348.0;1.1978;1.2582;0.4341;0.0000;69;60;-0.0244;106.5802;0.2519;0.4726;106.1042;270.0;270.0;270.0;270.0
348.5;1.1886;1.2491;0.2692;0.0000;67;65;-0.0147;107.2214;0.2595;0.4726;106.9038;270.0;270.0;270.0;270.0
349.0;1.1799;1.2404;0.3832;0.0000;71;64;-0.0147;107.7863;0.2672;0.4726;107.7034;270.0;270.0;270.0;270.0
349.5;1.1717;1.2317;0.3544;0.0000;73;65;0.1417;108.4275;0.2748;0.4945;107.7034;270.0;270.0;270.0;270.0
350.0;1.1630;1.2234;0.1607;0.0000;69;71;-0.0929;109.0305;0.2748;0.4945;108.5030;270.0;270.0;270.0;270.0
350.5;1.1538;1.2152;0.1731;0.0000;71;73;-0.0147;109.5954;0.2824;0.4945;109.3027;270.0;270.0;270.0;270.0
351.0;1.1451;1.2070;0.1195;0.0000;71;75;-0.0049;110.1603;0.2901;0.4945;110.1023;270.0;270.0;270.0;270.0
351.5;1.1369;1.1992;0.2225;0.0000;77;75;-0.0147;110.7176;0.2901;0.5165;110.1023;270.0;270.0;270.0;270.0
352.0;1.1291;1.1914;0.2129;0.0000;77;77;0.0635;111.3206;0.2977;0.5165;110.9019;270.0;270.0;270.0;270.0
352.5;1.1218;1.1836;0.3777;0.0000;83;73;-0.0147;111.8855;0.3053;0.5385;111.7015;270.0;270.0;270.0;270.0
353.0;1.1145;1.1758;0.2418;0.0000;81;79;-0.0147;112.4504;0.3053;0.5385;111.7015;270.0;270.0;270.0;270.0
353.5;1.1076;1.1685;0.3173;0.0000;85;77;-0.0147;113.0076;0.3130;0.5385;112.5011;270.0;270.0;270.0;270.0
354.0;1.0998;1.1616;0.4011;0.0000;89;77;-0.0147;113.5725;0.3206;0.5605;113.3007;270.0;270.0;270.0;270.0
354.5;1.0925;1.1543;0.3420;0.0000;91;79;-0.0147;114.1374;0.3282;0.5605;114.1003;270.0;270.0;270.0;270.0
355.0;1.0861;1.1474;0.4313;0.0000;95;79;-0.0244;114.6947;0.3282;0.5824;114.1003;270.0;270.0;270.0;270.0
355.5;1.0792;1.1410;0.2019;0.0000;89;87;0.0635;115.2214;0.3359;0.5824;114.8999;270.0;270.0;270.0;270.0
356.0;1.0723;1.1342;0.2308;0.0000;91;89;0.0635;115.7405;0.3435;0.5824;115.6995;270.0;270.0;270.0;270.0
356.5;1.0664;1.1277;0.1470;0.0000;91;93;0.0733;116.3435;0.3511;0.6044;115.6995;270.0;270.0;270.0;270.0
357.0;1.0609;1.1218;0.2637;0.0000;95;91;-0.0147;116.9084;0.3511;0.6044;116.4991;270.0;270.0;270.0;270.0
357.5;1.0549;1.1154;0.2280;0.0000;95;93;0.0635;117.4275;0.3588;0.6044;117.2988;270.0;270.0;270.0;270.0
358.0;1.0490;1.1094;0.3626;0.0000;99;93;0.0635;117.9542;0.3664;0.6264;117.2988;270.0;270.0;270.0;270.0
358.5;1.0421;1.1039;0.2981;0.0000;101;95;-0.0147;118.5191;0.3740;0.6264;118.0984;270.0;270.0;270.0;270.0
359.0;1.0362;1.0980;0.2198;0.0000;101;99;-0.0147;119.0763;0.3740;0.6264;118.8980;270.0;270.0;270.0;270.0
359.5;1.0302;1.0929;0.3681;0.0000;105;97;0.0635;119.6031;0.3817;0.6484;118.8980;270.0;270.0;270.0;270.0
360.0;1.0247;1.0875;0.3242;0.0000;107;101;0.0635;120.1221;0.3893;0.6484;119.6976;270.0;270.0;270.0;270.0
360.5;1.0188;1.0824;0.3146;0.0000;109;103;-0.0147;120.6031;0.3969;0.6703;120.4972;270.0;270.0;270.0;270.0
361.0;1.0142;1.0774;0.2651;0.0000;109;105;-0.0147;121.1679;0.4046;0.6703;120.4972;270.0;270.0;270.0;270.0
361.5;1.0101;1.0723;0.2321;0.0000;109;107;0.0635;121.6870;0.4046;0.6703;121.2968;270.0;270.0;270.0;270.0
362.0;1.0069;1.0678;0.1277;0.0000;109;112;-0.0049;122.2519;0.4122;0.6703;122.0964;270.0;270.0;270.0;270.0
362.5;1.0041;1.0632;0.3283;0.0000;114;107;-0.0147;122.8168;0.4198;0.6923;122.0964;270.0;270.0;270.0;270.0
363.0;1.0009;1.0586;0.2747;0.0000;114;109;-0.0147;123.2977;0.4275;0.6923;122.8960;270.0;270.0;270.0;270.0
363.5;0.9973;1.0545;0.1937;0.0000;114;112;-0.0929;123.8168;0.4351;0.7143;123.6956;270.0;270.0;270.0;270.0
364.0;0.9936;1.0504;0.1964;0.0000;116;112;0.0733;124.3435;0.4427;0.7143;123.6956;270.0;270.0;270.0;270.0
364.5;0.9913;1.0467;0.0975;0.0000;114;116;-0.0049;124.9084;0.4504;0.7143;124.4952;270.0;270.0;270.0;270.0
365.0;0.9881;1.0430;0.1731;0.0000;118;116;-0.0147;125.3893;0.4504;0.7143;125.2948;270.0;270.0;270.0;270.0
365.5;0.9858;1.0394;0.1593;0.0000;118;116;-0.0147;125.9466;0.4580;0.7143;125.2948;270.0;270.0;270.0;270.0
366.0;0.9840;1.0357;0.2266;0.0000;122;116;0.0635;126.4733;0.4656;0.7363;126.0945;270.0;270.0;270.0;270.0
366.5;0.9826;1.0325;0.1346;0.0000;120;120;-0.0049;127.0382;0.4733;0.7363;126.8941;270.0;270.0;270.0;270.0
367.0;0.9808;1.0293;0.2514;0.0000;124;118;-0.0147;127.5191;0.4809;0.7363;126.8941;270.0;270.0;270.0;270.0
367.5;0.9785;1.0266;0.2060;0.0000;124;120;-0.0147;128.0000;0.4886;0.7363;127.6937;270.0;270.0;270.0;270.0
368.0;0.9762;1.0238;0.2486;0.0000;126;120;-0.0147;128.4809;0.4962;0.7582;127.6937;270.0;270.0;270.0;270.0
368.5;0.9739;1.0211;0.3022;0.0000;128;120;0.0635;129.0076;0.5038;0.7582;128.4933;270.0;270.0;270.0;270.0
369.0;0.9725;1.0183;0.1277;0.0000;128;126;-0.0049;129.5649;0.5115;0.7582;129.2929;270.0;270.0;270.0;270.0
369.5;0.9707;1.0160;0.1195;0.0000;128;128;-0.0049;130.0458;0.5115;0.7582;129.2929;270.0;270.0;270.0;270.0
370.0;0.9689;1.0142;0.1236;0.0000;130;128;-0.0049;130.5343;0.5191;0.7802;130.0925;270.0;270.0;270.0;270.0
370.5;0.9675;1.0119;0.1813;0.0000;134;130;0.0733;131.0534;0.5267;0.7802;130.8921;270.0;270.0;270.0;270.0