general_params = {
fan_speed = 600.000000,
angular_kp = 0.090000,
angular_ki = 0.000500,
angular_kd = 0.050000,
angular_acc_feed_forward_k = 0.000600,
angular_brake_feed_forward_k = 0.000600,
angular_vel_feed_forward_k = 0.005600,
linear_vel_acc_feed_forward_k = 0.033000,
linear_vel_brake_feed_forward_k = 0.025000,
linear_vel_feed_forward_k = 0.141000,
wall_kp = 0.025000,
wall_ki = 0.000000,
wall_kd = 0.000000,
linear_vel_kp = 2.500000,
linear_vel_ki = 0.010000,
linear_vel_kd = 0.000000,
diagonal_walls_kp = 0.001000,
diagonal_walls_ki = 0.000000,
diagonal_walls_kd = 0.004000,
start_wall_break_mm_left = 56.000000,
start_wall_break_mm_right = 64.000000,
enable_wall_break_correction = 1.000000,
max_linear_acc_jerk = 625.000000,
max_linear_brake_jerk = 625.000000,
wheel_radius_mm = 13.100000,
coulomb_ff = 0.180000,
angular_coulomb_ff = 0.070000,
angular_static_ff = 0.250000,
angular_coulomb_ff_inplace = 0.000000,
angular_static_ff_inplace = 0.000000,
};
t;Vel;TgtVel;AngVel;TgtAngVel;PWM_L;PWM_R;ImuDiff;PosX;PosY;Angle;Dist;SensL;SensFL;SensFR;SensR
0.0;0.0000;0.0000;-0.1264;0.0000;-3;3;0.0733;-0.2061;0.0000;-0.0109;-0.2439;270.0;270.0;270.0;270.0
0.5;0.0000;0.0005;-0.0893;0.0000;-3;1;-0.0049;-0.2061;0.0000;-0.0109;-0.2439;270.0;270.0;270.0;270.0
1.0;0.0000;0.0009;0.0659;0.0000;1;-3;-0.0049;-0.2061;0.0000;-0.0109;-0.2439;270.0;270.0;270.0;270.0
1.5;0.0000;0.0014;0.1745;0.0000;60;50;-0.0049;-0.2061;0.0000;-0.0109;-0.2439;270.0;270.0;270.0;270.0
2.0;0.0000;0.0023;0.0893;0.0000;60;56;-0.0049;-0.2061;0.0000;-0.0109;-0.2439;270.0;270.0;270.0;270.0
2.5;0.0005;0.0032;0.0288;0.0000;62;60;-0.0049;-0.2061;0.0000;-0.0109;-0.2439;270.0;270.0;270.0;270.0
3.0;0.0009;0.0041;-0.0165;0.0000;64;64;-0.0049;-0.2061;0.0000;-0.0109;-0.2439;270.0;270.0;270.0;270.0
3.5;0.0014;0.0055;0.0357;0.0000;67;65;-0.0049;-0.2061;0.0000;-0.0109;-0.2439;270.0;270.0;270.0;270.0
4.0;0.0023;0.0069;-0.0563;0.0000;67;71;-0.0049;-0.2061;0.0000;-0.0109;-0.2439;270.0;270.0;270.0;270.0
4.5;0.0032;0.0082;-0.1195;0.0000;69;75;-0.0049;-0.2061;0.0000;-0.0109;-0.2439;270.0;270.0;270.0;270.0
5.0;0.0041;0.0101;-0.1168;0.0000;73;79;-0.0049;-0.2061;0.0000;-0.0109;-0.2439;270.0;270.0;270.0;270.0
5.5;0.0055;0.0119;-0.1140;0.0000;77;81;-0.0049;-0.2061;0.0000;-0.0109;-0.2439;270.0;270.0;270.0;270.0
6.0;0.0069;0.0142;0.0756;0.0000;85;81;-0.0049;-0.2061;0.0000;-0.0109;-0.2439;270.0;270.0;270.0;270.0
6.5;0.0082;0.0160;0.0453;0.0000;87;83;-0.0049;-0.2061;0.0000;-0.0109;-0.2439;270.0;270.0;270.0;270.0
7.0;0.0114;0.0183;-0.1071;0.0000;87;93;0.0733;-0.1679;0.0000;-0.0109;-0.2439;270.0;270.0;270.0;270.0
7.5;0.0142;0.0211;-0.2143;0.0000;85;99;-0.0049;-0.1679;0.0000;-0.0109;-0.2439;270.0;270.0;270.0;270.0
8.0;0.0169;0.0238;-0.1140;0.0000;91;99;-0.0049;-0.1679;0.0000;-0.0109;-0.2439;270.0;270.0;270.0;270.0
8.5;0.0192;0.0266;-0.0440;0.0000;97;99;-0.0049;-0.1679;0.0000;-0.0109;-0.2439;270.0;270.0;270.0;270.0
9.0;0.0215;0.0293;-0.0426;0.0000;99;103;-0.0049;-0.1679;0.0000;-0.0109;-0.2439;270.0;270.0;270.0;270.0
9.5;0.0256;0.0325;-0.0494;0.0000;101;107;0.0733;-0.1221;0.0000;-0.0109;-0.2439;270.0;270.0;270.0;270.0
10.0;0.0288;0.0357;-0.0536;0.0000;105;110;-0.0049;-0.1221;0.0000;-0.0109;-0.2439;270.0;270.0;270.0;270.0
10.5;0.0321;0.0394;0.0618;0.0000;109;109;-0.0049;-0.1221;0.0000;-0.0109;-0.2439;270.0;270.0;270.0;270.0
11.0;0.0348;0.0430;0.0522;0.0000;112;112;-0.0049;-0.1221;0.0000;-0.0109;-0.2439;270.0;270.0;270.0;270.0
11.5;0.0375;0.0467;0.0453;0.0000;116;116;-0.0049;-0.1221;0.0000;-0.0109;-0.2439;270.0;270.0;270.0;270.0
12.0;0.0398;0.0504;-0.0797;0.0000;116;122;-0.0049;-0.1221;0.0000;-0.0109;-0.2439;270.0;270.0;270.0;270.0
12.5;0.0426;0.0545;0.0041;0.0000;122;124;-0.0831;-0.0840;-0.0076;-0.0109;-0.2439;270.0;270.0;270.0;270.0
13.0;0.0449;0.0586;-0.0522;0.0000;126;130;-0.0049;-0.0840;-0.0076;-0.0109;-0.2439;270.0;270.0;270.0;270.0
13.5;0.0481;0.0632;-0.0508;0.0000;128;134;0.0733;-0.0458;-0.0076;-0.0109;-0.2439;270.0;270.0;270.0;270.0
14.0;0.0527;0.0678;-0.0357;0.0000;134;138;-0.0049;0.0382;-0.0076;-0.0109;-0.2439;270.0;270.0;270.0;270.0
14.5;0.0572;0.0723;0.0467;0.0000;140;138;-0.0831;0.0763;-0.0076;-0.0109;-0.2439;270.0;270.0;270.0;270.0
15.0;0.0627;0.0774;-0.1085;0.0000;140;146;-0.0049;0.1603;-0.0076;-0.0328;-0.2439;270.0;270.0;270.0;270.0
15.5;0.0687;0.0824;-0.1868;0.0000;140;152;0.0049;0.2366;-0.0076;-0.0328;-0.2439;270.0;270.0;270.0;270.0
16.0;0.0751;0.0875;-0.1593;0.0000;144;153;0.0049;0.3206;-0.0076;-0.0328;-0.2439;270.0;270.0;270.0;270.0
16.5;0.0815;0.0929;-0.3008;0.0000;144;159;0.0049;0.3969;-0.0076;-0.0328;-0.2439;270.0;270.0;270.0;270.0
17.0;0.0870;0.0980;-0.3104;0.0000;146;161;0.0049;0.3969;-0.0076;-0.0548;-0.2439;270.0;270.0;270.0;270.0
17.5;0.0929;0.1039;-0.4203;0.0000;148;169;0.0147;0.4809;-0.0076;-0.0548;-0.2439;270.0;270.0;270.0;270.0
18.0;0.0989;0.1094;-0.4766;0.0000;150;173;0.0147;0.5573;-0.0076;-0.0768;0.5557;270.0;270.0;270.0;270.0
18.5;0.1053;0.1154;-0.5714;0.0000;150;179;0.0147;0.6412;-0.0076;-0.0988;0.5557;270.0;270.0;270.0;270.0
19.0;0.1122;0.1218;-0.4244;0.0000;155;179;0.0147;0.7176;-0.0076;-0.0988;0.5557;270.0;270.0;270.0;270.0
19.5;0.1195;0.1277;-0.4354;0.0000;159;183;-0.0733;0.8397;-0.0076;-0.1207;0.5557;270.0;270.0;270.0;270.0
20.0;0.1268;0.1342;-0.4464;0.0000;161;185;0.0147;0.9237;-0.0076;-0.1207;0.5557;270.0;270.0;270.0;270.0
20.5;0.1337;0.1410;-0.3736;0.0000;167;185;0.0049;1.0000;-0.0076;-0.1427;0.5557;270.0;270.0;270.0;270.0
21.0;0.1415;0.1474;-0.4244;0.0000;169;191;-0.0733;1.1221;-0.0076;-0.1427;0.5557;270.0;270.0;270.0;270.0
21.5;0.1488;0.1543;-0.3173;0.0000;175;191;0.0049;1.1985;-0.0076;-0.1647;0.5557;270.0;270.0;270.0;270.0
22.0;0.1575;0.1616;-0.3091;0.0000;179;195;0.0049;1.3664;-0.0076;-0.1647;1.3553;270.0;270.0;270.0;270.0
22.5;0.1653;0.1685;-0.2431;0.0000;183;195;0.0049;1.4427;-0.0076;-0.1867;1.3553;270.0;270.0;270.0;270.0
23.0;0.1735;0.1758;-0.3654;0.0000;183;200;0.0929;1.5649;-0.0076;-0.1867;1.3553;270.0;270.0;270.0;270.0
23.5;0.1822;0.1836;-0.3393;0.0000;187;204;-0.0733;1.6870;-0.0076;-0.1867;1.3553;270.0;270.0;270.0;270.0
24.0;0.1909;0.1914;-0.3310;0.0000;191;206;0.0049;1.8473;-0.0076;-0.2086;1.3553;270.0;270.0;270.0;270.0
24.5;0.1992;0.1992;-0.3764;0.0000;191;210;0.0049;1.9237;-0.0076;-0.2086;1.3553;270.0;270.0;270.0;270.0
25.0;0.2074;0.2070;-0.2926;0.0000;198;212;-0.0733;2.0458;-0.0076;-0.2306;1.3553;270.0;270.0;270.0;270.0
25.5;0.2166;0.2152;-0.4258;0.0000;198;220;0.0147;2.2061;-0.0076;-0.2306;2.1549;270.0;270.0;270.0;270.0
26.0;0.2257;0.2234;-0.4148;0.0000;200;222;0.0147;2.3664;-0.0076;-0.2526;2.1549;270.0;270.0;270.0;270.0
26.5;0.2353;0.2317;-0.4025;0.0000;204;226;0.0049;2.5267;-0.0076;-0.2526;2.1549;270.0;270.0;270.0;270.0
27.0;0.2459;0.2404;-0.3516;0.0000;210;228;-0.0733;2.7328;-0.0076;-0.2746;2.1549;270.0;270.0;270.0;270.0
27.5;0.2564;0.2491;-0.4203;0.0000;210;232;0.0147;2.8931;-0.0153;-0.2746;2.1549;270.0;270.0;270.0;270.0
28.0;0.2665;0.2582;-0.3146;0.0000;216;232;0.0049;3.0534;-0.0153;-0.2965;2.9546;270.0;270.0;270.0;270.0
28.5;0.2766;0.2669;-0.3942;0.0000;216;238;0.0049;3.2137;-0.0153;-0.2965;2.9546;270.0;270.0;270.0;270.0
29.0;0.2880;0.2766;-0.4382;0.0000;218;241;0.0147;3.4504;-0.0153;-0.3185;2.9546;270.0;270.0;270.0;270.0
29.5;0.2990;0.2857;-0.3489;0.0000;224;241;0.0049;3.6107;-0.0153;-0.3185;2.9546;270.0;270.0;270.0;270.0
30.0;0.3104;0.2953;-0.3434;0.0000;226;245;0.0049;3.8550;-0.0153;-0.3405;3.7542;270.0;270.0;270.0;270.0
30.5;0.3219;0.3049;-0.3571;0.0000;228;247;-0.0733;4.0534;-0.0153;-0.3405;3.7542;270.0;270.0;270.0;270.0
31.0;0.3333;0.3146;-0.4505;0.0000;228;253;0.0929;4.2595;-0.0153;-0.3624;3.7542;270.0;270.0;270.0;270.0
31.5;0.3434;0.3246;-0.4176;0.0000;234;253;0.0049;4.4962;-0.0229;-0.3624;3.7542;270.0;270.0;270.0;270.0
32.0;0.3535;0.3347;-0.5247;0.0000;234;261;-0.0635;4.6947;-0.0229;-0.3844;4.5538;270.0;270.0;270.0;270.0
32.5;0.3645;0.3452;-0.4327;0.0000;241;263;0.0147;4.9389;-0.0229;-0.4064;4.5538;270.0;270.0;270.0;270.0
33.0;0.3764;0.3558;-0.4959;0.0000;241;269;0.0147;5.1832;-0.0229;-0.4064;4.5538;270.0;270.0;270.0;270.0
33.5;0.3883;0.3663;-0.5302;0.0000;245;273;0.0147;5.4198;-0.0305;-0.4284;5.3534;270.0;270.0;270.0;270.0
34.0;0.4002;0.3773;-0.5522;0.0000;247;277;0.0147;5.6641;-0.0305;-0.4503;5.3534;270.0;270.0;270.0;270.0
34.5;0.4125;0.3883;-0.5824;0.0000;249;281;0.0147;5.9008;-0.0305;-0.4503;5.3534;270.0;270.0;270.0;270.0
35.0;0.4245;0.3993;-0.5563;0.0000;253;284;0.0147;6.1450;-0.0305;-0.4723;5.3534;270.0;270.0;270.0;270.0
35.5;0.4373;0.4103;-0.5975;0.0000;257;288;-0.0635;6.4275;-0.0382;-0.4943;6.1530;270.0;270.0;270.0;270.0
36.0;0.4505;0.4217;-0.5371;0.0000;261;290;0.0929;6.7099;-0.0382;-0.5163;6.1530;270.0;270.0;270.0;270.0
36.5;0.4638;0.4332;-0.6799;0.0000;261;296;-0.0635;6.9924;-0.0382;-0.5382;6.9526;270.0;270.0;270.0;270.0
37.0;0.4762;0.4451;-0.7239;0.0000;263;302;0.0244;7.2290;-0.0382;-0.5382;6.9526;270.0;270.0;270.0;270.0
37.5;0.4890;0.4570;-0.7802;0.0000;265;306;-0.0538;7.5115;-0.0458;-0.5602;6.9526;270.0;270.0;270.0;270.0
38.0;0.5027;0.4689;-0.7802;0.0000;269;312;0.0244;7.8321;-0.0458;-0.6042;7.7522;270.0;270.0;270.0;270.0
38.5;0.5169;0.4812;-0.7692;0.0000;271;314;0.0244;8.1527;-0.0534;-0.6042;7.7522;270.0;270.0;270.0;270.0
39.0;0.5302;0.4936;-0.8104;0.0000;273;318;0.1026;8.4351;-0.0534;-0.6481;7.7522;270.0;270.0;270.0;270.0
39.5;0.5435;0.5060;-0.8365;0.0000;275;322;-0.1417;8.7557;-0.0611;-0.6701;8.5518;270.0;270.0;270.0;270.0
40.0;0.5572;0.5183;-0.8104;0.0000;277;324;0.0244;9.0763;-0.0611;-0.6921;8.5518;270.0;270.0;270.0;270.0
40.5;0.5710;0.5311;-0.7033;0.0000;281;322;0.0244;9.3969;-0.0687;-0.7140;9.3514;270.0;270.0;270.0;270.0
41.0;0.5852;0.5435;-0.8242;0.0000;275;324;0.1026;9.7634;-0.0687;-0.7360;9.3514;270.0;270.0;270.0;270.0
41.5;0.5984;0.5559;-0.8132;0.0000;277;326;-0.0538;10.0458;-0.0763;-0.7580;9.3514;270.0;270.0;270.0;270.0
42.0;0.6126;0.5687;-0.8228;0.0000;277;326;0.0244;10.4427;-0.0763;-0.7800;10.1510;270.0;270.0;270.0;270.0
42.5;0.6273;0.5810;-0.8118;0.0000;277;324;0.1026;10.8092;-0.0840;-0.8019;10.1510;270.0;270.0;270.0;270.0
43.0;0.6410;0.5934;-0.9080;0.0000;275;327;0.0244;11.1298;-0.0916;-0.8239;10.9506;270.0;270.0;270.0;270.0
43.5;0.6557;0.6062;-0.7720;0.0000;277;324;0.0244;11.5267;-0.0916;-0.8459;10.9506;270.0;270.0;270.0;270.0
44.0;0.6699;0.6186;-0.7102;0.0000;279;322;-0.0635;11.8931;-0.0992;-0.8679;11.7503;270.0;270.0;270.0;270.0
44.5;0.6836;0.6310;-0.7610;0.0000;277;324;0.1026;12.2519;-0.1069;-0.8898;11.7503;270.0;270.0;270.0;270.0
45.0;0.6978;0.6433;-0.7212;0.0000;277;322;0.0244;12.6565;-0.1145;-0.9118;12.5499;270.0;270.0;270.0;270.0
45.5;0.7120;0.6561;-0.7720;0.0000;277;324;0.0244;13.0611;-0.1145;-0.9338;12.5499;270.0;270.0;270.0;270.0
46.0;0.7257;0.6685;-0.6566;0.0000;281;322;-0.0635;13.4198;-0.1221;-0.9557;13.3495;270.0;270.0;270.0;270.0
46.5;0.7395;0.6809;-0.7115;0.0000;279;322;0.0244;13.8244;-0.1298;-0.9777;13.3495;270.0;270.0;270.0;270.0
47.0;0.7537;0.6937;-0.6772;0.0000;281;322;-0.0635;14.2595;-0.1374;-0.9997;14.1491;270.0;270.0;270.0;270.0
47.5;0.7674;0.7060;-0.7184;0.0000;281;324;0.0244;14.6641;-0.1450;-1.0217;14.1491;270.0;270.0;270.0;270.0
48.0;0.7811;0.7184;-0.6497;0.0000;281;322;0.0147;15.0687;-0.1527;-1.0217;14.9487;270.0;270.0;270.0;270.0
48.5;0.7958;0.7312;-0.6360;0.0000;281;322;0.0147;15.5496;-0.1603;-1.0436;14.9487;270.0;270.0;270.0;270.0
49.0;0.8091;0.7436;-0.7060;0.0000;277;322;0.0244;15.9542;-0.1679;-1.0656;15.7483;270.0;270.0;270.0;270.0
49.5;0.8228;0.7560;-0.6744;0.0000;279;322;0.1026;16.3893;-0.1756;-1.0876;15.7483;270.0;270.0;270.0;270.0
50.0;0.8365;0.7683;-0.8228;0.0000;275;329;0.1026;16.8321;-0.1832;-1.1096;16.5479;270.0;270.0;270.0;270.0
50.5;0.8498;0.7811;-0.8736;0.0000;275;329;-0.0538;17.2748;-0.1908;-1.1315;16.5479;270.0;270.0;270.0;270.0
51.0;0.8636;0.7935;-0.8819;0.0000;275;329;0.0244;17.7557;-0.1985;-1.1535;17.3475;270.0;270.0;270.0;270.0
51.5;0.8777;0.8059;-0.8819;0.0000;275;329;0.0244;18.2443;-0.2137;-1.1975;18.1471;270.0;270.0;270.0;270.0
52.0;0.8919;0.8187;-0.8819;0.0000;273;329;0.0244;18.7252;-0.2214;-1.2194;18.1471;270.0;270.0;270.0;270.0
52.5;0.9048;0.8310;-0.8104;0.0000;275;329;0.0244;19.2061;-0.2290;-1.2414;18.9467;270.0;270.0;270.0;270.0
53.0;0.9180;0.8434;-0.9052;0.0000;275;333;0.0244;19.6870;-0.2443;-1.2634;18.9467;270.0;270.0;270.0;270.0
53.5;0.9309;0.8562;-0.8901;0.0000;273;331;0.0244;20.1679;-0.2519;-1.2854;19.7464;270.0;270.0;270.0;270.0
54.0;0.9441;0.8686;-0.7280;0.0000;279;327;0.0244;20.6489;-0.2672;-1.3073;20.5460;270.0;270.0;270.0;270.0
54.5;0.9574;0.8810;-0.6923;0.0000;281;327;-0.0635;21.1756;-0.2748;-1.3293;20.5460;270.0;270.0;270.0;270.0
55.0;0.9707;0.8933;-0.6044;0.0000;283;326;0.0147;21.6565;-0.2901;-1.3513;21.3456;270.0;270.0;270.0;270.0
55.5;0.9835;0.9061;-0.5907;0.0000;286;327;-0.0635;22.1756;-0.2977;-1.3513;22.1452;270.0;270.0;270.0;270.0
56.0;0.9968;0.9185;-0.6003;0.0000;284;327;0.0929;22.7023;-0.3130;-1.3733;22.1452;270.0;270.0;270.0;270.0
56.5;1.0105;0.9309;-0.6992;0.0000;281;329;0.0147;23.2672;-0.3282;-1.3952;22.9448;270.0;270.0;270.0;270.0
57.0;1.0234;0.9437;-0.6085;0.0000;284;327;0.0929;23.7863;-0.3359;-1.4172;23.7444;270.0;270.0;270.0;270.0
57.5;1.0366;0.9560;-0.6758;0.0000;283;329;0.0147;24.3511;-0.3511;-1.4392;23.7444;270.0;270.0;270.0;270.0
58.0;1.0499;0.9684;-0.7363;0.0000;283;333;0.0244;24.9084;-0.3664;-1.4612;24.5440;270.0;270.0;270.0;270.0
58.5;1.0636;0.9812;-0.7060;0.0000;283;333;0.0147;25.4733;-0.3817;-1.4831;25.3436;270.0;270.0;270.0;270.0
59.0;1.0769;0.9936;-0.7308;0.0000;281;333;0.1026;25.9924;-0.3969;-1.5051;25.3436;270.0;270.0;270.0;270.0
59.5;1.0902;1.0060;-0.6044;0.0000;284;331;0.0929;26.5954;-0.4122;-1.5051;26.1432;270.0;270.0;270.0;270.0
60.0;1.1035;1.0183;-0.5137;0.0000;288;329;0.0147;27.1603;-0.4275;-1.5271;26.9428;270.0;270.0;270.0;270.0
60.5;1.1168;1.0311;-0.4093;0.0000;290;327;0.0929;27.7634;-0.4427;-1.5490;27.7425;270.0;270.0;270.0;270.0
61.0;1.1300;1.0435;-0.4849;0.0000;288;329;0.0147;28.3282;-0.4580;-1.5490;27.7425;270.0;270.0;270.0;270.0
61.5;1.1433;1.0559;-0.4423;0.0000;290;329;0.0147;28.9695;-0.4733;-1.5710;28.5421;270.0;270.0;270.0;270.0
62.0;1.1561;1.0687;-0.4629;0.0000;288;329;0.0147;29.5344;-0.4885;-1.5710;29.3417;270.0;270.0;270.0;270.0
62.5;1.1685;1.0810;-0.4272;0.0000;290;329;0.0147;30.1756;-0.5038;-1.5930;30.1413;270.0;270.0;270.0;270.0
63.0;1.1809;1.0934;-0.3146;0.0000;294;327;0.0049;30.7328;-0.5191;-1.5930;30.1413;270.0;270.0;270.0;270.0
63.5;1.1923;1.1062;-0.3915;0.0000;292;329;0.0049;31.2977;-0.5344;-1.6150;30.9409;270.0;270.0;270.0;270.0
64.0;1.2038;1.1186;-0.3407;0.0000;298;331;-0.0733;31.9008;-0.5573;-1.6150;31.7405;270.0;270.0;270.0;270.0
64.5;1.2157;1.1310;-0.3201;0.0000;298;331;0.0049;32.5420;-0.5725;-1.6369;32.5401;270.0;270.0;270.0;270.0
65.0;1.2285;1.1433;-0.2115;0.0000;302;329;0.0049;33.1908;-0.5878;-1.6369;32.5401;270.0;270.0;270.0;270.0
65.5;1.2408;1.1561;-0.2390;0.0000;306;333;-0.0733;33.7863;-0.6107;-1.6369;33.3397;270.0;270.0;270.0;270.0
66.0;1.2523;1.1685;-0.0962;0.0000;310;329;-0.0831;34.3893;-0.6260;-1.6369;34.1393;270.0;270.0;270.0;270.0
66.5;1.2628;1.1809;-0.1607;0.0000;310;331;0.0049;34.9542;-0.6412;-1.6589;34.9389;270.0;270.0;270.0;270.0
67.0;1.2734;1.1937;-0.1635;0.0000;312;333;0.0049;35.5954;-0.6565;-1.6589;34.9389;270.0;270.0;270.0;270.0
67.5;1.2853;1.2060;-0.0247;0.0000;316;331;-0.0049;36.2366;-0.6794;-1.6589;35.7386;270.0;270.0;270.0;270.0
68.0;1.2967;1.2184;0.0412;0.0000;320;333;-0.0049;36.8855;-0.6947;-1.6589;36.5382;270.0;270.0;270.0;270.0
68.5;1.3072;1.2312;0.0220;0.0000;324;337;-0.0831;37.5649;-0.7176;-1.6589;37.3378;270.0;270.0;270.0;270.0
69.0;1.3178;1.2436;-0.1305;0.0000;320;341;-0.0049;38.2061;-0.7328;-1.6589;38.1374;270.0;270.0;270.0;270.0
69.5;1.3292;1.2560;-0.1168;0.0000;324;343;0.0831;38.8931;-0.7557;-1.6589;38.1374;270.0;270.0;270.0;270.0
70.0;1.3411;1.2683;-0.3228;0.0000;322;353;-0.0733;39.5725;-0.7710;-1.6809;38.9370;270.0;270.0;270.0;270.0
70.5;1.3521;1.2811;-0.2074;0.0000;324;351;-0.0733;40.2595;-0.7939;-1.6809;39.7366;270.0;270.0;270.0;270.0
71.0;1.3631;1.2935;-0.2527;0.0000;326;353;0.0049;40.9008;-0.8092;-1.6809;40.5362;270.0;270.0;270.0;270.0
71.5;1.3745;1.3059;-0.1937;0.0000;327;355;0.0049;41.6260;-0.8321;-1.6809;41.3358;270.0;270.0;270.0;270.0
72.0;1.3869;1.3187;-0.2074;0.0000;329;355;0.0049;42.3435;-0.8550;-1.7029;42.1354;270.0;270.0;270.0;270.0
72.5;1.3984;1.3310;-0.2074;0.0000;331;359;0.0049;43.0687;-0.8779;-1.7029;42.9350;270.0;270.0;270.0;270.0
73.0;1.4098;1.3434;-0.1168;0.0000;335;359;-0.0049;43.7939;-0.9008;-1.7029;43.7346;270.0;270.0;270.0;270.0
73.5;1.4217;1.3562;-0.0893;0.0000;337;359;-0.0049;44.5191;-0.9160;-1.7029;43.7346;270.0;270.0;270.0;270.0
74.0;1.4336;1.3686;0.0481;0.0000;343;357;-0.0049;45.2366;-0.9389;-1.7029;44.5343;270.0;270.0;270.0;270.0
74.5;1.4451;1.3810;-0.0728;0.0000;341;361;-0.0831;45.9237;-0.9618;-1.7029;45.3339;270.0;270.0;270.0;270.0
75.0;1.4560;1.3933;0.0110;0.0000;345;361;-0.0049;46.6489;-0.9847;-1.7029;46.1335;270.0;270.0;270.0;270.0
75.5;1.4670;1.4061;-0.0948;0.0000;345;369;0.0831;47.3282;-1.0000;-1.7029;46.9331;270.0;270.0;270.0;270.0
76.0;1.4780;1.4185;-0.0632;0.0000;349;369;0.0733;48.0916;-1.0229;-1.7029;47.7327;270.0;270.0;270.0;270.0
76.5;1.4895;1.4309;-0.1442;0.0000;349;374;-0.0049;48.8931;-1.0458;-1.7248;48.5323;270.0;270.0;270.0;270.0
77.0;1.5009;1.4437;-0.2802;0.0000;345;380;0.0831;49.6565;-1.0687;-1.7248;49.3319;270.0;270.0;270.0;270.0
77.5;1.5128;1.4560;-0.3832;0.0000;343;382;0.0929;50.4198;-1.0916;-1.7468;50.1315;270.0;270.0;270.0;270.0
78.0;1.5243;1.4684;-0.4354;0.0000;343;386;0.0929;51.1832;-1.1145;-1.7468;50.9311;270.0;270.0;270.0;270.0
78.5;1.5366;1.4812;-0.4011;0.0000;349;390;0.0049;51.9847;-1.1450;-1.7688;51.7307;270.0;270.0;270.0;270.0
79.0;1.5495;1.4936;-0.4574;0.0000;345;390;0.0147;52.7939;-1.1679;-1.7688;52.5304;270.0;270.0;270.0;270.0
79.5;1.5618;1.5060;-0.4025;0.0000;349;390;0.0929;53.5573;-1.1908;-1.7908;53.3300;270.0;270.0;270.0;270.0
80.0;1.5728;1.5183;-0.5041;0.0000;349;396;0.0929;54.3206;-1.2137;-1.7908;54.1296;270.0;270.0;270.0;270.0
80.5;1.5838;1.5311;-0.4684;0.0000;351;396;0.0147;55.1221;-1.2366;-1.8127;54.9292;270.0;270.0;270.0;270.0
81.0;1.5939;1.5435;-0.4492;0.0000;357;402;-0.0733;55.8855;-1.2595;-1.8347;55.7288;270.0;270.0;270.0;270.0
81.5;1.6049;1.5559;-0.2651;0.0000;365;398;0.0831;56.7252;-1.2901;-1.8347;56.5284;270.0;270.0;270.0;270.0
82.0;1.6149;1.5687;-0.2047;0.0000;367;396;-0.0733;57.4886;-1.3130;-1.8347;57.3280;270.0;270.0;270.0;270.0
82.5;1.6255;1.5810;-0.1346;0.0000;372;400;-0.0049;58.2977;-1.3435;-1.8347;58.1276;270.0;270.0;270.0;270.0
83.0;1.6355;1.5934;-0.0536;0.0000;378;400;-0.0049;59.0992;-1.3664;-1.8347;58.9272;270.0;270.0;270.0;270.0
83.5;1.6451;1.6062;-0.1264;0.0000;378;404;-0.1613;59.9008;-1.3893;-1.8567;59.7268;270.0;270.0;270.0;270.0
84.0;1.6552;1.6186;0.0261;0.0000;386;402;-0.0831;60.7481;-1.4198;-1.8567;60.5265;270.0;270.0;270.0;270.0
84.5;1.6667;1.6310;-0.0014;0.0000;388;404;-0.0831;61.5878;-1.4427;-1.8567;61.3261;270.0;270.0;270.0;270.0
85.0;1.6777;1.6433;0.0481;0.0000;392;404;-0.1711;62.4733;-1.4733;-1.8567;62.1257;270.0;270.0;270.0;270.0
85.5;1.6900;1.6561;-0.1401;0.0000;392;415;-0.0049;63.3588;-1.5038;-1.8567;62.9253;270.0;270.0;270.0;270.0
86.0;1.7028;1.6685;-0.1250;0.0000;396;415;-0.0831;64.2824;-1.5344;-1.8567;63.7249;270.0;270.0;270.0;270.0
86.5;1.7152;1.6809;-0.0398;0.0000;398;412;-0.1613;65.1603;-1.5573;-1.8567;64.5245;270.0;270.0;270.0;270.0
87.0;1.7276;1.6937;-0.0893;0.0000;400;415;-0.1613;66.0458;-1.5878;-1.8567;65.3241;270.0;270.0;270.0;270.0
87.5;1.7404;1.7060;-0.0398;0.0000;400;413;-0.0831;66.9695;-1.6183;-1.8567;66.9233;270.0;270.0;270.0;270.0
88.0;1.7532;1.7184;-0.2404;0.0000;398;421;-0.1613;67.8550;-1.6489;-1.8567;67.7229;270.0;270.0;270.0;270.0
88.5;1.7660;1.7312;-0.1896;0.0000;402;421;-0.0831;68.7786;-1.6794;-1.8787;68.5226;270.0;270.0;270.0;270.0
89.0;1.7798;1.7436;-0.3516;0.0000;396;425;-0.1515;69.7405;-1.7099;-1.8787;69.3222;270.0;270.0;270.0;270.0
89.5;1.7930;1.7560;-0.4162;0.0000;394;427;-0.0733;70.6641;-1.7405;-1.9006;70.1218;270.0;270.0;270.0;270.0
90.0;1.8063;1.7683;-0.5577;0.0000;392;431;-0.2297;71.5878;-1.7710;-1.9006;70.9214;270.0;270.0;270.0;270.0
90.5;1.8191;1.7811;-0.4286;0.0000;396;429;-0.0733;72.5115;-1.8015;-1.9226;72.5206;270.0;270.0;270.0;270.0
91.0;1.8320;1.7935;-0.5508;0.0000;394;435;-0.0635;73.4351;-1.8321;-1.9446;73.3202;270.0;270.0;270.0;270.0
91.5;1.8439;1.8059;-0.6099;0.0000;396;437;-0.2297;74.3588;-1.8626;-1.9446;74.1198;270.0;270.0;270.0;270.0
92.0;1.8562;1.8187;-0.4725;0.0000;400;433;-0.1515;75.3282;-1.8931;-1.9666;74.9194;270.0;270.0;270.0;270.0
92.5;1.8677;1.8310;-0.4931;0.0000;402;437;0.0147;76.2901;-1.9313;-1.9885;75.7190;270.0;270.0;270.0;270.0
93.0;1.8800;1.8434;-0.4505;0.0000;406;439;-0.0733;77.2977;-1.9618;-1.9885;77.3183;270.0;270.0;270.0;270.0
93.5;1.8929;1.8562;-0.5549;0.0000;402;443;0.0147;78.2595;-1.9924;-2.0105;78.1179;270.0;270.0;270.0;270.0
94.0;1.9052;1.8686;-0.5618;0.0000;404;445;0.0147;79.2214;-2.0305;-2.0325;78.9175;270.0;270.0;270.0;270.0
94.5;1.9171;1.8810;-0.8077;0.0000;396;453;-0.0538;80.1450;-2.0611;-2.0544;79.7171;270.0;270.0;270.0;270.0
95.0;1.9290;1.8933;-0.7926;0.0000;398;455;-0.0538;81.1527;-2.0992;-2.0764;80.5167;270.0;270.0;270.0;270.0
95.5;1.9409;1.9061;-0.8462;0.0000;400;460;0.0244;82.1985;-2.1374;-2.0984;82.1159;270.0;270.0;270.0;270.0
96.0;1.9538;1.9185;-0.9986;0.0000;394;466;0.1124;83.1985;-2.1756;-2.1204;82.9155;270.0;270.0;270.0;270.0
96.5;1.9657;1.9309;-0.8942;0.0000;400;464;0.1026;84.2061;-2.2137;-2.1423;83.7151;270.0;270.0;270.0;270.0
97.0;1.9776;1.9437;-0.8709;0.0000;402;466;0.1026;85.2061;-2.2443;-2.1643;84.5147;270.0;270.0;270.0;270.0
97.5;1.9890;1.9560;-0.7349;0.0000;406;464;0.0244;86.2519;-2.2901;-2.1863;86.1140;270.0;270.0;270.0;270.0
98.0;2.0000;1.9684;-0.7321;0.0000;408;466;0.0244;87.2137;-2.3206;-2.2083;86.9136;270.0;270.0;270.0;270.0
98.5;2.0119;1.9812;-0.6195;0.0000;413;466;0.0147;88.2595;-2.3664;-2.2302;87.7132;270.0;270.0;270.0;270.0
99.0;2.0234;1.9936;-0.7679;0.0000;410;472;0.0244;89.3053;-2.4046;-2.2522;89.3124;270.0;270.0;270.0;270.0
99.5;2.0343;2.0060;-0.7527;0.0000;412;472;-0.0635;90.3053;-2.4427;-2.2742;90.1120;270.0;270.0;270.0;270.0
100.0;2.0458;2.0183;-0.8173;0.0000;412;478;0.0244;91.3511;-2.4885;-2.2962;90.9116;270.0;270.0;270.0;270.0
100.5;2.0572;2.0311;-0.7830;0.0000;415;480;0.0244;92.3969;-2.5267;-2.3181;91.7112;270.0;270.0;270.0;270.0
101.0;2.0682;2.0435;-0.8049;0.0000;417;484;0.0244;93.4427;-2.5725;-2.3401;93.3105;270.0;270.0;270.0;270.0
101.5;2.0801;2.0559;-0.8571;0.0000;417;488;0.0244;94.4809;-2.6107;-2.3621;94.1101;270.0;270.0;270.0;270.0
102.0;2.0925;2.0687;-0.8723;0.0000;417;488;0.1026;95.5649;-2.6565;-2.4060;94.9097;270.0;270.0;270.0;270.0
102.5;2.1044;2.0810;-0.7816;0.0000;421;488;0.0244;96.6107;-2.7023;-2.4280;96.5089;270.0;270.0;270.0;270.0
103.0;2.1172;2.0934;-0.6113;0.0000;427;486;0.0147;97.7328;-2.7481;-2.4280;97.3085;270.0;270.0;270.0;270.0
103.5;2.1310;2.1062;-0.7376;0.0000;425;490;0.0244;98.8626;-2.7939;-2.4500;98.9077;270.0;270.0;270.0;270.0
104.0;2.1442;2.1186;-0.6717;0.0000;427;490;0.1026;99.9466;-2.8473;-2.4720;99.7073;270.0;270.0;270.0;270.0
104.5;2.1580;2.1310;-0.6896;0.0000;427;492;0.1026;101.1069;-2.8931;-2.4939;100.5069;270.0;270.0;270.0;270.0
105.0;2.1712;2.1433;-0.6676;0.0000;427;492;0.1026;102.1908;-2.9389;-2.5159;102.1062;270.0;270.0;270.0;270.0
105.5;2.1841;2.1561;-0.5728;0.0000;431;492;0.0147;103.3206;-2.9924;-2.5379;102.9058;270.0;270.0;270.0;270.0
106.0;2.1969;2.1685;-0.6401;0.0000;429;494;0.0929;104.4046;-3.0382;-2.5599;103.7054;270.0;270.0;270.0;270.0
106.5;2.2097;2.1809;-0.7005;0.0000;429;496;0.0244;105.5267;-3.0916;-2.5599;105.3046;270.0;270.0;270.0;270.0
107.0;2.2221;2.1937;-0.6951;0.0000;431;498;0.0147;106.6489;-3.1374;-2.5818;106.1042;270.0;270.0;270.0;270.0
107.5;2.2353;2.2060;-0.5989;0.0000;433;494;0.0929;107.8168;-3.1908;-2.6038;107.7034;270.0;270.0;270.0;270.0
108.0;2.2486;2.2184;-0.5879;0.0000;431;492;0.0733;1.1603;0.0000;-0.0109;0.5557;270.0;270.0;270.0;270.0
108.5;2.2619;2.2308;-0.3805;0.0000;437;486;-0.0733;2.3282;-0.0076;-0.0109;2.1549;270.0;270.0;270.0;270.0
109.0;2.2743;2.2427;-0.2898;0.0000;435;478;-0.0733;3.4962;-0.0076;-0.0328;2.9546;270.0;270.0;270.0;270.0
109.5;2.2862;2.2546;-0.2143;0.0000;435;474;0.0049;4.6183;-0.0076;-0.0328;4.5538;270.0;270.0;270.0;270.0
110.0;2.2976;2.2660;-0.3723;0.0000;425;474;0.0929;5.7863;-0.0076;-0.0548;5.3534;270.0;270.0;270.0;270.0
110.5;2.3091;2.2779;-0.4725;0.0000;421;474;0.0929;6.9466;-0.0076;-0.0548;6.9526;270.0;270.0;270.0;270.0
111.0;2.3214;2.2894;-0.4478;0.0000;419;472;0.0147;8.1527;-0.0076;-0.0768;7.7522;270.0;270.0;270.0;270.0
111.5;2.3329;2.3004;-0.4519;0.0000;415;470;0.0929;9.3206;-0.0076;-0.0768;8.5518;270.0;270.0;270.0;270.0
112.0;2.3443;2.3114;-0.3008;0.0000;415;460;0.0049;10.5267;-0.0076;-0.0988;10.1510;270.0;270.0;270.0;270.0
112.5;2.3553;2.3223;-0.2994;0.0000;415;458;0.0049;11.7328;-0.0153;-0.0988;10.9506;270.0;270.0;270.0;270.0
113.0;2.3668;2.3333;0.0055;0.0000;421;449;-0.0049;12.9389;-0.0153;-0.0988;12.5499;270.0;270.0;270.0;270.0
113.5;2.3768;2.3439;-0.0343;0.0000;417;447;0.0733;14.0992;-0.0153;-0.0988;13.3495;270.0;270.0;270.0;270.0
114.0;2.3864;2.3544;0.0948;0.0000;419;443;-0.0049;15.2290;-0.0153;-0.0988;14.9487;270.0;270.0;270.0;270.0
114.5;2.3951;2.3645;0.1786;0.0000;415;435;-0.0147;16.4351;-0.0229;-0.0988;15.7483;270.0;270.0;270.0;270.0
115.0;2.4048;2.3750;0.2060;0.0000;415;433;-0.0147;17.6412;-0.0229;-0.0988;17.3475;270.0;270.0;270.0;270.0
115.5;2.4139;2.3846;0.1868;0.0000;415;435;-0.0147;18.8473;-0.0229;-0.0768;18.1471;270.0;270.0;270.0;270.0
116.0;2.4231;2.3947;0.1896;0.0000;412;429;-0.0147;20.0534;-0.0229;-0.0768;19.7464;270.0;270.0;270.0;270.0
116.5;2.4313;2.4043;0.3626;0.0000;415;423;-0.1026;21.2977;-0.0229;-0.0768;20.5460;270.0;270.0;270.0;270.0
117.0;2.4400;2.4139;0.4217;0.0000;413;417;-0.0147;22.5038;-0.0305;-0.0548;22.1452;270.0;270.0;270.0;270.0
117.5;2.4492;2.4231;0.4918;0.0000;413;413;-0.0244;23.7863;-0.0305;-0.0328;23.7444;270.0;270.0;270.0;270.0
118.0;2.4574;2.4322;0.3846;0.0000;412;417;-0.1026;25.0382;-0.0305;-0.0328;24.5440;270.0;270.0;270.0;270.0
118.5;2.4661;2.4414;0.2225;0.0000;402;417;-0.0147;26.2443;-0.0305;-0.0328;26.1432;270.0;270.0;270.0;270.0
119.0;2.4748;2.4505;0.0742;0.0000;398;419;-0.0049;27.5267;-0.0305;-0.0328;26.9428;270.0;270.0;270.0;270.0
119.5;2.4840;2.4592;0.0481;0.0000;394;417;0.0733;28.7710;-0.0305;-0.0328;28.5421;270.0;270.0;270.0;270.0
120.0;2.4940;2.4679;0.0577;0.0000;388;413;-0.0831;30.0992;-0.0305;-0.0109;29.3417;270.0;270.0;270.0;270.0
120.5;2.5027;2.4762;0.1181;0.0000;390;410;-0.1711;31.3053;-0.0305;-0.0109;30.9409;270.0;270.0;270.0;270.0
121.0;2.5119;2.4844;0.3214;0.0000;396;402;-0.1808;32.6718;-0.0305;-0.0109;32.5401;270.0;270.0;270.0;270.0
121.5;2.5206;2.4927;0.4038;0.0000;394;394;-0.1808;33.9542;-0.0305;0.0111;33.3397;270.0;270.0;270.0;270.0
122.0;2.5288;2.5005;0.4876;0.0000;392;388;-0.0244;35.2443;-0.0305;0.0111;34.9389;270.0;270.0;270.0;270.0
122.5;2.5362;2.5082;0.3832;0.0000;386;388;-0.1026;36.5725;-0.0305;0.0331;36.5382;270.0;270.0;270.0;270.0
123.0;2.5435;2.5160;0.3970;0.0000;384;384;-0.1808;37.8550;-0.0305;0.0331;37.3378;270.0;270.0;270.0;270.0
123.5;2.5508;2.5234;0.2184;0.0000;380;388;-0.1711;39.2214;-0.0229;0.0551;38.9370;270.0;270.0;270.0;270.0
124.0;2.5586;2.5307;0.0920;0.0000;370;388;-0.0929;40.5496;-0.0229;0.0551;40.5362;270.0;270.0;270.0;270.0
124.5;2.5673;2.5380;0.0604;0.0000;367;384;-0.1711;41.9160;-0.0229;0.0551;41.3358;270.0;270.0;270.0;270.0
125.0;2.5742;2.5449;0.0989;0.0000;367;380;-0.1711;43.1985;-0.0229;0.0551;42.9350;270.0;270.0;270.0;270.0
125.5;2.5820;2.5517;0.2582;0.0000;369;370;-0.1711;44.5649;-0.0229;0.0551;44.5343;270.0;270.0;270.0;270.0
126.0;2.5902;2.5586;0.1003;0.0000;361;374;-0.0929;45.8931;-0.0153;0.0551;45.3339;270.0;270.0;270.0;270.0
126.5;2.5984;2.5650;0.0261;0.0000;357;372;-0.0831;47.2214;-0.0153;0.0551;46.9331;270.0;270.0;270.0;270.0
127.0;2.6062;2.5714;-0.1744;0.0000;345;370;-0.0831;48.5496;-0.0153;0.0551;48.5323;270.0;270.0;270.0;270.0
127.5;2.6136;2.5778;-0.2624;0.0000;339;372;-0.0733;49.8702;-0.0153;0.0551;49.3319;270.0;270.0;270.0;270.0
128.0;2.6213;2.5838;-0.3681;0.0000;333;370;0.0049;51.2366;-0.0153;0.0331;50.9311;270.0;270.0;270.0;270.0
128.5;2.6296;2.5897;-0.2761;0.0000;329;365;0.0049;52.6031;-0.0076;0.0331;52.5304;270.0;270.0;270.0;270.0
129.0;2.6378;2.5957;-0.1223;0.0000;331;357;-0.0049;53.9695;-0.0076;0.0331;53.3300;270.0;270.0;270.0;270.0
129.5;2.6456;2.6012;-0.1291;0.0000;326;353;-0.0049;55.3359;-0.0076;0.0331;54.9292;270.0;270.0;270.0;270.0
130.0;2.6529;2.6067;0.0838;0.0000;327;343;-0.0049;56.7023;-0.0076;0.0331;56.5284;270.0;270.0;270.0;270.0
130.5;2.6598;2.6122;0.0426;0.0000;322;339;0.0733;58.0305;-0.0076;0.0331;57.3280;270.0;270.0;270.0;270.0
131.0;2.6671;2.6172;-0.0275;0.0000;316;339;-0.0049;59.3969;-0.0076;0.0331;58.9272;270.0;270.0;270.0;270.0
131.5;2.6735;2.6223;-0.1923;0.0000;306;339;0.0831;60.8015;-0.0076;0.0331;60.5265;270.0;270.0;270.0;270.0
132.0;2.6786;2.6273;-0.2830;0.0000;298;339;0.0049;62.0916;-0.0076;0.0111;61.3261;270.0;270.0;270.0;270.0
132.5;2.6832;2.6319;-0.3832;0.0000;292;339;0.0049;63.4580;-0.0076;0.0111;62.9253;270.0;270.0;270.0;270.0
133.0;2.6877;2.6364;-0.2898;0.0000;292;333;0.0049;64.8244;0.0000;-0.0109;64.5245;270.0;270.0;270.0;270.0
133.5;2.6914;2.6406;-0.1580;0.0000;294;327;0.0049;66.1069;0.0000;-0.0109;65.3241;270.0;270.0;270.0;270.0
134.0;2.6941;2.6451;-0.1415;0.0000;290;324;0.0831;67.4351;0.0000;-0.0109;66.9233;270.0;270.0;270.0;270.0
134.5;2.6969;2.6488;-0.1415;0.0000;288;322;0.0831;68.7634;0.0000;-0.0109;68.5226;270.0;270.0;270.0;270.0
135.0;2.6996;2.6529;-0.2129;0.0000;284;322;0.1613;70.1298;0.0000;-0.0328;70.1218;270.0;270.0;270.0;270.0
135.5;2.7033;2.6566;-0.1786;0.0000;283;320;0.0049;71.4962;-0.0076;-0.0328;70.9214;270.0;270.0;270.0;270.0
136.0;2.7056;2.6603;-0.3214;0.0000;277;322;0.0831;72.8244;-0.0076;-0.0328;72.5206;270.0;270.0;270.0;270.0
136.5;2.7074;2.6635;-0.1841;0.0000;277;316;0.0831;74.1450;-0.0076;-0.0328;74.1198;270.0;270.0;270.0;270.0
137.0;2.7097;2.6671;-0.3352;0.0000;271;318;0.0831;75.5573;-0.0076;-0.0548;74.9194;270.0;270.0;270.0;270.0
137.5;2.7129;2.6699;-0.2637;0.0000;271;314;0.0049;76.9237;-0.0076;-0.0548;76.5187;270.0;270.0;270.0;270.0
138.0;2.7147;2.6731;-0.2321;0.0000;269;310;0.0831;78.2443;-0.0076;-0.0548;78.1179;270.0;270.0;270.0;270.0
138.5;2.7161;2.6758;-0.1951;0.0000;267;306;0.0831;79.5725;-0.0076;-0.0768;78.9175;270.0;270.0;270.0;270.0
139.0;2.7166;2.6786;-0.0110;0.0000;271;298;-0.0049;80.8626;-0.0076;-0.0768;80.5167;270.0;270.0;270.0;270.0
139.5;2.7170;2.6809;-0.1360;0.0000;267;302;0.0831;82.1832;-0.0153;-0.0768;82.1159;270.0;270.0;270.0;270.0
140.0;2.7184;2.6832;-0.0137;0.0000;267;296;-0.0049;83.5496;-0.0153;-0.0768;82.9155;270.0;270.0;270.0;270.0
140.5;2.7179;2.6854;-0.1648;0.0000;261;298;0.0049;84.8397;-0.0153;-0.0768;84.5147;270.0;270.0;270.0;270.0
141.0;2.7184;2.6877;0.0962;0.0000;267;290;0.0733;86.1679;-0.0153;-0.0768;86.1140;270.0;270.0;270.0;270.0
141.5;2.7184;2.6896;0.2445;0.0000;269;284;-0.0147;87.5344;-0.0153;-0.0768;86.9136;270.0;270.0;270.0;270.0
142.0;2.7175;2.6914;0.3558;0.0000;269;279;-0.0147;88.8168;-0.0229;-0.0548;88.5128;270.0;270.0;270.0;270.0
142.5;2.7166;2.6928;0.5110;0.0000;273;273;-0.1026;90.1450;-0.0229;-0.0548;90.1120;270.0;270.0;270.0;270.0
143.0;2.7147;2.6941;0.2486;0.0000;265;279;-0.0147;91.4275;-0.0229;-0.0328;90.9116;270.0;270.0;270.0;270.0
143.5;2.7120;2.6955;0.2898;0.0000;265;279;0.0635;92.6718;-0.0229;-0.0328;92.5108;270.0;270.0;270.0;270.0
144.0;2.7097;2.6964;0.2102;0.0000;261;279;-0.0147;94.0382;-0.0229;-0.0328;93.3105;270.0;270.0;270.0;270.0
144.5;2.7070;2.6973;0.5096;0.0000;267;271;0.0538;95.2901;-0.0229;-0.0109;94.9097;270.0;270.0;270.0;270.0
145.0;2.7042;2.6983;0.5343;0.0000;269;269;0.0538;96.6107;-0.0229;0.0111;96.5089;270.0;270.0;270.0;270.0
145.5;2.7010;2.6987;0.8626;0.0000;277;261;-0.0342;97.9008;-0.0229;0.0331;97.3085;270.0;270.0;270.0;270.0
146.0;2.6983;2.6992;0.7088;0.0000;271;263;-0.0342;99.2672;-0.0229;0.0551;98.9077;270.0;270.0;270.0;270.0
146.5;2.6955;2.6996;0.5824;0.0000;267;265;-0.0244;100.5496;-0.0153;0.0770;100.5069;270.0;270.0;270.0;270.0
147.0;2.6928;2.6996;0.7734;0.0000;271;261;0.0440;101.8779;-0.0153;0.0990;101.3066;270.0;270.0;270.0;270.0
147.5;2.6900;2.6996;0.7473;0.0000;269;259;-0.0342;103.2443;-0.0153;0.1210;102.9058;270.0;270.0;270.0;270.0
148.0;2.6877;2.6996;0.8434;0.0000;273;257;-0.0342;104.5344;-0.0076;0.1430;104.5050;270.0;270.0;270.0;270.0
148.5;2.6850;2.6992;0.6360;0.0000;265;263;-0.0244;105.9008;-0.0076;0.1430;105.3046;270.0;270.0;270.0;270.0
149.0;2.6822;2.6987;0.7981;0.0000;269;255;-0.0342;107.1832;0.0000;0.1869;106.9038;270.0;270.0;270.0;270.0
149.5;2.6799;2.6983;0.5756;0.0000;265;261;-0.1026;108.5878;0.0000;0.1869;108.5030;270.0;270.0;270.0;270.0
150.0;2.6781;2.6973;0.8283;0.0000;271;251;-0.1906;109.9542;0.0076;0.2089;109.3027;270.0;270.0;270.0;270.0
150.5;2.6767;2.6964;0.6964;0.0000;265;253;-0.0342;111.3206;0.0153;0.2308;110.9019;270.0;270.0;270.0;270.0
151.0;2.6754;2.6955;0.4602;0.0000;257;257;-0.1026;112.6489;0.0153;0.2528;112.5011;270.0;270.0;270.0;270.0
151.5;2.6740;2.6941;0.4245;0.0000;255;255;-0.0147;114.0153;0.0229;0.2528;113.3007;270.0;270.0;270.0;270.0
152.0;2.6740;2.6928;0.3764;0.0000;251;253;-0.1026;115.4198;0.0305;0.2748;114.8999;270.0;270.0;270.0;270.0
152.5;2.6735;2.6914;0.6580;0.0000;257;243;-0.1124;116.7481;0.0382;0.2968;116.4991;270.0;270.0;270.0;270.0
153.0;2.6726;2.6896;0.6799;0.0000;255;239;-0.1906;118.1145;0.0458;0.3187;118.0984;270.0;270.0;270.0;270.0
153.5;2.6722;2.6877;0.9162;0.0000;259;230;-0.2004;119.4809;0.0534;0.3407;118.8980;270.0;270.0;270.0;270.0
154.0;2.6703;2.6854;0.5385;0.0000;247;238;-0.1026;120.8855;0.0611;0.3627;120.4972;270.0;270.0;270.0;270.0
154.5;2.6694;2.6832;0.5797;0.0000;245;234;-0.1906;122.2519;0.0687;0.3627;122.0964;270.0;270.0;270.0;270.0
155.0;2.6671;2.6809;0.2885;0.0000;236;238;-0.1808;123.6183;0.0840;0.3847;122.8960;270.0;270.0;270.0;270.0
155.5;2.6658;2.6786;0.3269;0.0000;234;234;-0.0147;124.9847;0.0916;0.3847;124.4952;270.0;270.0;270.0;270.0
156.0;2.6653;2.6758;0.3475;0.0000;232;232;-0.0147;126.3511;0.0992;0.4066;126.0945;270.0;270.0;270.0;270.0
156.5;2.6648;2.6731;0.1195;0.0000;222;234;-0.0929;127.7634;0.1069;0.4066;127.6937;270.0;270.0;270.0;270.0
157.0;2.6644;2.6699;0.0632;0.0000;216;230;-0.0049;129.1298;0.1221;0.4066;128.4933;270.0;270.0;270.0;270.0
157.5;2.6639;2.6671;-0.0385;0.0000;208;230;0.0733;130.5343;0.1298;0.4066;130.0925;270.0;270.0;270.0;270.0
158.0;2.6511;2.6635;0.3434;0.0000;224;210;-0.0147;131.9008;0.1374;0.4066;131.6917;270.0;270.0;270.0;270.0
158.5;2.6424;2.6603;0.1374;0.0000;220;218;0.0733;133.3053;0.1527;0.4066;133.2909;270.0;270.0;270.0;270.0
159.0;2.6355;2.6566;0.4574;0.0000;228;210;0.0635;134.6336;0.1603;0.4286;134.0906;270.0;270.0;270.0;270.0
159.5;2.6300;2.6529;0.2706;0.0000;222;216;-0.0147;136.0000;0.1679;0.4286;135.6898;270.0;270.0;270.0;270.0
160.0;2.6259;2.6488;0.2747;0.0000;220;214;-0.0147;137.3664;0.1832;0.4506;137.2890;270.0;270.0;270.0;270.0
160.5;2.6232;2.6451;0.0659;0.0000;210;220;0.0733;138.6947;0.1908;0.4506;138.0886;270.0;270.0;270.0;270.0
161.0;2.6190;2.6406;0.2335;0.0000;210;212;0.0635;140.0153;0.1985;0.4506;139.6878;270.0;270.0;270.0;270.0
161.5;2.6149;2.6364;0.3544;0.0000;210;208;0.0635;141.3435;0.2137;0.4726;141.2870;270.0;270.0;270.0;270.0
162.0;2.6117;2.6319;0.0893;0.0000;200;212;0.0733;142.7481;0.2214;0.4726;142.0867;270.0;270.0;270.0;270.0
162.5;2.6076;2.6273;0.2527;0.0000;200;206;-0.0147;144.0382;0.2366;0.4726;143.6859;270.0;270.0;270.0;270.0
163.0;2.6049;2.6223;-0.0714;0.0000;189;212;0.1613;145.4046;0.2443;0.4726;145.2851;270.0;270.0;270.0;270.0
163.5;2.6007;2.6172;0.2143;0.0000;193;202;0.0635;146.7328;0.2595;0.4726;146.0847;270.0;270.0;270.0;270.0
164.0;2.5975;2.6122;0.1470;0.0000;187;200;0.1515;148.0992;0.2672;0.4726;147.6839;270.0;270.0;270.0;270.0
164.5;2.5957;2.6067;0.3242;0.0000;187;195;0.0635;149.5038;0.2824;0.4945;149.2831;270.0;270.0;270.0;270.0
165.0;2.5925;2.6012;0.1635;0.0000;179;195;0.0733;150.7481;0.2901;0.4945;150.0827;270.0;270.0;270.0;270.0
165.5;2.5879;2.6012;0.0495;-0.0151;318;200;0.1515;1.2824;0.0000;-0.0109;0.5557;270.0;270.0;270.0;270.0
166.0;2.5842;2.6012;0.1717;-0.0453;333;196;0.0733;2.5267;0.0000;-0.0109;2.1549;270.0;270.0;270.0;270.0
166.5;2.5824;2.6012;0.0962;-0.0907;341;195;-0.0049;3.8931;0.0000;-0.0109;3.7542;270.0;270.0;270.0;270.0
167.0;2.5815;2.6012;0.2953;-0.1511;355;185;-0.0147;5.1832;0.0000;0.0111;4.5538;270.0;270.0;270.0;270.0
167.5;2.5820;2.6012;-0.0852;-0.2253;353;187;-0.0049;6.5496;0.0000;0.0111;6.1530;270.0;270.0;270.0;270.0
168.0;2.5815;2.6012;0.0137;-0.3159;363;177;-0.0049;7.9160;0.0000;0.0111;7.7522;270.0;270.0;270.0;270.0
168.5;2.5815;2.6012;-0.2143;-0.4203;367;177;-0.1613;9.2824;0.0000;-0.0109;8.5518;270.0;270.0;270.0;270.0
169.0;2.5815;2.6012;-0.2088;-0.5412;374;167;-0.0733;10.6031;0.0000;-0.0109;10.1510;270.0;270.0;270.0;270.0
169.5;2.5820;2.6012;-0.5920;-0.6758;324;216;0.0147;11.8931;0.0000;-0.0328;11.7503;270.0;270.0;270.0;270.0
170.0;2.5810;2.6012;-0.7102;-0.8255;329;208;0.0244;13.1756;0.0000;-0.0548;12.5499;270.0;270.0;270.0;270.0
170.5;2.5797;2.6012;-1.3393;-0.9904;324;216;-0.0342;14.4275;-0.0076;-0.0768;14.1491;270.0;270.0;270.0;270.0
171.0;2.5788;2.6012;-1.6071;-1.1703;329;212;-0.1026;15.7939;-0.0076;-0.1427;15.7483;270.0;270.0;270.0;270.0
171.5;2.5783;2.6012;-1.5879;-1.3654;341;202;-0.0342;17.0382;-0.0076;-0.1867;16.5479;270.0;270.0;270.0;270.0
172.0;2.5769;2.6012;-1.8448;-1.5755;343;198;0.0635;18.3206;-0.0153;-0.2306;18.1471;270.0;270.0;270.0;270.0
172.5;2.5760;2.6012;-1.9327;-1.8008;355;191;-0.1026;19.6107;-0.0229;-0.2746;18.9467;270.0;270.0;270.0;270.0
173.0;2.5751;2.6012;-2.2953;-2.0412;359;189;-0.0049;20.9389;-0.0229;-0.3624;20.5460;270.0;270.0;270.0;270.0
173.5;2.5742;2.6012;-2.2473;-2.2953;372;177;-0.0049;22.1832;-0.0382;-0.4064;22.1452;270.0;270.0;270.0;270.0
174.0;2.5737;2.6012;-2.6635;-2.5659;374;175;0.0049;23.5038;-0.0458;-0.4943;22.9448;270.0;270.0;270.0;270.0
174.5;2.5723;2.6012;-2.4244;-2.8503;396;155;-0.0049;24.7557;-0.0534;-0.5602;24.5440;270.0;270.0;270.0;270.0
175.0;2.5710;2.6012;-2.8365;-3.1511;398;153;-0.0635;26.0382;-0.0687;-0.6481;25.3436;270.0;270.0;270.0;270.0
175.5;2.5705;2.6012;-3.1401;-3.4657;406;150;-0.0538;27.4046;-0.0840;-0.7360;26.9428;270.0;270.0;270.0;270.0
176.0;2.5705;2.6012;-3.4107;-3.7953;413;144;-0.0440;28.6947;-0.0992;-0.8239;28.5421;270.0;270.0;270.0;270.0
176.5;2.5714;2.6012;-3.5591;-4.1401;423;132;-0.0440;30.0611;-0.1221;-0.9338;29.3417;270.0;270.0;270.0;270.0
177.0;2.5723;2.6012;-3.4560;-4.5000;443;112;-0.1222;31.3817;-0.1450;-1.0217;30.9409;270.0;270.0;270.0;270.0
177.5;2.5728;2.6012;-4.0879;-4.8750;443;114;-0.1026;32.7099;-0.1679;-1.1535;32.5401;270.0;270.0;270.0;270.0
178.0;2.5728;2.6012;-4.1264;-5.2651;458;99;-0.1026;33.9542;-0.1985;-1.2634;33.3397;270.0;270.0;270.0;270.0
178.5;2.5723;2.6012;-4.9190;-5.6703;455;103;-0.1613;35.2443;-0.2290;-1.3952;34.9389;270.0;270.0;270.0;270.0
179.0;2.5719;2.6012;-4.9574;-6.0907;472;87;-0.1515;36.5267;-0.2595;-1.5490;35.7386;270.0;270.0;270.0;270.0
179.5;2.5723;2.6012;-5.6868;-6.5261;474;89;-0.2102;37.8550;-0.2977;-1.7029;37.3378;270.0;270.0;270.0;270.0
180.0;2.5737;2.6012;-5.8929;-6.9753;488;75;-0.2004;39.2595;-0.3435;-1.8787;38.9370;270.0;270.0;270.0;270.0
180.5;2.5765;2.6012;-6.5948;-7.4409;488;73;-0.2590;40.6260;-0.3893;-2.0764;40.5362;270.0;270.0;270.0;270.0
181.0;2.5792;2.6012;-7.2885;-7.9203;488;71;-0.1515;42.0305;-0.4427;-2.2742;41.3358;270.0;270.0;270.0;270.0
181.5;2.5820;2.6012;-7.8764;-8.4162;492;65;-0.2102;43.3969;-0.4962;-2.4939;42.9350;270.0;270.0;270.0;270.0
182.0;2.5847;2.6012;-8.2418;-8.9162;498;56;-0.2004;44.7634;-0.5573;-2.7356;44.5343;270.0;270.0;270.0;270.0
182.5;2.5875;2.6012;-8.4217;-9.4162;503;44;-0.3568;46.1221;-0.6260;-2.9774;46.1335;270.0;270.0;270.0;270.0
183.0;2.5911;2.6012;-9.3723;-9.9162;496;52;-0.1613;47.4886;-0.7023;-3.2410;46.9331;270.0;270.0;270.0;270.0
183.5;2.5952;2.6012;-9.5962;-10.4162;501;40;-0.2297;48.8931;-0.7863;-3.5267;48.5323;270.0;270.0;270.0;270.0
184.0;2.5994;2.6012;-10.5797;-10.9162;488;50;-0.2786;50.2595;-0.8702;-3.8343;50.1315;270.0;270.0;270.0;270.0
184.5;2.6030;2.6012;-10.9299;-11.4162;494;40;-0.2590;51.6183;-0.9695;-4.1420;50.9311;270.0;270.0;270.0;270.0
185.0;2.6071;2.6012;-11.4382;-11.9162;492;36;-0.0831;52.9847;-1.0687;-4.4716;52.5304;270.0;270.0;270.0;270.0
185.5;2.6103;2.6012;-11.7170;-12.4162;494;26;-0.1613;54.3053;-1.1756;-4.8012;54.1296;270.0;270.0;270.0;270.0
186.0;2.6126;2.6012;-12.5508;-12.9162;488;32;-0.1222;55.6260;-1.2901;-5.1748;54.9292;270.0;270.0;270.0;270.0
186.5;2.6136;2.6012;-13.4533;-13.4162;476;40;-0.1711;56.9847;-1.4198;-5.5483;56.5284;270.0;270.0;270.0;270.0
187.0;2.6145;2.6012;-13.8942;-13.9162;476;34;-0.2395;58.3053;-1.5496;-5.9438;58.1276;270.0;270.0;270.0;270.0
187.5;2.6154;2.6012;-14.5865;-14.4162;474;36;-0.1515;59.5878;-1.6870;-6.3614;58.9272;270.0;270.0;270.0;270.0
188.0;2.6149;2.6012;-14.6786;-14.9162;484;24;-0.0538;60.9008;-1.8397;-6.7789;60.5265;270.0;270.0;270.0;270.0
188.5;2.6140;2.6012;-15.7390;-15.4162;472;38;-0.0147;62.1374;-1.9924;-7.2403;62.1257;270.0;270.0;270.0;270.0
189.0;2.6136;2.6012;-15.9615;-15.9162;482;28;-0.0831;63.4962;-2.1679;-7.7018;62.9253;270.0;270.0;270.0;270.0
189.5;2.6126;2.6012;-16.7912;-16.4162;474;36;-0.1417;64.8092;-2.3511;-8.1852;64.5245;270.0;270.0;270.0;270.0
190.0;2.6122;2.6012;-17.2514;-16.9162;474;34;-0.0538;66.0840;-2.5420;-8.6686;66.1237;270.0;270.0;270.0;270.0
190.5;2.6117;2.6012;-17.6648;-17.4038;474;34;-0.1026;67.3893;-2.7481;-9.1740;66.9233;270.0;270.0;270.0;270.0
191.0;2.6122;2.6012;-18.0577;-17.8777;474;34;-0.1124;68.7023;-2.9618;-9.6794;68.5226;270.0;270.0;270.0;270.0
191.5;2.6131;2.6012;-18.5989;-18.3407;470;38;-0.1417;70.0458;-3.1985;-10.2288;70.1218;270.0;270.0;270.0;270.0
192.0;2.6140;2.6012;-19.2953;-18.7912;460;48;-0.1417;71.3130;-3.4351;-10.7781;70.9214;270.0;270.0;270.0;270.0
192.5;2.6136;2.6012;-19.4052;-19.2280;464;40;-0.1320;72.6489;-3.6947;-11.3275;72.5206;270.0;270.0;270.0;270.0
193.0;2.6126;2.6012;-19.9904;-19.6538;458;48;-0.1906;73.9466;-3.9618;-11.8988;74.1198;270.0;270.0;270.0;270.0
193.5;2.6126;2.6012;-20.1992;-20.0659;460;44;-0.2493;75.2824;-4.2519;-12.4921;74.9194;270.0;270.0;270.0;270.0
194.0;2.6131;2.6012;-21.0027;-20.4657;451;58;-0.1613;76.5802;-4.5420;-13.0854;76.5187;270.0;270.0;270.0;270.0
194.5;2.6136;2.6012;-21.7005;-20.8530;437;67;-0.1417;77.8702;-4.8473;-13.7007;78.1179;270.0;270.0;270.0;270.0
195.0;2.6136;2.6012;-22.5192;-21.2280;421;81;-0.0929;79.1527;-5.1679;-14.3599;78.9175;270.0;270.0;270.0;270.0
195.5;2.6136;2.6012;-22.7582;-21.5907;421;81;-0.0244;80.3969;-5.4962;-14.9971;80.5167;270.0;270.0;270.0;270.0
196.0;2.6149;2.6012;-23.0632;-21.9409;417;81;-0.0635;81.7557;-5.8702;-15.6783;82.1159;270.0;270.0;270.0;270.0
196.5;2.6168;2.6012;-23.2953;-22.2788;415;83;0.0635;83.0305;-6.2366;-16.3156;82.9155;270.0;270.0;270.0;270.0
197.0;2.6181;2.6012;-23.4959;-22.6030;415;81;-0.0635;84.3053;-6.6107;-16.9968;84.5147;270.0;270.0;270.0;270.0
197.5;2.6186;2.6012;-23.9176;-22.9162;408;87;0.0342;85.5267;-7.0000;-17.6780;86.1140;270.0;270.0;270.0;270.0
198.0;2.6190;2.6012;-23.8640;-23.2157;415;79;-0.0342;86.7939;-7.4046;-18.3811;86.9136;270.0;270.0;270.0;270.0
198.5;2.6195;2.6012;-24.2692;-23.5027;408;87;0.0244;88.0076;-7.8168;-19.0623;88.5128;270.0;270.0;270.0;270.0
199.0;2.6190;2.6012;-24.1319;-23.7788;413;79;0.0342;89.2214;-8.2443;-19.7655;89.3124;270.0;270.0;270.0;270.0
199.5;2.6181;2.6012;-24.6401;-24.0412;404;89;0.0733;90.4275;-8.6870;-20.4687;90.9116;270.0;270.0;270.0;270.0
200.0;2.6163;2.6012;-24.8475;-24.2912;402;93;-0.0342;91.5954;-9.1298;-21.1718;92.5108;270.0;270.0;270.0;270.0
200.5;2.6145;2.6012;-25.2335;-24.5288;394;101;0.0244;92.8321;-9.6183;-21.9190;93.3105;270.0;270.0;270.0;270.0
201.0;2.6131;2.6012;-25.2747;-24.7527;398;101;-0.1124;94.0229;-10.1069;-22.6221;94.9097;270.0;270.0;270.0;270.0
201.5;2.6122;2.6012;-25.1896;-24.9657;402;97;-0.1613;95.3130;-10.6565;-23.3473;96.5089;270.0;270.0;270.0;270.0
202.0;2.6126;2.6012;-25.6566;-25.1662;392;105;-0.1515;96.5267;-11.1908;-24.0724;97.3085;270.0;270.0;270.0;270.0
202.5;2.6140;2.6012;-25.7253;-25.3530;394;105;-0.1320;97.8092;-11.7710;-24.8415;98.9077;270.0;270.0;270.0;270.0
203.0;2.6172;2.6012;-26.0096;-25.5288;386;109;-0.3079;99.0840;-12.3664;-25.5666;100.5069;270.0;270.0;270.0;270.0
203.5;2.6204;2.6012;-25.9341;-25.6909;386;103;-0.3177;100.3435;-12.9847;-26.2918;102.1062;270.0;270.0;270.0;270.0
204.0;2.6250;2.6012;-26.4011;-25.8407;374;112;-0.1906;101.6412;-13.6336;-27.0828;102.9058;270.0;270.0;270.0;270.0
204.5;2.6300;2.6012;-26.3819;-25.9780;370;109;-0.3079;102.8855;-14.2824;-27.8080;104.5050;270.0;270.0;270.0;270.0
205.0;2.6346;2.6012;-26.8132;-26.1030;361;116;-0.2395;104.1298;-14.9466;-28.5991;106.1042;270.0;270.0;270.0;270.0
205.5;2.6392;2.6012;-27.1497;-26.2157;349;122;-0.2102;105.3206;-15.6107;-29.3681;107.7034;270.0;270.0;270.0;270.0
206.0;2.6438;2.6012;-27.4011;-26.3159;335;126;-0.2590;106.5420;-16.3053;-30.1372;108.5030;270.0;270.0;270.0;270.0
206.5;2.6474;2.6012;-27.4162;-26.4038;333;124;-0.1711;107.7252;-17.0000;-30.9283;110.1023;270.0;270.0;270.0;270.0
207.0;2.6502;2.6012;-27.3736;-26.4780;329;122;-0.2297;108.9237;-17.7328;-31.7194;111.7015;270.0;270.0;270.0;270.0
207.5;2.6520;2.6012;-27.6923;-26.5412;318;132;-0.0831;110.0458;-18.4351;-32.5324;112.5011;270.0;270.0;270.0;270.0
208.0;2.6534;2.6012;-27.6387;-26.5907;314;132;-0.0244;111.1298;-19.1374;-33.3015;114.1003;270.0;270.0;270.0;270.0
208.5;2.6529;2.6012;-27.8530;-26.6277;302;140;0.0244;112.1985;-19.8473;-34.1145;115.6995;270.0;270.0;270.0;270.0
209.0;2.6516;2.6012;-27.4176;-26.6538;310;132;0.0538;113.2214;-20.5496;-34.8836;116.4991;270.0;270.0;270.0;270.0
209.5;2.6506;2.6012;-27.3448;-26.6607;306;136;0.0147;114.3435;-21.3435;-35.6967;118.0984;270.0;270.0;270.0;270.0
210.0;2.6497;2.6012;-27.0893;-26.6607;310;134;0.0342;115.3435;-22.0763;-36.4438;119.6976;270.0;270.0;270.0;270.0
210.5;2.6474;2.6012;-27.1264;-26.6607;310;136;-0.0244;116.3740;-22.8473;-37.2129;120.4972;270.0;270.0;270.0;270.0
211.0;2.6442;2.6012;-27.1181;-26.6607;310;138;0.0635;117.3664;-23.6031;-38.0039;122.0964;270.0;270.0;270.0;270.0
211.5;2.6410;2.6012;-26.8091;-26.6607;318;130;-0.0049;118.3740;-24.4046;-38.7950;122.8960;270.0;270.0;270.0;270.0
212.0;2.6369;2.6012;-26.6909;-26.6607;322;130;0.0342;119.3359;-25.1908;-39.5421;124.4952;270.0;270.0;270.0;270.0
212.5;2.6319;2.6012;-26.4025;-26.6607;331;124;0.0147;120.2290;-25.9389;-40.2892;125.2948;270.0;270.0;270.0;270.0
213.0;2.6277;2.6012;-26.6456;-26.6607;327;134;-0.0440;121.2061;-26.7786;-41.0363;126.8941;270.0;270.0;270.0;270.0
213.5;2.6232;2.6012;-26.4190;-26.6607;337;132;-0.0440;122.1145;-27.5725;-41.8054;127.6937;270.0;270.0;270.0;270.0
214.0;2.6190;2.6012;-26.5014;-26.6607;335;136;-0.0929;123.0916;-28.4656;-42.5965;129.2929;270.0;270.0;270.0;270.0
214.5;2.6149;2.6012;-26.3283;-26.6607;341;134;-0.1613;124.0076;-29.3130;-43.3216;130.8921;270.0;270.0;270.0;270.0
215.0;2.6122;2.6012;-26.3379;-26.6607;347;136;-0.1222;124.9695;-30.2290;-44.0688;131.6917;270.0;270.0;270.0;270.0
215.5;2.6103;2.6012;-26.2596;-26.6607;349;136;-0.0440;125.8855;-31.1298;-44.8379;133.2909;270.0;270.0;270.0;270.0
216.0;2.6085;2.6012;-26.5467;-26.6607;343;144;-0.1026;126.8168;-32.0687;-45.6069;134.8902;270.0;270.0;270.0;270.0
216.5;2.6058;2.6012;-26.7060;-26.6607;341;150;-0.0440;127.7099;-33.0000;-46.3541;135.6898;270.0;270.0;270.0;270.0
217.0;2.6026;2.6012;-26.5179;-26.6607;347;146;-0.1417;128.5649;-33.9008;-47.1012;137.2890;270.0;270.0;270.0;270.0
217.5;2.5994;2.6012;-26.6662;-26.6607;345;152;0.0635;129.4046;-34.8244;-47.8922;138.0886;270.0;270.0;270.0;270.0
218.0;2.5962;2.6012;-26.4478;-26.6607;353;150;0.0244;130.2366;-35.7481;-48.6394;139.6878;270.0;270.0;270.0;270.0
218.5;2.5934;2.6012;-26.5069;-26.6607;353;153;-0.0147;131.0840;-36.7252;-49.4084;140.4874;270.0;270.0;270.0;270.0
219.0;2.5902;2.6012;-26.4313;-26.6607;359;153;0.0147;131.8855;-37.6718;-50.1556;142.0867;270.0;270.0;270.0;270.0
219.5;2.5865;2.6012;-26.5027;-26.6607;359;157;-0.0440;132.7023;-38.6641;-50.9027;143.6859;270.0;270.0;270.0;270.0
220.0;2.5829;2.6012;-26.3805;-26.6607;363;155;0.0440;133.4809;-39.6412;-51.6718;144.4855;270.0;270.0;270.0;270.0
220.5;2.5801;2.6012;-26.3022;-26.6607;369;157;0.1124;134.2748;-40.6489;-52.4189;146.0847;270.0;270.0;270.0;270.0
221.0;2.5774;2.6012;-26.3901;-26.6607;367;161;0.0342;135.0305;-41.6412;-53.1880;146.8843;270.0;270.0;270.0;270.0
221.5;2.5742;2.6012;-26.3228;-26.6607;369;161;0.1026;135.7405;-42.6107;-53.9351;148.4835;270.0;270.0;270.0;270.0
222.0;2.5719;2.6012;-26.4835;-26.6607;369;167;-0.0440;136.4962;-43.6565;-54.6822;149.2831;270.0;270.0;270.0;270.0
222.5;2.5696;2.6012;-26.2830;-26.6607;374;163;-0.1320;137.2061;-44.6794;-55.4293;150.8824;270.0;270.0;270.0;270.0
223.0;2.5678;2.6012;-26.2843;-26.6484;372;169;-0.1711;137.9771;-45.8092;-56.2204;152.4816;270.0;270.0;270.0;270.0
223.5;2.5668;2.6012;-26.1909;-26.6236;372;171;-0.1711;138.6641;-46.8473;-56.9455;153.2812;270.0;270.0;270.0;270.0
224.0;2.5673;2.6012;-26.1552;-26.5852;370;175;-0.2199;139.3969;-48.0000;-57.6926;154.8804;270.0;270.0;270.0;270.0
224.5;2.5687;2.6012;-26.0810;-26.5357;369;177;-0.3666;140.1679;-49.2290;-58.4398;156.4796;270.0;270.0;270.0;270.0
225.0;2.5710;2.6012;-26.1044;-26.4725;365;183;-0.2786;140.8931;-50.4275;-59.2089;158.0788;270.0;270.0;270.0;270.0
225.5;2.5737;2.6012;-25.9945;-26.3984;359;185;-0.1515;141.5649;-51.5725;-59.9560;158.8785;270.0;270.0;270.0;270.0
226.0;2.5760;2.6012;-26.1209;-26.3104;347;193;-0.1515;142.2214;-52.7252;-60.6811;160.4777;270.0;270.0;270.0;270.0
226.5;2.5783;2.6012;-26.5343;-26.2102;329;208;-0.2004;142.8855;-53.9237;-61.4282;162.0769;270.0;270.0;270.0;270.0
227.0;2.5810;2.6012;-26.7157;-26.0975;316;220;-0.0342;143.5267;-55.1298;-62.1973;162.8765;270.0;270.0;270.0;270.0
227.5;2.5838;2.6012;-26.8022;-25.9725;306;228;-0.0733;144.1756;-56.3740;-63.0104;164.4757;270.0;270.0;270.0;270.0
228.0;2.5865;2.6012;-26.7473;-25.8352;296;232;-0.0635;144.7557;-57.5267;-63.7355;166.0750;270.0;270.0;270.0;270.0
228.5;2.5893;2.6012;-26.6937;-25.6854;288;238;-0.0342;145.3512;-58.7557;-64.5046;166.8746;270.0;270.0;270.0;270.0
229.0;2.5902;2.6012;-26.5948;-25.5234;281;241;-0.1124;145.8779;-59.8855;-65.2737;168.4738;270.0;270.0;270.0;270.0
229.5;2.5902;2.6012;-26.5879;-25.3475;273;251;-0.0342;146.4122;-61.0534;-66.0428;170.0730;270.0;270.0;270.0;270.0
230.0;2.5902;2.6012;-26.2582;-25.1607;271;251;-0.0538;146.9237;-62.2290;-66.7899;170.8726;270.0;270.0;270.0;270.0
230.5;2.5884;2.6012;-26.0549;-24.9602;267;255;0.0147;147.3817;-63.3053;-67.5150;172.4718;270.0;270.0;270.0;270.0
231.0;2.5847;2.6012;-25.6236;-24.7486;269;257;0.0049;147.8473;-64.4580;-68.2621;173.2714;270.0;270.0;270.0;270.0
231.5;2.5815;2.6012;-25.2239;-24.5234;271;259;0.0733;148.2901;-65.5802;-68.9873;174.8707;270.0;270.0;270.0;270.0
232.0;2.5778;2.6012;-24.9588;-24.2857;267;265;-0.0831;148.7405;-66.7863;-69.7124;175.6703;270.0;270.0;270.0;270.0
232.5;2.5746;2.6012;-24.7843;-24.0357;263;277;0.0538;149.1832;-67.9924;-70.4156;177.2695;270.0;270.0;270.0;270.0
233.0;2.5719;2.6012;-24.6195;-23.7734;257;286;0.0538;149.6031;-69.2061;-71.1188;178.8687;270.0;270.0;270.0;270.0
233.5;2.5691;2.6012;-24.3420;-23.4986;251;292;0.1320;150.0229;-70.4656;-71.8219;179.6683;270.0;270.0;270.0;270.0
234.0;2.5664;2.6012;-24.2349;-23.2102;245;306;0.1222;150.4046;-71.6565;-72.5251;181.2675;270.0;270.0;270.0;270.0
234.5;2.5627;2.6012;-23.9162;-22.9107;241;312;0.2004;150.7634;-72.8092;-73.2063;182.0671;270.0;270.0;270.0;270.0
235.0;2.5604;2.6012;-23.7266;-22.5975;234;324;0.2395;151.1145;-74.0000;-73.8655;183.6664;270.0;270.0;270.0;270.0
235.5;2.5577;2.6012;-23.4835;-22.2734;228;333;0.1808;151.4657;-75.2366;-74.5467;184.4660;270.0;270.0;270.0;270.0
236.0;2.5554;2.6012;-23.1566;-21.9354;224;343;0.2395;151.7939;-76.4427;-75.2059;186.0652;270.0;270.0;270.0;270.0
236.5;2.5545;2.6012;-22.8036;-21.5852;220;349;0.2493;152.1221;-77.7252;-75.8652;187.6644;270.0;270.0;270.0;270.0
237.0;2.5549;2.6012;-22.4135;-21.2225;214;355;0.1320;152.4504;-79.0534;-76.5024;188.4640;270.0;270.0;270.0;270.0
237.5;2.5563;2.6012;-21.9684;-20.8475;212;361;0.1124;152.7634;-80.3817;-77.1396;190.0632;270.0;270.0;270.0;270.0
238.0;2.5563;2.6012;-21.3558;-20.4602;212;361;0.1906;153.0534;-81.6794;-77.7549;191.6625;270.0;270.0;270.0;270.0
238.5;2.5563;2.6012;-21.0192;-20.0604;206;367;0.0929;153.3130;-82.9313;-78.3482;192.4621;270.0;270.0;270.0;270.0
239.0;2.5554;2.6012;-20.3654;-19.6484;208;367;0.1515;153.5649;-84.1527;-78.9415;194.0613;270.0;270.0;270.0;270.0
239.5;2.5540;2.6012;-19.8365;-19.2225;204;372;0.1124;153.7939;-85.3817;-79.4909;194.8609;270.0;270.0;270.0;270.0
240.0;2.5536;2.6012;-19.3530;-18.7857;200;374;0.1124;154.0305;-86.6870;-80.0402;196.4601;270.0;270.0;270.0;270.0
240.5;2.5531;2.6012;-18.7761;-18.3352;200;380;0.0929;154.2443;-87.9160;-80.5896;198.0593;270.0;270.0;270.0;270.0
241.0;2.5517;2.6012;-18.2486;-17.8736;196;382;0.1613;154.4427;-89.1832;-81.1169;198.8589;270.0;270.0;270.0;270.0
241.5;2.5508;2.6012;-17.5618;-17.3984;198;384;0.1320;154.6412;-90.4580;-81.6223;200.4582;270.0;270.0;270.0;270.0
242.0;2.5504;2.6012;-17.0494;-16.9107;195;392;0.1026;154.8244;-91.7252;-82.1058;201.2578;270.0;270.0;270.0;270.0
242.5;2.5485;2.6012;-16.4148;-16.4107;191;394;0.1808;154.9847;-92.9618;-82.5892;202.8570;270.0;270.0;270.0;270.0
243.0;2.5467;2.6012;-15.9959;-15.9107;189;402;0.2199;155.1374;-94.1603;-83.0287;204.4562;270.0;270.0;270.0;270.0
243.5;2.5458;2.6012;-15.4725;-15.4107;189;404;0.2199;155.2901;-95.4351;-83.4682;205.2558;270.0;270.0;270.0;270.0
244.0;2.5453;2.6012;-15.0426;-14.9107;185;408;0.2786;155.4351;-96.7557;-83.9076;206.8550;270.0;270.0;270.0;270.0
244.5;2.5462;2.6012;-14.6236;-14.4107;181;413;0.3470;155.5725;-98.1145;-84.3251;208.4543;270.0;270.0;270.0;270.0
245.0;2.5472;2.6012;-14.1181;-13.9107;179;415;0.3275;155.7023;-99.3969;-84.7207;209.2539;270.0;270.0;270.0;270.0
245.5;2.5490;2.6012;-13.8146;-13.4107;169;421;0.3275;155.8168;-100.7557;-85.1382;210.8531;270.0;270.0;270.0;270.0
246.0;2.5522;2.6012;-13.4712;-12.9107;163;427;0.3079;155.9313;-102.1145;-85.5117;212.4523;270.0;270.0;270.0;270.0
246.5;2.5554;2.6012;-13.0810;-12.4107;157;433;0.2884;156.0305;-103.4809;-85.8853;213.2519;270.0;270.0;270.0;270.0
247.0;2.5572;2.6012;-12.2376;-11.9107;163;421;0.1124;156.1221;-104.7634;-86.2369;214.8512;270.0;270.0;270.0;270.0
247.5;2.5591;2.6012;-11.3516;-11.4107;173;413;0.0635;156.2061;-106.0458;-86.5665;215.6508;270.0;270.0;270.0;270.0
248.0;2.5604;2.6012;-10.3997;-10.9107;183;400;0.0440;156.2824;-107.4122;-86.8741;217.2500;270.0;270.0;270.0;270.0
248.5;2.5614;2.6012;-9.5412;-10.4107;191;390;-0.0049;156.3512;-108.6947;-87.1378;218.8492;270.0;270.0;270.0;270.0
249.0;2.5632;2.6012;-9.0027;-9.9107;189;390;-0.0147;156.4122;-110.0611;-87.4015;219.6488;270.0;270.0;270.0;270.0
249.5;2.5650;2.6012;-8.5742;-9.4107;185;392;-0.0244;156.4733;-111.4275;-87.6432;221.2480;270.0;270.0;270.0;270.0
250.0;2.5668;2.6012;-8.1744;-8.9107;181;394;-0.1124;156.5267;-112.8321;-87.8849;222.8472;270.0;270.0;270.0;270.0
250.5;2.5696;2.6012;-7.6099;-8.4107;181;392;-0.0635;156.5802;-114.1985;-88.1047;224.4465;270.0;270.0;270.0;270.0
251.0;2.5737;2.6012;-7.3503;-7.9107;169;398;-0.1515;156.6260;-115.6031;-88.3024;225.2461;270.0;270.0;270.0;270.0
251.5;2.5765;2.6012;-6.8668;-7.4258;171;392;-0.0831;156.6641;-116.9695;-88.5002;226.8453;270.0;270.0;270.0;270.0
252.0;2.5792;2.6012;-6.5728;-6.9560;169;392;-0.0147;156.6947;-118.2901;-88.6980;228.4445;270.0;270.0;270.0;270.0
252.5;2.5815;2.6012;-5.9107;-6.5000;177;380;0.0440;156.7252;-119.6565;-88.8518;230.0437;270.0;270.0;270.0;270.0
253.0;2.5829;2.6012;-5.3709;-6.0604;181;374;0.1026;156.7481;-120.9084;-89.0056;230.8433;270.0;270.0;270.0;270.0
253.5;2.5833;2.6012;-4.8764;-5.6360;185;369;0.1613;156.7710;-122.1908;-89.1594;232.4426;270.0;270.0;270.0;270.0
254.0;2.5829;2.6012;-4.4121;-5.2253;189;361;-0.0147;156.7863;-123.4733;-89.2693;233.2422;270.0;270.0;270.0;270.0
254.5;2.5829;2.6012;-4.0179;-4.8310;193;357;-0.1026;156.8015;-124.8015;-89.4011;234.8414;270.0;270.0;270.0;270.0
255.0;2.5838;2.6012;-3.5082;-4.4505;198;349;0.0342;156.8168;-126.1298;-89.4890;236.4406;270.0;270.0;270.0;270.0
255.5;2.5842;2.6012;-3.2857;-4.0852;198;349;0.0244;156.8244;-127.4580;-89.5769;237.2402;270.0;270.0;270.0;270.0
256.0;2.5838;2.6012;-2.8173;-3.7363;204;343;0.1711;156.8321;-128.7023;-89.6648;238.8394;270.0;270.0;270.0;270.0
256.5;2.5833;2.6012;-2.5412;-3.4011;206;339;0.0831;156.8397;-129.9847;-89.7308;239.6391;270.0;270.0;270.0;270.0
257.0;2.5829;2.6012;-2.1332;-3.0810;212;335;0.0733;156.8473;-131.3512;-89.7967;241.2383;270.0;270.0;270.0;270.0
257.5;2.5815;2.6012;-1.9038;-2.7761;214;333;0.0635;156.8473;-132.5573;-89.8626;242.8375;270.0;270.0;270.0;270.0
258.0;2.5797;2.6012;-1.6030;-2.4863;220;329;0.1320;156.8550;-133.8855;-89.9065;243.6371;270.0;270.0;270.0;270.0
258.5;2.5783;2.6012;-1.2747;-2.2102;226;326;-0.0440;156.8550;-135.1298;-89.9285;245.2363;270.0;270.0;270.0;270.0
259.0;2.5769;2.6012;-0.9574;-1.9505;232;320;0.1124;156.8550;-136.4580;-89.9725;246.8355;270.0;270.0;270.0;270.0
259.5;2.5751;2.6012;-0.8462;-1.7060;232;322;0.0244;156.8550;-137.7405;-89.9944;247.6351;270.0;270.0;270.0;270.0
260.0;2.5728;2.6012;-0.7418;-1.4753;236;322;0.1026;156.8550;-138.9924;-90.0164;249.2344;270.0;270.0;270.0;270.0
260.5;2.5701;2.6012;-0.3242;-1.2610;243;314;0.0049;156.8550;-140.2748;-90.0164;250.0340;270.0;270.0;270.0;270.0
261.0;2.5673;2.6012;-0.2459;-1.0604;247;314;0.0049;156.8550;-141.4809;-90.0384;251.6332;270.0;270.0;270.0;270.0
261.5;2.5655;2.6012;0.1374;-0.8750;259;306;-0.0929;156.8550;-142.8092;-90.0164;252.4328;270.0;270.0;270.0;270.0
262.0;2.5646;2.6012;0.1841;-0.7060;261;306;0.0733;156.8550;-144.0534;-90.0164;254.0320;270.0;270.0;270.0;270.0
262.5;2.5641;2.6012;0.2019;-0.5508;263;306;-0.0929;156.8550;-145.3817;-90.0164;255.6312;270.0;270.0;270.0;270.0
263.0;2.5627;2.6012;-0.0440;-0.4107;257;312;-0.0049;156.8550;-146.5878;-90.0164;256.4308;270.0;270.0;270.0;270.0
263.5;2.5604;2.6012;0.0288;-0.2857;263;312;-0.0049;156.8550;-147.8702;-90.0164;258.0301;270.0;270.0;270.0;270.0
264.0;2.5586;2.6012;0.1195;-0.1758;267;308;-0.0049;156.8550;-149.1603;-90.0164;258.8297;270.0;270.0;270.0;270.0
264.5;2.5563;2.6012;0.1113;-0.0810;271;308;-0.0929;156.8550;-150.4046;-90.0164;260.4289;270.0;270.0;270.0;270.0
265.0;2.5545;2.6012;0.2926;0.0000;261;320;-0.0147;156.8550;-151.6870;-89.9944;262.0281;270.0;270.0;270.0;270.0
265.5;2.5531;2.6012;0.3091;0.0000;288;294;-0.0929;156.8550;-152.9389;-89.9944;262.8277;270.0;270.0;270.0;270.0
266.0;2.5513;2.6012;0.5495;0.0000;296;288;-0.0244;156.8550;-154.2214;-89.9725;264.4269;270.0;270.0;270.0;270.0
266.5;2.5490;2.6012;0.6717;0.0000;302;288;-0.0244;156.8550;-155.5114;-89.9505;265.2266;270.0;270.0;270.0;270.0
267.0;2.5472;2.6012;0.7060;0.0000;304;288;-0.0342;156.8626;-156.7939;-89.9285;266.8258;270.0;270.0;270.0;270.0
267.5;2.5453;2.6012;0.6703;0.0000;302;290;0.0538;156.8626;-158.0382;-89.9065;268.4250;270.0;270.0;270.0;270.0
268.0;2.5444;2.6012;0.6525;0.0000;302;292;0.1515;1.2824;0.0000;-0.0109;0.5557;270.0;270.0;270.0;270.0
268.5;2.5444;2.6012;0.5838;0.0000;302;296;0.0538;2.6107;0.0000;0.0111;2.1549;270.0;270.0;270.0;270.0
269.0;2.5462;2.6012;0.5920;0.0000;302;296;-0.0244;3.9771;0.0000;0.0331;3.7542;270.0;270.0;270.0;270.0
269.5;2.5472;2.6012;0.5179;0.0000;300;298;-0.0244;5.2595;0.0000;0.0331;4.5538;270.0;270.0;270.0;270.0
270.0;2.5481;2.6012;0.4478;0.0000;298;298;-0.0244;6.5496;0.0000;0.0551;6.1530;270.0;270.0;270.0;270.0
270.5;2.5499;2.6012;0.3091;0.0000;294;302;0.0635;7.9542;0.0000;0.0551;7.7522;270.0;270.0;270.0;270.0
271.0;2.5513;2.6012;0.3530;0.0000;294;300;0.0635;9.1985;0.0000;0.0770;8.5518;270.0;270.0;270.0;270.0
271.5;2.5527;2.6012;0.3585;0.0000;292;300;0.1417;10.5649;0.0076;0.0770;10.1510;270.0;270.0;270.0;270.0
272.0;2.5540;2.6012;0.3654;0.0000;292;298;0.0635;11.8931;0.0076;0.0990;11.7503;270.0;270.0;270.0;270.0
272.5;2.5554;2.6012;0.4766;0.0000;294;296;0.1417;13.2595;0.0076;0.0990;12.5499;270.0;270.0;270.0;270.0
273.0;2.5563;2.6012;0.4258;0.0000;292;296;0.0635;14.5878;0.0153;0.1210;14.1491;270.0;270.0;270.0;270.0
273.5;2.5586;2.6012;0.5426;0.0000;294;294;0.0538;15.9084;0.0153;0.1210;15.7483;270.0;270.0;270.0;270.0
274.0;2.5591;2.6012;0.5948;0.0000;294;292;0.0538;17.2366;0.0153;0.1430;16.5479;270.0;270.0;270.0;270.0
274.5;2.5609;2.6012;0.5591;0.0000;294;292;0.0538;18.5649;0.0229;0.1649;18.1471;270.0;270.0;270.0;270.0
275.0;2.5632;2.6012;0.4698;0.0000;290;294;0.0538;19.9695;0.0305;0.1869;19.7464;270.0;270.0;270.0;270.0
275.5;2.5664;2.6012;0.4080;0.0000;286;292;0.0635;21.2977;0.0305;0.1869;20.5460;270.0;270.0;270.0;270.0
276.0;2.5696;2.6007;0.3379;0.0000;279;288;0.0635;22.7023;0.0382;0.2089;22.1452;270.0;270.0;270.0;270.0
276.5;2.5733;2.6003;0.3475;0.0000;275;284;0.0635;24.1069;0.0382;0.2089;23.7444;270.0;270.0;270.0;270.0
277.0;2.5778;2.5998;0.4382;0.0000;273;277;0.0635;25.5191;0.0458;0.2308;25.3436;270.0;270.0;270.0;270.0
277.5;2.5815;2.5989;0.3956;0.0000;267;273;0.0635;26.8397;0.0534;0.2308;26.1432;270.0;270.0;270.0;270.0
278.0;2.5847;2.5980;0.3819;0.0000;263;269;-0.0147;28.2061;0.0611;0.2528;27.7425;270.0;270.0;270.0;270.0
278.5;2.5875;2.5971;0.3723;0.0000;257;263;-0.0147;29.5725;0.0687;0.2528;29.3417;270.0;270.0;270.0;270.0
279.0;2.5902;2.5957;0.2404;0.0000;249;261;-0.0929;30.9008;0.0687;0.2528;30.1413;270.0;270.0;270.0;270.0
279.5;2.5925;2.5943;0.1250;0.0000;241;257;-0.1711;32.3511;0.0763;0.2748;31.7405;270.0;270.0;270.0;270.0
280.0;2.5952;2.5929;0.1566;0.0000;238;251;-0.0929;33.6718;0.0840;0.2748;33.3397;270.0;270.0;270.0;270.0
280.5;2.5980;2.5911;0.1195;0.0000;234;247;-0.0929;35.0840;0.0916;0.2748;34.9389;270.0;270.0;270.0;270.0
281.0;2.6003;2.5893;0.1332;0.0000;228;239;-0.0929;36.4886;0.0992;0.2748;35.7386;270.0;270.0;270.0;270.0
281.5;2.6026;2.5870;0.2047;0.0000;226;234;-0.0929;37.8931;0.1069;0.2748;37.3378;270.0;270.0;270.0;270.0
282.0;2.6044;2.5847;0.1030;0.0000;218;230;-0.0929;39.2214;0.1145;0.2968;38.9370;270.0;270.0;270.0;270.0
282.5;2.6058;2.5824;0.0852;0.0000;212;226;-0.0049;40.5115;0.1221;0.2968;39.7366;270.0;270.0;270.0;270.0
283.0;2.6053;2.5801;0.0124;0.0000;206;224;-0.0049;41.8779;0.1298;0.2968;41.3358;270.0;270.0;270.0;270.0
283.5;2.6058;2.5774;-0.0440;0.0000;200;220;-0.0831;43.1985;0.1298;0.2968;42.9350;270.0;270.0;270.0;270.0
284.0;2.6058;2.5746;-0.0797;0.0000;196;216;-0.0049;44.5649;0.1374;0.2748;44.5343;270.0;270.0;270.0;270.0
284.5;2.6058;2.5714;0.0055;0.0000;195;208;-0.0831;45.8931;0.1450;0.2748;45.3339;270.0;270.0;270.0;270.0
285.0;2.6053;2.5687;0.0687;0.0000;191;202;-0.0831;47.2214;0.1527;0.2968;46.9331;270.0;270.0;270.0;270.0
285.5;2.6039;2.5650;0.1223;0.0000;189;196;-0.0929;48.5420;0.1603;0.2968;48.5323;270.0;270.0;270.0;270.0
286.0;2.6016;2.5618;0.2720;0.0000;189;189;-0.0929;49.8702;0.1679;0.2968;49.3319;270.0;270.0;270.0;270.0
286.5;2.5989;2.5582;0.3132;0.0000;187;185;-0.0147;51.1603;0.1756;0.2968;50.9311;270.0;270.0;270.0;270.0
287.0;2.5952;2.5545;0.3984;0.0000;185;179;-0.0147;52.4427;0.1832;0.3187;51.7307;270.0;270.0;270.0;270.0
287.5;2.5907;2.5504;0.4080;0.0000;183;177;-0.0147;53.7328;0.1908;0.3407;53.3300;270.0;270.0;270.0;270.0
288.0;2.5856;2.5467;0.3516;0.0000;179;175;0.0635;54.9771;0.1985;0.3407;54.9292;270.0;270.0;270.0;270.0
288.5;2.5806;2.5421;0.2940;0.0000;175;175;-0.0147;56.2595;0.2061;0.3407;55.7288;270.0;270.0;270.0;270.0
289.0;2.5760;2.5380;0.4327;0.0000;175;167;-0.1026;57.5878;0.2137;0.3627;57.3280;270.0;270.0;270.0;270.0
289.5;2.5714;2.5334;0.4093;0.0000;171;167;-0.0147;58.8779;0.2214;0.3627;58.1276;270.0;270.0;270.0;270.0
290.0;2.5655;2.5288;0.4492;0.0000;169;163;0.0635;60.1221;0.2290;0.3847;59.7268;270.0;270.0;270.0;270.0
290.5;2.5595;2.5238;0.5014;0.0000;167;159;-0.0244;61.3282;0.2366;0.4066;61.3261;270.0;270.0;270.0;270.0
291.0;2.5536;2.5188;0.4506;0.0000;165;159;-0.0244;62.6107;0.2519;0.4066;62.1257;270.0;270.0;270.0;270.0
291.5;2.5481;2.5137;0.4698;0.0000;163;157;-0.1026;63.8550;0.2595;0.4286;63.7249;270.0;270.0;270.0;270.0
292.0;2.5421;2.5082;0.4876;0.0000;161;153;0.0538;65.1069;0.2672;0.4506;64.5245;270.0;270.0;270.0;270.0
292.5;2.5357;2.5027;0.5069;0.0000;159;152;-0.0244;66.3130;0.2748;0.4506;66.1237;270.0;270.0;270.0;270.0
293.0;2.5302;2.4973;0.5124;0.0000;157;148;-0.0244;67.5954;0.2901;0.4726;66.9233;270.0;270.0;270.0;270.0
293.5;2.5243;2.4913;0.5756;0.0000;155;146;0.0538;68.8397;0.2977;0.4945;68.5226;270.0;270.0;270.0;270.0
294.0;2.5179;2.4853;0.5110;0.0000;152;144;-0.0244;70.0458;0.3130;0.4945;69.3222;270.0;270.0;270.0;270.0
294.5;2.5092;2.4794;0.5989;0.0000;152;140;-0.0244;71.2519;0.3206;0.5165;70.9214;270.0;270.0;270.0;270.0
295.0;2.5009;2.4730;0.5618;0.0000;150;140;-0.0244;72.4580;0.3282;0.5385;71.7210;270.0;270.0;270.0;270.0
295.5;2.4927;2.4670;0.4794;0.0000;146;140;-0.0244;73.7481;0.3435;0.5385;73.3202;270.0;270.0;270.0;270.0
296.0;2.4844;2.4602;0.4492;0.0000;144;138;-0.0244;74.9466;0.3588;0.5605;74.9194;270.0;270.0;270.0;270.0
296.5;2.4762;2.4538;0.4712;0.0000;144;136;-0.0244;76.1527;0.3664;0.5824;75.7190;270.0;270.0;270.0;270.0
297.0;2.4684;2.4464;0.3791;0.0000;140;136;-0.0147;77.3588;0.3817;0.5824;77.3183;270.0;270.0;270.0;270.0
297.5;2.4615;2.4396;0.4341;0.0000;138;132;-0.0244;78.6489;0.3969;0.6044;78.1179;270.0;270.0;270.0;270.0
298.0;2.4547;2.4322;0.6305;0.0000;140;124;-0.0244;79.8550;0.4046;0.6264;79.7171;270.0;270.0;270.0;270.0
298.5;2.4473;2.4249;0.5948;0.0000;136;122;-0.0244;81.0611;0.4198;0.6264;80.5167;270.0;270.0;270.0;270.0
299.0;2.4391;2.4176;0.6758;0.0000;136;116;-0.0244;82.2672;0.4351;0.6484;82.1159;270.0;270.0;270.0;270.0
299.5;2.4309;2.4098;0.6662;0.0000;132;116;0.1320;83.4733;0.4504;0.6703;82.9155;270.0;270.0;270.0;270.0
300.0;2.4226;2.4020;0.5989;0.0000;128;114;-0.0244;84.6718;0.4656;0.6923;84.5147;270.0;270.0;270.0;270.0
300.5;2.4139;2.3942;0.5440;0.0000;124;114;0.0538;85.8397;0.4809;0.7143;85.3144;270.0;270.0;270.0;270.0
301.0;2.4057;2.3860;0.6003;0.0000;122;112;0.1320;87.0458;0.4962;0.7143;86.9136;270.0;270.0;270.0;270.0
301.5;2.3965;2.3777;0.4382;0.0000;114;112;0.0635;88.2137;0.5115;0.7363;87.7132;270.0;270.0;270.0;270.0
302.0;2.3869;2.3695;0.4354;0.0000;112;112;0.0635;89.3740;0.5267;0.7363;89.3124;270.0;270.0;270.0;270.0
302.5;2.3768;2.3608;0.6346;0.0000;116;105;-0.0244;90.5038;0.5344;0.7582;90.1120;270.0;270.0;270.0;270.0
303.0;2.3668;2.3521;0.6016;0.0000;112;103;-0.0244;91.6260;0.5496;0.7802;90.9116;270.0;270.0;270.0;270.0
303.5;2.3558;2.3429;0.7514;0.0000;114;97;-0.0342;92.8321;0.5725;0.8022;92.5108;270.0;270.0;270.0;270.0
304.0;2.3462;2.3338;0.7459;0.0000;112;95;0.0538;94.0000;0.5878;0.8241;93.3105;270.0;270.0;270.0;270.0
304.5;2.3361;2.3246;0.7940;0.0000;112;91;0.1320;95.2061;0.6031;0.8461;94.9097;270.0;270.0;270.0;270.0
305.0;2.3265;2.3155;0.5989;0.0000;105;95;-0.0244;96.3282;0.6183;0.8681;95.7093;270.0;270.0;270.0;270.0
305.5;2.3168;2.3059;0.5742;0.0000;101;93;0.0538;97.4962;0.6412;0.8901;97.3085;270.0;270.0;270.0;270.0
306.0;2.3082;2.2962;0.5165;0.0000;97;91;0.0538;98.6641;0.6565;0.8901;98.1081;270.0;270.0;270.0;270.0
306.5;2.2990;2.2862;0.4327;0.0000;93;91;-0.0244;99.8626;0.6794;0.9120;99.7073;270.0;270.0;270.0;270.0
307.0;2.2889;2.2766;0.3558;0.0000;87;89;0.1417;100.9924;0.6947;0.9120;100.5069;270.0;270.0;270.0;270.0
307.5;2.2784;2.2660;0.1071;0.0000;77;93;-0.0049;102.1145;0.7176;0.9120;102.1062;270.0;270.0;270.0;270.0
308.0;2.2669;2.2560;0.0467;0.0000;73;91;0.0733;103.1985;0.7328;0.9340;102.9058;270.0;270.0;270.0;270.0
308.5;2.2555;2.2454;-0.0604;0.0000;67;91;0.1613;104.3282;0.7481;0.9120;103.7054;270.0;270.0;270.0;270.0
309.0;2.2445;2.2349;-0.1841;0.0000;64;91;0.0049;105.5344;0.7710;0.9120;105.3046;270.0;270.0;270.0;270.0
309.5;2.2326;2.2239;-0.2198;0.0000;60;89;0.0049;106.5802;0.7863;0.9120;106.1042;270.0;270.0;270.0;270.0
310.0;2.2202;2.2129;-0.1854;0.0000;60;85;0.0049;107.7023;0.8015;0.9120;107.7034;270.0;270.0;270.0;270.0
310.5;2.2083;2.2019;-0.1580;0.0000;58;81;0.0049;108.8244;0.8244;0.8901;108.5030;270.0;270.0;270.0;270.0
311.0;2.1964;2.1909;-0.1030;0.0000;58;77;-0.1613;109.9542;0.8397;0.8901;109.3027;270.0;270.0;270.0;270.0
311.5;2.1845;2.1795;0.0041;0.0000;60;71;-0.0831;111.0382;0.8550;0.8901;110.9019;270.0;270.0;270.0;270.0
312.0;2.1726;2.1676;0.0440;0.0000;58;67;-0.1711;112.0840;0.8779;0.8901;111.7015;270.0;270.0;270.0;270.0
312.5;2.1607;2.1561;0.1181;0.0000;58;62;-0.0929;113.1679;0.8931;0.9120;112.5011;270.0;270.0;270.0;270.0
313.0;2.1488;2.1442;0.0962;0.0000;54;60;-0.0049;114.2137;0.9084;0.9120;114.1003;270.0;270.0;270.0;270.0
313.5;2.1364;2.1323;0.0014;0.0000;48;60;-0.0831;115.2977;0.9237;0.9120;114.8999;270.0;270.0;270.0;270.0
314.0;2.1236;2.1200;-0.1497;0.0000;42;60;-0.0831;116.3053;0.9389;0.9120;115.6995;270.0;270.0;270.0;270.0
314.5;2.1113;2.1076;-0.0536;0.0000;44;54;-0.0831;117.3893;0.9618;0.8901;117.2988;270.0;270.0;270.0;270.0
315.0;2.0989;2.0952;-0.0481;0.0000;40;52;-0.0049;118.4351;0.9771;0.8901;118.0984;270.0;270.0;270.0;270.0
315.5;2.0865;2.0824;0.0453;0.0000;40;48;-0.0049;119.4733;0.9924;0.8901;118.8980;270.0;270.0;270.0;270.0
316.0;2.0737;2.0701;0.2637;0.0000;46;42;-0.0929;120.4809;1.0076;0.9120;119.6976;270.0;270.0;270.0;270.0
316.5;2.0600;2.0577;0.3063;0.0000;46;40;-0.0147;121.4427;1.0229;0.9120;121.2968;270.0;270.0;270.0;270.0
317.0;2.0453;2.0449;0.4258;0.0000;50;36;-0.0244;122.4122;1.0382;0.9340;122.0964;270.0;270.0;270.0;270.0
317.5;2.0293;2.0325;0.4354;0.0000;50;36;-0.0244;123.2901;1.0534;0.9340;122.8960;270.0;270.0;270.0;270.0
318.0;2.0142;2.0201;0.4121;0.0000;50;38;0.0635;124.2977;1.0687;0.9560;123.6956;270.0;270.0;270.0;270.0
318.5;1.9986;2.0078;0.3393;0.0000;48;40;0.0635;125.2214;1.0840;0.9560;124.4952;270.0;270.0;270.0;270.0
319.0;1.9831;1.9950;0.3475;0.0000;48;40;-0.0147;126.1908;1.0992;0.9780;126.0945;270.0;270.0;270.0;270.0
319.5;1.9670;1.9826;0.3544;0.0000;50;40;-0.0929;127.1145;1.1221;0.9780;126.8941;270.0;270.0;270.0;270.0
320.0;1.9524;1.9702;0.4121;0.0000;52;40;-0.0244;128.0763;1.1374;0.9999;127.6937;270.0;270.0;270.0;270.0
320.5;1.9368;1.9574;0.5522;0.0000;56;38;-0.0244;128.9618;1.1527;0.9999;128.4933;270.0;270.0;270.0;270.0
321.0;1.9217;1.9451;0.6236;0.0000;58;36;-0.0244;129.8473;1.1679;1.0219;129.2929;270.0;270.0;270.0;270.0
321.5;1.9052;1.9327;0.7940;0.0000;64;32;-0.0342;130.7252;1.1832;1.0439;130.0925;270.0;270.0;270.0;270.0
322.0;1.8878;1.9199;0.9245;0.0000;67;32;-0.0342;131.5343;1.1985;1.0659;130.8921;270.0;270.0;270.0;270.0
322.5;1.8709;1.9075;0.9986;0.0000;69;30;-0.0440;132.4122;1.2137;1.1098;131.6917;270.0;270.0;270.0;270.0
323.0;1.8535;1.8951;1.0646;0.0000;73;32;-0.0440;133.2214;1.2290;1.1318;132.4913;270.0;270.0;270.0;270.0
323.5;1.8370;1.8828;0.9849;0.0000;73;36;0.0440;134.1450;1.2519;1.1538;134.0906;270.0;270.0;270.0;270.0
324.0;1.8201;1.8700;0.6456;0.0000;65;46;-0.1124;134.9847;1.2672;1.1757;134.8902;270.0;270.0;270.0;270.0
324.5;1.8045;1.8576;0.3324;0.0000;60;54;-0.0147;135.8702;1.2824;1.1977;135.6898;270.0;270.0;270.0;270.0
325.0;1.7885;1.8452;0.0261;0.0000;54;64;0.0733;136.7176;1.3053;1.1977;136.4894;270.0;270.0;270.0;270.0
325.5;1.7724;1.8324;-0.3091;0.0000;46;71;0.0049;137.5191;1.3206;1.1757;137.2890;270.0;270.0;270.0;270.0
326.0;1.7569;1.8201;-0.4217;0.0000;46;75;0.0929;138.3588;1.3359;1.1757;138.0886;270.0;270.0;270.0;270.0
326.5;1.7413;1.8077;-0.4409;0.0000;46;77;0.0147;139.1679;1.3511;1.1538;138.8882;270.0;270.0;270.0;270.0
327.0;1.7262;1.7949;-0.3599;0.0000;48;75;0.0049;140.0534;1.3740;1.1538;139.6878;270.0;270.0;270.0;270.0
327.5;1.7106;1.7825;-0.3049;0.0000;52;73;-0.0733;140.8168;1.3893;1.1318;140.4874;270.0;270.0;270.0;270.0
328.0;1.6951;1.7701;-0.0962;0.0000;58;69;-0.0831;141.5802;1.4046;1.1318;141.2870;270.0;270.0;270.0;270.0
328.5;1.6795;1.7578;0.1058;0.0000;64;65;-0.0049;142.3817;1.4198;1.1318;142.0867;270.0;270.0;270.0;270.0
329.0;1.6639;1.7450;0.1662;0.0000;65;65;-0.0147;143.1832;1.4351;1.1538;142.8863;270.0;270.0;270.0;270.0
329.5;1.6484;1.7326;0.2102;0.0000;67;65;0.0635;143.9466;1.4504;1.1538;143.6859;270.0;270.0;270.0;270.0
330.0;1.6332;1.7202;0.0275;0.0000;64;71;-0.0831;144.7099;1.4656;1.1538;144.4855;270.0;270.0;270.0;270.0
330.5;1.6186;1.7074;0.1346;0.0000;67;69;0.0733;145.5573;1.4809;1.1538;145.2851;270.0;270.0;270.0;270.0
331.0;1.6039;1.6951;0.0453;0.0000;65;71;-0.0049;146.2748;1.4962;1.1538;146.0847;270.0;270.0;270.0;270.0
331.5;1.5897;1.6827;0.0041;0.0000;65;73;-0.0049;147.0840;1.5115;1.1538;146.8843;270.0;270.0;270.0;270.0
332.0;1.5751;1.6699;0.0247;0.0000;65;73;-0.0049;147.8015;1.5267;1.1538;147.6839;270.0;270.0;270.0;270.0
332.5;1.5623;1.6575;0.0522;0.0000;67;73;-0.0049;148.6107;1.5496;1.1538;148.4835;270.0;270.0;270.0;270.0
333.0;1.5499;1.6575;0.0385;0.0000;232;238;-0.0049;0.8015;0.0000;-0.0109;0.5557;270.0;270.0;270.0;270.0
333.5;1.5403;1.6575;0.1456;0.0000;245;247;-0.0147;1.5267;0.0000;-0.0109;1.3553;270.0;270.0;270.0;270.0
334.0;1.5330;1.6575;0.4231;0.0000;261;247;-0.0244;2.2443;0.0000;0.0111;2.1549;270.0;270.0;270.0;270.0
334.5;1.5288;1.6575;0.4203;0.0000;265;251;-0.0147;3.0534;0.0000;0.0111;2.9546;270.0;270.0;270.0;270.0
335.0;1.5256;1.6575;0.5810;0.0000;271;251;0.0538;3.8168;0.0000;0.0331;3.7542;270.0;270.0;270.0;270.0
335.5;1.5243;1.6575;0.5797;0.0000;273;253;-0.0244;4.6183;0.0000;0.0551;4.5538;270.0;270.0;270.0;270.0
336.0;1.5252;1.6575;0.4327;0.0000;271;259;-0.0244;5.5038;0.0000;0.0551;5.3534;270.0;270.0;270.0;270.0
336.5;1.5275;1.6575;0.3544;0.0000;271;263;0.0635;6.3435;0.0000;0.0770;6.1530;270.0;270.0;270.0;270.0
337.0;1.5288;1.6575;0.2898;0.0000;267;265;-0.0147;7.1527;0.0000;0.0770;6.9526;270.0;270.0;270.0;270.0
337.5;1.5288;1.6575;0.1305;0.0000;263;267;-0.0049;7.9542;0.0000;0.0770;7.7522;270.0;270.0;270.0;270.0
338.0;1.5288;1.6575;0.0934;0.0000;263;271;0.0733;8.7176;0.0076;0.0770;8.5518;270.0;270.0;270.0;270.0
338.5;1.5293;1.6575;0.2047;0.0000;265;267;-0.0147;9.5191;0.0076;0.0990;9.3514;270.0;270.0;270.0;270.0
339.0;1.5311;1.6575;0.1525;0.0000;263;267;-0.0929;10.3664;0.0076;0.0990;10.1510;270.0;270.0;270.0;270.0
339.5;1.5343;1.6575;0.3365;0.0000;267;261;-0.0147;11.2519;0.0076;0.0990;10.9506;270.0;270.0;270.0;270.0
340.0;1.5375;1.6575;0.2280;0.0000;263;263;-0.0147;12.0534;0.0076;0.1210;11.7503;270.0;270.0;270.0;270.0
340.5;1.5403;1.6575;0.1868;0.0000;261;263;-0.0147;12.9389;0.0153;0.1210;12.5499;270.0;270.0;270.0;270.0
341.0;1.5440;1.6575;0.0220;0.0000;253;265;0.0733;13.7786;0.0153;0.1210;13.3495;270.0;270.0;270.0;270.0
341.5;1.5485;1.6575;-0.0742;0.0000;249;267;-0.0049;14.6641;0.0153;0.1210;14.1491;270.0;270.0;270.0;270.0
342.0;1.5517;1.6575;-0.1099;0.0000;247;265;-0.0831;15.5115;0.0153;0.1210;14.9487;270.0;270.0;270.0;270.0
342.5;1.5476;1.6575;-0.1415;0.0000;249;261;0.0831;16.3511;0.0229;0.1210;15.7483;270.0;270.0;270.0;270.0
343.0;1.5462;1.6575;0.0714;0.0000;257;257;-0.0049;17.2366;0.0229;0.1210;16.5479;270.0;270.0;270.0;270.0
343.5;1.5467;1.6575;-0.0577;0.0000;253;261;-0.0049;18.1221;0.0229;0.1210;17.3475;270.0;270.0;270.0;270.0
344.0;1.5485;1.6575;0.0769;0.0000;255;257;0.0733;18.9695;0.0229;0.1210;18.9467;270.0;270.0;270.0;270.0
344.5;1.5499;1.6575;-0.1140;0.0000;249;263;-0.0049;19.7710;0.0305;0.1210;19.7464;270.0;270.0;270.0;270.0
345.0;1.5531;1.6575;-0.1429;0.0000;247;261;0.0831;20.6947;0.0305;0.0990;20.5460;270.0;270.0;270.0;270.0
345.5;1.5559;1.6571;-0.1690;0.0000;241;257;0.0049;21.4962;0.0305;0.0990;21.3456;270.0;270.0;270.0;270.0
346.0;1.5591;1.6566;-0.0728;0.0000;239;251;0.0733;22.3435;0.0305;0.0990;22.1452;270.0;270.0;270.0;270.0
346.5;1.5627;1.6561;-0.2761;0.0000;232;253;0.0049;23.2290;0.0305;0.0990;22.9448;270.0;270.0;270.0;270.0
347.0;1.5664;1.6552;-0.4176;0.0000;222;251;0.0929;24.0687;0.0382;0.0770;23.7444;270.0;270.0;270.0;270.0
347.5;1.5701;1.6543;-0.4190;0.0000;218;247;0.0147;24.9542;0.0382;0.0770;24.5440;270.0;270.0;270.0;270.0
348.0;1.5746;1.6534;-0.5673;0.0000;206;247;0.1711;25.8397;0.0382;0.0551;25.3436;270.0;270.0;270.0;270.0
348.5;1.5797;1.6520;-0.5234;0.0000;202;241;0.0929;26.7634;0.0382;0.0331;26.1432;270.0;270.0;270.0;270.0
349.0;1.5838;1.6506;-0.7184;0.0000;191;241;0.1026;27.6107;0.0382;0.0111;26.9428;270.0;270.0;270.0;270.0
349.5;1.5875;1.6488;-0.7555;0.0000;185;236;0.1026;28.5344;0.0382;-0.0109;27.7425;270.0;270.0;270.0;270.0
350.0;1.5911;1.6474;-0.8901;0.0000;177;234;0.0244;29.4122;0.0382;-0.0328;29.3417;270.0;270.0;270.0;270.0
350.5;1.5943;1.6456;-0.7363;0.0000;175;224;0.1026;30.2595;0.0382;-0.0548;30.1413;270.0;270.0;270.0;270.0
351.0;1.5971;1.6433;-0.5440;0.0000;175;212;0.0147;31.1450;0.0382;-0.0768;30.9409;270.0;270.0;270.0;270.0
351.5;1.5989;1.6410;-0.3255;0.0000;175;202;0.0049;31.9466;0.0382;-0.0768;31.7405;270.0;270.0;270.0;270.0
352.0;1.6003;1.6387;-0.0577;0.0000;177;191;-0.0049;32.8321;0.0382;-0.0768;32.5401;270.0;270.0;270.0;270.0
352.5;1.6012;1.6364;0.0288;0.0000;173;183;-0.0049;33.6336;0.0382;-0.0768;33.3397;270.0;270.0;270.0;270.0
353.0;1.6016;1.6337;0.2486;0.0000;177;173;-0.0929;34.4809;0.0382;-0.0768;34.1393;270.0;270.0;270.0;270.0
353.5;1.6035;1.6310;0.1387;0.0000;167;171;0.0733;35.4046;0.0305;-0.0768;34.9389;270.0;270.0;270.0;270.0
354.0;1.6053;1.6277;0.1566;0.0000;161;165;-0.0147;36.2901;0.0305;-0.0548;35.7386;270.0;270.0;270.0;270.0
354.5;1.6071;1.6250;0.0783;0.0000;155;163;-0.0049;37.1756;0.0305;-0.0548;36.5382;270.0;270.0;270.0;270.0
355.0;1.6090;1.6213;0.0508;0.0000;150;157;-0.0831;38.0153;0.0305;-0.0548;37.3378;270.0;270.0;270.0;270.0
355.5;1.6085;1.6181;-0.0343;0.0000;142;153;-0.0049;38.8168;0.0305;-0.0548;38.1374;270.0;270.0;270.0;270.0
356.0;1.6085;1.6145;0.0495;0.0000;142;148;-0.0831;39.6641;0.0305;-0.0548;38.9370;270.0;270.0;270.0;270.0
356.5;1.6081;1.6108;0.0261;0.0000;134;144;0.0733;40.5115;0.0305;-0.0548;39.7366;270.0;270.0;270.0;270.0
357.0;1.6076;1.6067;-0.1113;0.0000;126;144;0.0831;41.3511;0.0305;-0.0548;41.3358;270.0;270.0;270.0;270.0
357.5;1.6076;1.6026;-0.0728;0.0000;122;138;-0.1613;42.2366;0.0305;-0.0548;42.1354;270.0;270.0;270.0;270.0
358.0;1.6071;1.5984;-0.0055;0.0000;120;128;-0.0831;43.0763;0.0305;-0.0548;42.9350;270.0;270.0;270.0;270.0
358.5;1.6062;1.5943;0.1003;0.0000;118;122;-0.0929;43.9237;0.0229;-0.0548;43.7346;270.0;270.0;270.0;270.0
359.0;1.6053;1.5897;0.1511;0.0000;116;116;-0.0929;44.7710;0.0229;-0.0548;44.5343;270.0;270.0;270.0;270.0
359.5;1.6039;1.5847;0.2198;0.0000;112;109;-0.0147;45.5725;0.0229;-0.0548;45.3339;270.0;270.0;270.0;270.0
360.0;1.6012;1.5801;0.0687;0.0000;105;109;-0.0831;46.4122;0.0229;-0.0548;46.1335;270.0;270.0;270.0;270.0
360.5;1.5989;1.5751;0.1346;0.0000;101;103;-0.0929;47.2595;0.0229;-0.0328;46.9331;270.0;270.0;270.0;270.0
361.0;1.5966;1.5701;0.1635;0.0000;99;97;-0.0929;48.1069;0.0229;-0.0328;47.7327;270.0;270.0;270.0;270.0
361.5;1.5939;1.5646;0.1113;0.0000;93;95;-0.0049;48.9084;0.0229;-0.0328;48.5323;270.0;270.0;270.0;270.0
362.0;1.5916;1.5591;0.0467;0.0000;87;91;-0.0831;49.7481;0.0229;-0.0328;49.3319;270.0;270.0;270.0;270.0
362.5;1.5879;1.5536;-0.1758;0.0000;77;93;-0.0831;50.5191;0.0229;-0.0328;50.1315;270.0;270.0;270.0;270.0
363.0;1.5829;1.5476;-0.0783;0.0000;75;87;-0.0831;51.3588;0.0229;-0.0328;50.9311;270.0;270.0;270.0;270.0
363.5;1.5783;1.5417;-0.0920;0.0000;71;83;-0.0049;52.1603;0.0229;-0.0328;51.7307;270.0;270.0;270.0;270.0
364.0;1.5733;1.5357;0.0604;0.0000;73;75;-0.0049;52.9695;0.0229;-0.0328;52.5304;270.0;270.0;270.0;270.0
364.5;1.5682;1.5293;0.1896;0.0000;71;69;-0.0929;53.8092;0.0229;-0.0328;53.3300;270.0;270.0;270.0;270.0
365.0;1.5623;1.5229;0.3832;0.0000;73;62;-0.0147;54.5344;0.0229;-0.0328;54.1296;270.0;270.0;270.0;270.0
365.5;1.5559;1.5165;0.4382;0.0000;71;58;0.0635;55.2977;0.0229;-0.0109;54.9292;270.0;270.0;270.0;270.0
366.0;1.5490;1.5096;0.4135;0.0000;67;56;-0.0147;56.0229;0.0229;-0.0109;55.7288;270.0;270.0;270.0;270.0
366.5;1.5426;1.5027;0.5110;0.0000;67;50;-0.0244;56.8244;0.0229;0.0111;56.5284;270.0;270.0;270.0;270.0
367.0;1.5353;1.4959;0.4739;0.0000;64;48;-0.0244;57.5496;0.0229;0.0331;57.3280;270.0;270.0;270.0;270.0
367.5;1.5279;1.4886;0.3874;0.0000;58;48;-0.0147;58.2748;0.0229;0.0331;58.1276;270.0;270.0;270.0;270.0
368.0;1.5201;1.4812;0.2596;0.0000;52;48;-0.0147;58.9924;0.0229;0.0551;58.9272;270.0;270.0;270.0;270.0
368.5;1.5128;1.4739;0.1868;0.0000;48;48;-0.0929;59.7557;0.0229;0.0551;59.7268;270.0;270.0;270.0;270.0
369.0;1.5041;1.4661;-0.0165;0.0000;40;50;-0.0049;60.4809;0.0229;0.0551;59.7268;270.0;270.0;270.0;270.0
369.5;1.4954;1.4583;-0.0151;0.0000;38;46;-0.0831;61.1679;0.0229;0.0551;60.5265;270.0;270.0;270.0;270.0
370.0;1.4867;1.4505;-0.1099;0.0000;34;46;-0.0831;61.9313;0.0229;0.0551;61.3261;270.0;270.0;270.0;270.0
370.5;1.4780;1.4423;-0.1827;0.0000;30;46;0.0049;62.6565;0.0229;0.0331;62.1257;270.0;270.0;270.0;270.0
371.0;1.4679;1.4341;-0.1470;0.0000;28;44;0.0049;63.2977;0.0305;0.0331;62.9253;270.0;270.0;270.0;270.0
371.5;1.4579;1.4254;-0.1593;0.0000;26;40;-0.0831;63.9771;0.0305;0.0331;63.7249;270.0;270.0;270.0;270.0
372.0;1.4483;1.4171;-0.0522;0.0000;26;36;-0.0049;64.7023;0.0305;0.0331;64.5245;270.0;270.0;270.0;270.0
372.5;1.4386;1.4084;-0.0549;0.0000;24;34;-0.0831;65.3893;0.0305;0.0331;65.3241;270.0;270.0;270.0;270.0
373.0;1.4286;1.3993;0.0096;0.0000;24;30;-0.0049;66.0305;0.0305;0.0331;65.3241;270.0;270.0;270.0;270.0
373.5;1.4176;1.3901;-0.1635;0.0000;19;32;0.0049;66.6718;0.0305;0.0331;66.1237;270.0;270.0;270.0;270.0
374.0;1.4066;1.3810;-0.1744;0.0000;17;30;0.0049;67.3130;0.0305;0.0111;66.9233;270.0;270.0;270.0;270.0
374.5;1.3947;1.3718;-0.3365;0.0000;11;34;0.0049;67.9542;0.0305;0.0111;67.7229;270.0;270.0;270.0;270.0
375.0;1.3842;1.3622;-0.3228;0.0000;9;30;-0.0733;68.6412;0.0305;0.0111;68.5226;270.0;270.0;270.0;270.0
375.5;1.3727;1.3526;-0.3201;0.0000;7;28;0.0831;69.2443;0.0305;-0.0109;68.5226;270.0;270.0;270.0;270.0
376.0;1.3613;1.3425;-0.4464;0.0000;1;30;0.0147;69.8855;0.0305;-0.0109;69.3222;270.0;270.0;270.0;270.0
376.5;1.3498;1.3324;-0.4451;0.0000;-1;28;0.0147;70.5267;0.0305;-0.0328;70.1218;270.0;270.0;270.0;270.0
377.0;1.3379;1.3223;-0.3434;0.0000;-1;24;0.0831;71.1298;0.0305;-0.0328;70.9214;270.0;270.0;270.0;270.0
377.5;1.3260;1.3123;-0.2445;0.0000;1;21;-0.0733;71.7328;0.0305;-0.0548;71.7210;270.0;270.0;270.0;270.0
378.0;1.3141;1.3017;-0.2253;0.0000;-1;19;0.0049;72.3817;0.0305;-0.0548;71.7210;270.0;270.0;270.0;270.0
378.5;1.3017;1.2912;-0.0494;0.0000;1;13;-0.0049;72.9389;0.0305;-0.0548;72.5206;270.0;270.0;270.0;270.0
379.0;1.2889;1.2802;-0.1113;0.0000;-1;11;-0.0049;73.5878;0.0305;-0.0548;73.3202;270.0;270.0;270.0;270.0
379.5;1.2761;1.2692;-0.0714;0.0000;-1;9;-0.0831;74.1908;0.0305;-0.0548;74.1198;270.0;270.0;270.0;270.0
380.0;1.2619;1.2582;-0.0343;0.0000;-3;7;0.0733;74.7099;0.0305;-0.0548;74.1198;270.0;270.0;270.0;270.0
380.5;1.2486;1.2468;-0.0824;0.0000;-5;5;-0.0831;75.3130;0.0229;-0.0768;74.9194;270.0;270.0;270.0;270.0
381.0;1.2349;1.2353;-0.0646;0.0000;-7;3;-0.0049;75.8779;0.0229;-0.0768;75.7190;270.0;270.0;270.0;270.0
381.5;1.2207;1.2239;-0.0852;0.0000;-9;3;-0.0831;76.3969;0.0229;-0.0768;75.7190;270.0;270.0;270.0;270.0
382.0;1.2070;1.2125;-0.1071;0.0000;-11;1;-0.0049;76.9618;0.0229;-0.0768;76.5187;270.0;270.0;270.0;270.0
382.5;1.1923;1.2005;-0.1717;0.0000;-13;1;-0.0831;77.4809;0.0229;-0.0768;77.3183;270.0;270.0;270.0;270.0
383.0;1.1790;1.1882;-0.0934;0.0000;-13;-1;-0.0049;78.0458;0.0229;-0.0768;77.3183;270.0;270.0;270.0;270.0
383.5;1.1648;1.1763;-0.1223;0.0000;-15;-3;-0.0831;78.5649;0.0229;-0.0768;78.1179;270.0;270.0;270.0;270.0
384.0;1.1506;1.1639;-0.0948;0.0000;-17;-5;0.0831;79.0916;0.0229;-0.0768;78.9175;270.0;270.0;270.0;270.0
384.5;1.1364;1.1516;-0.0343;0.0000;-17;-9;-0.0831;79.6107;0.0229;-0.0988;78.9175;270.0;270.0;270.0;270.0