Time(ms);ActualLinearVel;TargetLinearVel;ActualAngularVel;TargetAngularVel;PWML;PWMR;ImuDiff;VelP;VelI;AngP;AngI;RotationFF;LinearFF
general_params = {
fan_speed = 600.000000,
angular_kp = 0.084000,
angular_ki = 0.000420,
angular_kd = 0.000000,
angular_acc_feed_forward_k = 0.000400,
angular_vel_feed_forward_k = 0.004000,
linear_vel_acc_feed_forward_k = 0.033000,
linear_vel_brake_feed_forward_k = 0.025000,
linear_vel_feed_forward_k = 0.141000,
linear_jerk_ff_k = 0.000000,
linear_jerk_ff_ms = 0.000000,
angular_jerk_ff_k = 0.000000,
angular_jerk_ff_ms = 0.000000,
wall_kp = 0.000000,
wall_ki = 0.000000,
wall_kd = 0.000000,
linear_vel_kp = 2.500000,
linear_vel_ki = 0.010000,
linear_vel_kd = 0.000000,
diagonal_walls_kp = 0.000000,
diagonal_walls_ki = 0.000000,
diagonal_walls_kd = 0.000000,
start_wall_break_mm_left = 5.500000,
start_wall_break_mm_right = 7.200000,
enable_wall_break_correction = 1.000000,
max_linear_acc_jerk = 625.000000,
max_linear_brake_jerk = 625.000000,
wheel_radius_mm = 12.750000,
coulomb_ff = 0.180000,
};
t;Vel;TgtVel;AngVel;TgtAngVel;PWM_L;PWM_R;ImuDiff;VelP;VelI;AngP;AngI;RotFF;LinFF
0.0;0.0000;0.0000;0.1265;0.0000;3;-1;0.0769;0.0003;-0.0012;-0.0108;-0.0010;0.0000;0.0079
0.5;0.0000;0.0005;0.0070;0.0000;3;3;-0.0012;0.0003;-0.0012;-0.0010;-0.0010;0.0000;0.0157
1.0;0.0000;0.0009;-0.0840;0.0000;5;7;-0.0012;0.0018;-0.0012;0.0068;-0.0010;0.0000;0.0236
1.5;0.0000;0.0014;-0.1570;0.0000;44;50;0.0012;0.0018;-0.0012;0.0127;-0.0000;0.0000;0.2205
2.0;0.0005;0.0023;-0.0250;0.0000;50;50;-0.0012;0.0032;-0.0012;0.0020;-0.0000;0.0000;0.2283
2.5;0.0009;0.0032;0.0300;0.0000;54;52;-0.0012;0.0047;-0.0012;-0.0029;-0.0000;0.0000;0.2362
3.0;0.0014;0.0041;0.0740;0.0000;56;54;-0.0012;0.0062;-0.0012;-0.0068;-0.0000;0.0000;0.2520
3.5;0.0023;0.0055;-0.0360;0.0000;58;58;-0.0012;0.0076;-0.0012;0.0029;-0.0000;0.0000;0.2598
4.0;0.0032;0.0069;0.0335;0.0000;62;60;-0.0012;0.0091;-0.0012;-0.0029;-0.0000;0.0000;0.2677
4.5;0.0041;0.0082;0.0890;0.0000;65;62;-0.0037;0.0105;-0.0012;-0.0078;-0.0010;0.0000;0.2835
5.0;0.0050;0.0101;0.0450;0.0000;67;65;-0.0012;0.0120;-0.0012;-0.0039;-0.0010;0.0000;0.2913
5.5;0.0060;0.0119;-0.0340;0.0000;67;69;-0.0012;0.0135;0.0003;0.0020;-0.0010;0.0000;0.2992
6.0;0.0073;0.0142;-0.0975;0.0000;69;73;0.0012;0.0164;0.0003;0.0078;-0.0000;0.0000;0.3150
6.5;0.0087;0.0160;0.0065;0.0000;73;73;-0.0012;0.0179;0.0003;-0.0010;-0.0000;0.0000;0.3228
7.0;0.0101;0.0183;0.1070;0.0000;79;75;-0.0037;0.0193;0.0003;-0.0098;-0.0010;0.0000;0.3307
7.5;0.0119;0.0211;0.1875;0.0000;83;75;-0.0037;0.0223;0.0003;-0.0166;-0.0010;0.0000;0.3465
8.0;0.0137;0.0238;0.0485;0.0000;83;81;-0.0012;0.0252;0.0003;-0.0049;-0.0010;0.0000;0.3543
8.5;0.0156;0.0266;-0.0625;0.0000;85;87;-0.0012;0.0267;0.0003;0.0049;-0.0010;0.0000;0.3622
9.0;0.0174;0.0293;-0.0610;0.0000;89;91;-0.0012;0.0296;0.0003;0.0049;-0.0010;0.0000;0.3780
9.5;0.0192;0.0325;-0.0005;0.0000;93;93;-0.0012;0.0325;0.0003;-0.0000;-0.0010;0.0000;0.3858
10.0;0.0215;0.0357;0.0485;0.0000;97;95;-0.0012;0.0355;0.0003;-0.0049;-0.0010;0.0000;0.4016
10.5;0.0234;0.0394;-0.0310;0.0000;99;99;-0.0012;0.0384;0.0003;0.0020;-0.0010;0.0000;0.4094
11.0;0.0256;0.0430;-0.0210;0.0000;103;103;-0.0012;0.0428;0.0003;0.0010;-0.0010;0.0000;0.4173
11.5;0.0302;0.0467;-0.0135;0.0000;105;107;0.0769;0.0413;0.0003;0.0010;-0.0010;0.0000;0.4331
12.0;0.0353;0.0504;0.0215;0.0000;109;107;-0.0794;0.0369;0.0018;-0.0020;-0.0010;0.0000;0.4409
12.5;0.0398;0.0545;-0.0690;0.0000;109;110;0.0012;0.0355;0.0018;0.0049;-0.0010;0.0000;0.4488
13.0;0.0440;0.0586;0.0065;0.0000;112;112;-0.0012;0.0369;0.0018;-0.0010;-0.0010;0.0000;0.4646
13.5;0.0485;0.0632;-0.0390;0.0000;114;116;0.0012;0.0355;0.0018;0.0029;-0.0010;0.0000;0.4724
14.0;0.0536;0.0678;-0.1190;0.0000;116;120;-0.0745;0.0355;0.0018;0.0098;-0.0000;0.0000;0.4882
14.5;0.0582;0.0723;-0.0350;0.0000;120;122;0.0794;0.0340;0.0018;0.0020;-0.0000;0.0000;0.4961
15.0;0.0632;0.0774;-0.0660;0.0000;122;124;-0.0769;0.0340;0.0018;0.0049;-0.0000;0.0000;0.5039
15.5;0.0682;0.0824;-0.0970;0.0000;124;128;0.0794;0.0355;0.0018;0.0078;-0.0000;0.0000;0.5197
16.0;0.0728;0.0875;-0.2335;0.0000;126;134;-0.0720;0.0355;0.0018;0.0196;-0.0000;0.0000;0.5276
16.5;0.0778;0.0929;-0.2110;0.0000;128;138;0.0842;0.0369;0.0018;0.0176;-0.0000;0.0000;0.5433
17.0;0.0833;0.0980;-0.3920;0.0000;128;144;0.0110;0.0369;0.0032;0.0323;-0.0000;0.0000;0.5512
17.5;0.0884;0.1039;-0.3370;0.0000;134;146;-0.0672;0.0369;0.0032;0.0274;-0.0000;0.0000;0.5591
18.0;0.0939;0.1094;-0.3875;0.0000;136;150;0.0916;0.0384;0.0032;0.0323;-0.0000;0.0000;0.5748
18.5;0.1003;0.1154;-0.3140;0.0000;140;152;-0.0696;0.0384;0.0032;0.0254;-0.0000;0.0000;0.5827
19.0;0.1067;0.1218;-0.3470;0.0000;142;155;0.0110;0.0369;0.0032;0.0283;0.0010;0.0000;0.5984
19.5;0.1136;0.1277;-0.3305;0.0000;144;157;0.0110;0.0355;0.0032;0.0274;0.0010;0.0000;0.6063
20.0;0.1204;0.1342;-0.2775;0.0000;148;159;0.0085;0.0340;0.0032;0.0225;0.0010;0.0000;0.6142
20.5;0.1268;0.1410;-0.3180;0.0000;150;163;0.0110;0.0340;0.0032;0.0264;0.0010;0.0000;0.6299
21.0;0.1337;0.1474;-0.2230;0.0000;155;163;0.0061;0.0340;0.0032;0.0186;0.0010;0.0000;0.6378
21.5;0.1415;0.1543;-0.3470;0.0000;157;169;-0.0672;0.0325;0.0032;0.0283;0.0010;0.0000;0.6535
22.0;0.1484;0.1616;-0.2965;0.0000;159;171;0.0085;0.0311;0.0047;0.0244;0.0010;0.0000;0.6614
22.5;0.1557;0.1685;-0.3600;0.0000;161;177;0.0110;0.0325;0.0047;0.0293;0.0010;0.0000;0.6772
23.0;0.1630;0.1758;-0.3345;0.0000;165;179;-0.0672;0.0311;0.0047;0.0274;0.0020;0.0000;0.6850
23.5;0.1712;0.1836;-0.3440;0.0000;167;183;0.0891;0.0296;0.0047;0.0283;0.0020;0.0000;0.7008
24.0;0.1786;0.1914;-0.3850;0.0000;169;185;0.0134;0.0311;0.0047;0.0323;0.0020;0.0000;0.7087
24.5;0.1868;0.1992;-0.4285;0.0000;173;191;0.0134;0.0296;0.0047;0.0352;0.0020;0.0000;0.7165
25.0;0.1955;0.2070;-0.5120;0.0000;175;195;-0.0623;0.0281;0.0047;0.0420;0.0020;0.0000;0.7323
25.5;0.2038;0.2152;-0.4225;0.0000;179;196;0.0916;0.0267;0.0047;0.0352;0.0029;0.0000;0.7402
26.0;0.2129;0.2234;-0.5155;0.0000;181;200;0.0183;0.0252;0.0047;0.0430;0.0029;0.0000;0.7559
26.5;0.2216;0.2317;-0.4540;0.0000;185;202;-0.0647;0.0237;0.0047;0.0381;0.0029;0.0000;0.7638
27.0;0.2312;0.2404;-0.4635;0.0000;187;206;0.0159;0.0223;0.0047;0.0381;0.0029;0.0000;0.7795
27.5;0.2404;0.2491;-0.4550;0.0000;191;208;0.0159;0.0208;0.0047;0.0381;0.0029;0.0000;0.7874
28.0;0.2505;0.2582;-0.5240;0.0000;193;214;0.0183;0.0193;0.0047;0.0440;0.0039;0.0000;0.8031
28.5;0.2601;0.2669;-0.4570;0.0000;196;214;0.0159;0.0164;0.0062;0.0381;0.0039;0.0000;0.8110
29.0;0.2697;0.2766;-0.4345;0.0000;200;218;0.0134;0.0149;0.0062;0.0362;0.0039;0.0000;0.8268
29.5;0.2802;0.2857;-0.5390;0.0000;200;224;-0.0598;0.0135;0.0062;0.0450;0.0039;0.0000;0.8346
30.0;0.2903;0.2953;-0.5185;0.0000;204;226;0.0159;0.0120;0.0062;0.0430;0.0039;0.0000;0.8504
30.5;0.3008;0.3049;-0.5355;0.0000;206;230;0.0965;0.0091;0.0062;0.0440;0.0049;0.0000;0.8583
31.0;0.3118;0.3146;-0.4545;0.0000;212;232;-0.0647;0.0062;0.0062;0.0381;0.0049;0.0000;0.8740
31.5;0.3219;0.3246;-0.4595;0.0000;214;234;0.0159;0.0062;0.0062;0.0381;0.0049;0.0000;0.8819
32.0;0.3333;0.3347;-0.3725;0.0000;216;234;0.0110;0.0032;0.0062;0.0303;0.0049;0.0000;0.8819
32.5;0.3452;0.3448;-0.5170;0.0000;214;236;0.0159;-0.0012;0.0062;0.0430;0.0049;0.0000;0.8819
33.0;0.3562;0.3549;-0.5320;0.0000;214;236;-0.0598;-0.0056;0.0062;0.0440;0.0059;0.0000;0.8898
33.5;0.3672;0.3649;-0.4885;0.0000;214;236;0.0940;-0.0070;0.0062;0.0401;0.0059;0.0000;0.8898
34.0;0.3782;0.3750;-0.5275;0.0000;214;238;-0.0598;-0.0085;0.0062;0.0440;0.0059;0.0000;0.8898
34.5;0.3887;0.3846;-0.4880;0.0000;216;238;0.0159;-0.0114;0.0062;0.0401;0.0059;0.0000;0.8898
35.0;0.4006;0.3947;-0.5990;0.0000;212;239;0.0989;-0.0158;0.0062;0.0499;0.0068;0.0000;0.8898
35.5;0.4116;0.4048;-0.6165;0.0000;212;239;-0.0574;-0.0173;0.0062;0.0508;0.0068;0.0000;0.8898
36.0;0.4231;0.4148;-0.6820;0.0000;212;241;0.1013;-0.0217;0.0047;0.0567;0.0068;0.0000;0.8976
36.5;0.4336;0.4249;-0.5965;0.0000;214;239;-0.0574;-0.0231;0.0047;0.0499;0.0068;0.0000;0.8976
37.0;0.4451;0.4350;-0.6510;0.0000;212;241;0.0208;-0.0261;0.0047;0.0538;0.0078;0.0000;0.8976
37.5;0.4556;0.4446;-0.5680;0.0000;214;241;0.0183;-0.0275;0.0047;0.0469;0.0078;0.0000;0.8976
38.0;0.4661;0.4547;-0.5645;0.0000;214;241;0.0183;-0.0290;0.0047;0.0469;0.0078;0.0000;0.8976
38.5;0.4771;0.4647;-0.6100;0.0000;214;243;0.0208;-0.0319;0.0047;0.0508;0.0078;0.0000;0.9055
39.0;0.4886;0.4748;-0.4935;0.0000;218;239;-0.0623;-0.0349;0.0047;0.0411;0.0088;0.0000;0.9055
39.5;0.4995;0.4849;-0.4710;0.0000;218;239;0.0940;-0.0378;0.0047;0.0391;0.0088;0.0000;0.9055
40.0;0.5114;0.4950;-0.4520;0.0000;218;239;0.0159;-0.0422;0.0047;0.0371;0.0088;0.0000;0.9055
40.5;0.5220;0.5046;-0.5160;0.0000;218;241;-0.0623;-0.0437;0.0047;0.0430;0.0088;0.0000;0.9055
41.0;0.5321;0.5147;-0.4445;0.0000;218;241;0.0134;-0.0437;0.0047;0.0371;0.0088;0.0000;0.9055
41.5;0.5421;0.5247;-0.5510;0.0000;216;245;0.0965;-0.0451;0.0032;0.0459;0.0098;0.0000;0.9134
42.0;0.5527;0.5348;-0.4915;0.0000;218;243;0.0159;-0.0466;0.0032;0.0411;0.0098;0.0000;0.9134
42.5;0.5627;0.5449;-0.4650;0.0000;220;243;-0.0623;-0.0466;0.0032;0.0381;0.0098;0.0000;0.9134
43.0;0.5742;0.5549;-0.5310;0.0000;220;245;-0.0598;-0.0481;0.0032;0.0440;0.0098;0.0000;0.9134
43.5;0.5847;0.5646;-0.5330;0.0000;220;245;0.0183;-0.0510;0.0032;0.0440;0.0098;0.0000;0.9134
44.0;0.5957;0.5746;-0.5245;0.0000;220;245;0.0159;-0.0524;0.0032;0.0440;0.0108;0.0000;0.9134
44.5;0.6067;0.5847;-0.4665;0.0000;222;245;0.0940;-0.0554;0.0032;0.0391;0.0108;0.0000;0.9213
45.0;0.6181;0.5948;-0.4740;0.0000;222;245;-0.0623;-0.0598;0.0018;0.0391;0.0108;0.0000;0.9213
45.5;0.6291;0.6049;-0.3265;0.0000;224;241;0.0110;-0.0612;0.0018;0.0274;0.0108;0.0000;0.9213
46.0;0.6397;0.6149;-0.4215;0.0000;222;243;0.0134;-0.0627;0.0018;0.0352;0.0108;0.0000;0.9213
46.5;0.6502;0.6250;-0.3810;0.0000;224;243;-0.0672;-0.0642;0.0018;0.0313;0.0117;0.0000;0.9213
47.0;0.6607;0.6346;-0.3730;0.0000;226;243;-0.0672;-0.0656;0.0018;0.0313;0.0117;0.0000;0.9291
47.5;0.6712;0.6447;-0.2975;0.0000;226;243;0.0867;-0.0671;0.0018;0.0244;0.0117;0.0000;0.9291
48.0;0.6813;0.6548;-0.2915;0.0000;228;243;-0.0696;-0.0671;0.0003;0.0244;0.0117;0.0000;0.9291
48.5;0.6923;0.6648;-0.2630;0.0000;228;243;0.0085;-0.0700;0.0003;0.0215;0.0117;0.0000;0.9291
49.0;0.7028;0.6749;-0.1975;0.0000;230;241;0.0842;-0.0715;0.0003;0.0156;0.0117;0.0000;0.9291
49.5;0.7134;0.6850;-0.2815;0.0000;228;245;0.0085;-0.0730;0.0003;0.0235;0.0117;0.0000;0.9291
50.0;0.7230;0.6946;-0.1085;0.0000;232;241;0.0037;-0.0715;0.0003;0.0088;0.0117;0.0000;0.9370
50.5;0.7331;0.7047;-0.1385;0.0000;232;243;0.0037;-0.0715;-0.0012;0.0108;0.0117;0.0000;0.9370
51.0;0.7431;0.7147;-0.1250;0.0000;234;243;0.0037;-0.0715;-0.0012;0.0098;0.0117;0.0000;0.9370
51.5;0.7537;0.7248;-0.1720;0.0000;234;245;0.0037;-0.0730;-0.0012;0.0137;0.0127;0.0000;0.9370
52.0;0.7637;0.7349;-0.1660;0.0000;234;245;0.0037;-0.0730;-0.0012;0.0137;0.0127;0.0000;0.9370
52.5;0.7738;0.7450;-0.2920;0.0000;232;249;0.0867;-0.0744;-0.0012;0.0244;0.0127;0.0000;0.9449
53.0;0.7834;0.7546;-0.2380;0.0000;232;249;0.0842;-0.0730;-0.0026;0.0196;0.0127;0.0000;0.9449
53.5;0.7940;0.7647;-0.2005;0.0000;234;249;0.0842;-0.0730;-0.0026;0.0166;0.0127;0.0000;0.9449
54.0;0.8040;0.7747;-0.2615;0.0000;234;251;-0.0696;-0.0744;-0.0026;0.0215;0.0127;0.0000;0.9449
54.5;0.8150;0.7848;-0.2100;0.0000;236;251;0.0842;-0.0759;-0.0026;0.0176;0.0127;0.0000;0.9449
55.0;0.8255;0.7949;-0.2180;0.0000;238;251;-0.0720;-0.0774;-0.0026;0.0176;0.0127;0.0000;0.9449
55.5;0.8361;0.8049;-0.1815;0.0000;238;251;0.0842;-0.0788;-0.0041;0.0147;0.0127;0.0000;0.9528
56.0;0.8471;0.8146;-0.2160;0.0000;236;253;0.0061;-0.0817;-0.0041;0.0176;0.0127;0.0000;0.9528
56.5;0.8576;0.8246;-0.1125;0.0000;239;249;-0.0745;-0.0817;-0.0041;0.0088;0.0127;0.0000;0.9528
57.0;0.8668;0.8347;-0.2060;0.0000;238;253;0.0061;-0.0803;-0.0041;0.0166;0.0137;0.0000;0.9528
57.5;0.8764;0.8448;-0.1820;0.0000;239;253;0.0842;-0.0788;-0.0041;0.0147;0.0137;0.0000;0.9528
58.0;0.8860;0.8549;-0.1885;0.0000;239;255;0.0061;-0.0788;-0.0056;0.0156;0.0137;0.0000;0.9528
58.5;0.8961;0.8649;-0.2050;0.0000;241;257;0.0061;-0.0788;-0.0056;0.0166;0.0137;0.0000;0.9606
59.0;0.9057;0.8745;-0.2495;0.0000;241;257;-0.0696;-0.0774;-0.0056;0.0205;0.0137;0.0000;0.9606
59.5;0.9144;0.8846;-0.3420;0.0000;239;261;0.0891;-0.0759;-0.0056;0.0283;0.0137;0.0000;0.9606
60.0;0.9245;0.8947;-0.3445;0.0000;239;261;-0.0672;-0.0759;-0.0056;0.0283;0.0137;0.0000;0.9606
60.5;0.9345;0.9048;-0.4105;0.0000;239;265;0.0134;-0.0744;-0.0070;0.0342;0.0137;0.0000;0.9606
61.0;0.9441;0.9148;-0.3330;0.0000;243;263;0.0110;-0.0744;-0.0070;0.0274;0.0147;0.0000;0.9685
61.5;0.9538;0.9249;-0.4085;0.0000;243;267;-0.0647;-0.0730;-0.0070;0.0342;0.0147;0.0000;0.9685
62.0;0.9629;0.9350;-0.3885;0.0000;245;267;0.0134;-0.0700;-0.0070;0.0323;0.0147;0.0000;0.9685
62.5;0.9716;0.9446;-0.4070;0.0000;245;269;0.0134;-0.0671;-0.0070;0.0332;0.0147;0.0000;0.9685
63.0;0.9803;0.9547;-0.4485;0.0000;245;271;0.0134;-0.0642;-0.0085;0.0371;0.0147;0.0000;0.9685
63.5;0.9895;0.9647;-0.4370;0.0000;247;271;-0.0647;-0.0627;-0.0085;0.0362;0.0147;0.0000;0.9685
64.0;0.9991;0.9748;-0.3905;0.0000;249;273;-0.0672;-0.0612;-0.0085;0.0323;0.0156;0.0000;0.9764
64.5;1.0087;0.9849;-0.4495;0.0000;249;275;-0.0647;-0.0612;-0.0085;0.0371;0.0156;0.0000;0.9764
65.0;1.0174;0.9950;-0.5550;0.0000;249;279;0.0183;-0.0583;-0.0085;0.0459;0.0156;0.0000;0.9764
65.5;1.0270;1.0046;-0.5030;0.0000;251;279;0.0159;-0.0568;-0.0085;0.0420;0.0156;0.0000;0.9764
66.0;1.0371;1.0147;-0.5505;0.0000;251;281;0.0183;-0.0568;-0.0100;0.0459;0.0156;0.0000;0.9764
66.5;1.0467;1.0247;-0.5650;0.0000;251;281;-0.0598;-0.0554;-0.0100;0.0469;0.0166;0.0000;0.9843
67.0;1.0559;1.0348;-0.5515;0.0000;253;281;-0.0598;-0.0524;-0.0100;0.0459;0.0166;0.0000;0.9843
67.5;1.0655;1.0449;-0.6365;0.0000;253;284;0.0208;-0.0524;-0.0100;0.0528;0.0166;0.0000;0.9843
68.0;1.0751;1.0549;-0.6970;0.0000;253;288;0.0232;-0.0510;-0.0100;0.0577;0.0176;0.0000;0.9843
68.5;1.0856;1.0646;-0.6940;0.0000;255;288;-0.0549;-0.0524;-0.0100;0.0577;0.0176;0.0000;0.9843
69.0;1.0952;1.0746;-0.6025;0.0000;257;288;0.0989;-0.0510;-0.0100;0.0499;0.0176;0.0000;0.9843
69.5;1.1039;1.0847;-0.6235;0.0000;257;288;0.0208;-0.0481;-0.0114;0.0518;0.0176;0.0000;0.9921
70.0;1.1117;1.0948;-0.5600;0.0000;259;288;0.0183;-0.0437;-0.0114;0.0469;0.0186;0.0000;0.9921
70.5;1.1209;1.1049;-0.5815;0.0000;261;290;-0.0598;-0.0407;-0.0114;0.0479;0.0186;0.0000;0.9921
71.0;1.1300;1.1149;-0.4900;0.0000;265;290;-0.0623;-0.0393;-0.0114;0.0411;0.0186;0.0000;0.9921
71.5;1.1406;1.1245;-0.5320;0.0000;267;292;0.0183;-0.0407;-0.0114;0.0440;0.0186;0.0000;0.9921
72.0;1.1502;1.1346;-0.4005;0.0000;271;292;0.0134;-0.0393;-0.0114;0.0332;0.0186;0.0000;1.0000
72.5;1.1598;1.1447;-0.5115;0.0000;267;294;0.0940;-0.0378;-0.0114;0.0420;0.0196;0.0000;1.0000
73.0;1.1694;1.1548;-0.5075;0.0000;269;296;-0.0623;-0.0378;-0.0114;0.0420;0.0196;0.0000;1.0000
73.5;1.1795;1.1648;-0.5680;0.0000;267;298;0.0183;-0.0378;-0.0114;0.0469;0.0196;0.0000;1.0000
74.0;1.1900;1.1749;-0.6070;0.0000;269;298;-0.1355;-0.0393;-0.0114;0.0508;0.0196;0.0000;1.0000
74.5;1.2005;1.1850;-0.5635;0.0000;271;300;0.0183;-0.0407;-0.0129;0.0469;0.0205;0.0000;1.0000
75.0;1.2111;1.1946;-0.6095;0.0000;271;302;0.0208;-0.0422;-0.0129;0.0508;0.0205;0.0000;1.0079
75.5;1.2212;1.2047;-0.5985;0.0000;271;304;0.0208;-0.0407;-0.0129;0.0499;0.0205;0.0000;1.0079
76.0;1.2312;1.2147;-0.6215;0.0000;271;304;-0.0574;-0.0422;-0.0129;0.0518;0.0205;0.0000;1.0079
76.5;1.2418;1.2248;-0.4935;0.0000;275;302;-0.0623;-0.0437;-0.0129;0.0411;0.0215;0.0000;1.0079
77.0;1.2518;1.2349;-0.5700;0.0000;273;302;0.0183;-0.0437;-0.0129;0.0469;0.0215;0.0000;1.0079
77.5;1.2619;1.2450;-0.5245;0.0000;275;302;-0.0598;-0.0437;-0.0129;0.0440;0.0215;0.0000;1.0079
78.0;1.2729;1.2546;-0.5690;0.0000;275;306;-0.0598;-0.0451;-0.0129;0.0469;0.0215;0.0000;1.0157
78.5;1.2834;1.2647;-0.6745;0.0000;275;308;-0.0549;-0.0481;-0.0144;0.0557;0.0225;0.0000;1.0157
79.0;1.2940;1.2747;-0.7730;0.0000;273;312;-0.0525;-0.0495;-0.0144;0.0645;0.0225;0.0000;1.0157
79.5;1.3045;1.2848;-0.7335;0.0000;275;310;-0.0549;-0.0510;-0.0144;0.0616;0.0225;0.0000;1.0157
80.0;1.3150;1.2949;-0.6640;0.0000;277;310;-0.0574;-0.0510;-0.0144;0.0557;0.0235;0.0000;1.0157
80.5;1.3246;1.3049;-0.6580;0.0000;277;310;-0.0574;-0.0510;-0.0144;0.0547;0.0235;0.0000;1.0236
81.0;1.3352;1.3146;-0.5720;0.0000;279;308;-0.1380;-0.0524;-0.0144;0.0479;0.0235;0.0000;1.0236
81.5;1.3462;1.3246;-0.6665;0.0000;279;310;-0.1355;-0.0539;-0.0144;0.0557;0.0235;0.0000;1.0236
82.0;1.3571;1.3347;-0.6835;0.0000;279;314;0.1013;-0.0568;-0.0158;0.0567;0.0244;0.0000;1.0236
82.5;1.3686;1.3448;-0.6755;0.0000;281;314;-0.1355;-0.0598;-0.0158;0.0567;0.0244;0.0000;1.0236
83.0;1.3787;1.3549;-0.7205;0.0000;279;314;-0.0549;-0.0612;-0.0158;0.0596;0.0244;0.0000;1.0236
83.5;1.3892;1.3649;-0.8595;0.0000;277;318;0.0281;-0.0612;-0.0158;0.0714;0.0254;0.0000;1.0315
84.0;1.3997;1.3745;-0.8560;0.0000;277;318;-0.0501;-0.0627;-0.0158;0.0714;0.0254;0.0000;1.0315
84.5;1.4112;1.3846;-0.9465;0.0000;275;320;0.0330;-0.0671;-0.0158;0.0792;0.0254;0.0000;1.0315
85.0;1.4231;1.3947;-0.9660;0.0000;275;320;-0.0452;-0.0715;-0.0173;0.0811;0.0264;0.0000;1.0315
85.5;1.4341;1.4048;-0.9935;0.0000;275;322;-0.0452;-0.0744;-0.0173;0.0831;0.0264;0.0000;1.0315
86.0;1.4446;1.4148;-1.0320;0.0000;273;324;0.0354;-0.0744;-0.0173;0.0860;0.0274;0.0000;1.0394
86.5;1.4538;1.4249;-1.0745;0.0000;273;326;-0.0427;-0.0730;-0.0173;0.0899;0.0274;0.0000;1.0394
87.0;1.4629;1.4350;-0.9640;0.0000;275;324;-0.1233;-0.0700;-0.0173;0.0802;0.0283;0.0000;1.0394
87.5;1.4716;1.4446;-0.8035;0.0000;279;320;0.0256;-0.0671;-0.0188;0.0674;0.0283;0.0000;1.0394
88.0;1.4812;1.4547;-0.8910;0.0000;279;324;-0.0476;-0.0671;-0.0188;0.0743;0.0283;0.0000;1.0394
88.5;1.4908;1.4647;-0.7785;0.0000;281;324;0.0256;-0.0656;-0.0188;0.0645;0.0293;0.0000;1.0394
89.0;1.4995;1.4748;-0.8475;0.0000;281;327;0.0281;-0.0627;-0.0188;0.0704;0.0293;0.0000;1.0472
89.5;1.5078;1.4849;-0.8510;0.0000;283;329;-0.0501;-0.0583;-0.0188;0.0714;0.0293;0.0000;1.0472
90.0;1.5169;1.4950;-0.7945;0.0000;284;329;0.1038;-0.0554;-0.0188;0.0665;0.0303;0.0000;1.0472
90.5;1.5261;1.5046;-0.7330;0.0000;286;329;0.0256;-0.0539;-0.0202;0.0606;0.0303;0.0000;1.0472
91.0;1.5348;1.5147;-0.7600;0.0000;288;331;-0.0525;-0.0510;-0.0202;0.0635;0.0303;0.0000;1.0472
91.5;1.5440;1.5247;-0.7700;0.0000;288;333;0.0256;-0.0481;-0.0202;0.0645;0.0313;0.0000;1.0472
92.0;1.5531;1.5348;-0.6700;0.0000;292;333;0.0208;-0.0466;-0.0202;0.0557;0.0313;0.0000;1.0551
92.5;1.5636;1.5449;-0.7110;0.0000;294;335;-0.0549;-0.0481;-0.0202;0.0596;0.0313;0.0000;1.0551
93.0;1.5733;1.5549;-0.6040;0.0000;296;335;0.0989;-0.0466;-0.0202;0.0499;0.0323;0.0000;1.0551
93.5;1.5829;1.5646;-0.5895;0.0000;296;335;0.0183;-0.0466;-0.0202;0.0489;0.0323;0.0000;1.0551
94.0;1.5920;1.5746;-0.5665;0.0000;298;335;-0.0598;-0.0437;-0.0202;0.0469;0.0323;0.0000;1.0551
94.5;1.6012;1.5847;-0.5905;0.0000;298;335;0.0208;-0.0407;-0.0217;0.0489;0.0323;0.0000;1.0630
95.0;1.6099;1.5948;-0.5095;0.0000;300;337;0.0965;-0.0393;-0.0217;0.0420;0.0332;0.0000;1.0630
95.5;1.6181;1.6049;-0.5605;0.0000;302;341;0.0965;-0.0349;-0.0217;0.0469;0.0332;0.0000;1.0630
96.0;1.6273;1.6149;-0.6265;0.0000;302;345;0.0989;-0.0319;-0.0217;0.0518;0.0332;0.0000;1.0630
96.5;1.6355;1.6245;-0.5970;0.0000;306;347;0.0965;-0.0275;-0.0217;0.0499;0.0332;0.0000;1.0630
97.0;1.6442;1.6346;-0.7015;0.0000;302;351;0.1013;-0.0246;-0.0217;0.0587;0.0342;0.0000;1.0630
97.5;1.6520;1.6447;-0.6470;0.0000;306;351;-0.0574;-0.0188;-0.0217;0.0538;0.0342;0.0000;1.0709
98.0;1.6598;1.6548;-0.6290;0.0000;308;353;0.0989;-0.0129;-0.0217;0.0528;0.0342;0.0000;1.0709
98.5;1.6676;1.6648;-0.5555;0.0000;312;353;0.0183;-0.0085;-0.0217;0.0459;0.0342;0.0000;1.0709
99.0;1.6758;1.6749;-0.5460;0.0000;314;355;0.0183;-0.0026;-0.0217;0.0450;0.0352;0.0000;1.0709
99.5;1.6836;1.6850;-0.4720;0.0000;320;359;0.0940;0.0032;-0.0217;0.0391;0.0352;0.0000;1.0709
100.0;1.6914;1.6946;-0.5185;0.0000;320;361;0.0940;0.0076;-0.0217;0.0430;0.0352;0.0000;1.0787
100.5;1.7001;1.7047;-0.5140;0.0000;322;363;0.0159;0.0105;-0.0217;0.0430;0.0352;0.0000;1.0787
101.0;1.7088;1.7147;-0.4305;0.0000;324;363;0.0916;0.0135;-0.0217;0.0352;0.0352;0.0000;1.0787
101.5;1.7179;1.7248;-0.5390;0.0000;324;367;0.0183;0.0164;-0.0217;0.0450;0.0362;0.0000;1.0787
102.0;1.7280;1.7349;-0.5170;0.0000;326;367;0.0940;0.0164;-0.0217;0.0430;0.0362;0.0000;1.0787
102.5;1.7376;1.7450;-0.5060;0.0000;327;370;-0.0623;0.0179;-0.0217;0.0420;0.0362;0.0000;1.0787
103.0;1.7473;1.7546;-0.4350;0.0000;331;370;0.0916;0.0179;-0.0217;0.0362;0.0362;0.0000;1.0866
103.5;1.7569;1.7647;-0.5025;0.0000;331;372;0.0159;0.0193;-0.0217;0.0420;0.0362;0.0000;1.0866
104.0;1.7651;1.7747;-0.3875;0.0000;333;370;0.0916;0.0223;-0.0217;0.0323;0.0371;0.0000;1.0866
104.5;1.7743;1.7848;-0.4240;0.0000;335;372;-0.0647;0.0252;-0.0217;0.0352;0.0371;0.0000;1.0866
105.0;1.7834;1.7949;-0.4010;0.0000;337;374;0.0134;0.0281;-0.0202;0.0332;0.0371;0.0000;1.0866
105.5;1.7921;1.8049;-0.4090;0.0000;339;376;0.0916;0.0311;-0.0202;0.0342;0.0371;0.0000;1.0945
106.0;1.8008;1.8146;-0.3330;0.0000;343;378;0.0110;0.0340;-0.0202;0.0274;0.0371;0.0000;1.0945
106.5;1.8100;1.8246;-0.2845;0.0000;345;378;0.0085;0.0355;-0.0202;0.0235;0.0371;0.0000;1.0945
107.0;1.8191;1.8347;-0.3055;0.0000;345;380;0.0867;0.0384;-0.0202;0.0254;0.0381;0.0000;1.0945
107.5;1.8283;1.8448;-0.2265;0.0000;349;380;0.0842;0.0398;-0.0202;0.0186;0.0381;0.0000;1.0945
108.0;1.8370;1.8549;-0.2640;0.0000;349;382;0.0867;0.0442;-0.0202;0.0215;0.0381;0.0000;1.0945
108.5;1.8448;1.8649;-0.1610;0.0000;353;382;0.0037;0.0486;-0.0202;0.0127;0.0381;0.0000;1.1024
109.0;1.8526;1.8745;-0.1470;0.0000;357;386;0.0037;0.0545;-0.0202;0.0117;0.0381;0.0000;1.1024
109.5;1.8608;1.8846;-0.0760;0.0000;361;386;0.0012;0.0589;-0.0188;0.0059;0.0381;0.0000;1.1024
110.0;1.8690;1.8947;-0.0480;0.0000;365;386;0.0012;0.0633;-0.0188;0.0039;0.0381;0.0000;1.1024
110.5;1.8773;1.9048;-0.0460;0.0000;367;388;0.0012;0.0677;-0.0188;0.0029;0.0381;0.0000;1.1024
111.0;1.8860;1.9148;-0.1085;0.0000;367;392;0.0037;0.0721;-0.0188;0.0088;0.0381;0.0000;1.1024
111.5;1.8938;1.9249;-0.0685;0.0000;369;394;0.0794;0.0765;-0.0188;0.0049;0.0381;0.0000;1.1102
112.0;1.9020;1.9350;-0.0900;0.0000;370;396;0.0012;0.0809;-0.0173;0.0068;0.0381;0.0000;1.1102
112.5;1.9107;1.9446;-0.1525;0.0000;372;400;0.0037;0.0838;-0.0173;0.0127;0.0381;0.0000;1.1102
113.0;1.9194;1.9547;-0.1695;0.0000;374;402;0.0037;0.0882;-0.0173;0.0137;0.0381;0.0000;1.1102
113.5;1.9281;1.9647;-0.1665;0.0000;376;404;0.0037;0.0911;-0.0173;0.0137;0.0381;0.0000;1.1102
114.0;1.9377;1.9748;-0.1875;0.0000;378;406;0.0061;0.0926;-0.0158;0.0156;0.0381;0.0000;1.1181
114.5;1.9483;1.9849;-0.2850;0.0000;378;410;0.0085;0.0897;-0.0158;0.0235;0.0391;0.0000;1.1181
115.0;1.9588;1.9950;-0.3550;0.0000;376;412;0.0110;0.0897;-0.0158;0.0293;0.0391;0.0000;1.1181
115.5;1.9693;2.0046;-0.5375;0.0000;374;417;0.1746;0.0882;-0.0158;0.0450;0.0391;0.0000;1.1181
116.0;1.9799;2.0147;-0.7460;0.0000;370;423;0.1819;0.0867;-0.0144;0.0626;0.0391;0.0000;1.1181
116.5;1.9899;2.0247;-0.7570;0.0000;370;425;0.1038;0.0867;-0.0144;0.0635;0.0401;0.0000;1.1181
117.0;1.9991;2.0348;-0.9145;0.0000;367;429;0.0305;0.0882;-0.0144;0.0762;0.0401;0.0000;1.1260
117.5;2.0087;2.0449;-0.8930;0.0000;369;431;0.0305;0.0897;-0.0144;0.0743;0.0401;0.0000;1.1260
118.0;2.0188;2.0449;-0.8550;0.0000;198;259;0.0281;0.0633;-0.0144;0.0714;0.0411;0.0000;0.4646
118.5;2.0256;2.0449;-0.8175;0.0000;195;251;-0.0012;0.0486;-0.0129;0.0684;0.0411;0.0000;0.4724
119.0;2.0298;2.0453;-0.7275;0.0000;193;247;0.1013;0.0384;-0.0129;0.0606;0.0411;0.0000;0.4882
119.5;2.0321;2.0458;-0.5340;0.0000;196;241;-0.0598;0.0340;-0.0129;0.0440;0.0420;0.0000;0.4961
120.0;2.0330;2.0462;-0.4730;0.0000;198;241;0.0940;0.0325;-0.0129;0.0391;0.0420;0.0000;0.5039
120.5;2.0339;2.0472;-0.4615;0.0000;200;241;0.0159;0.0325;-0.0129;0.0381;0.0420;0.0000;0.5197
121.0;2.0348;2.0481;-0.3220;0.0000;206;241;-0.1453;0.0325;-0.0129;0.0264;0.0420;0.0000;0.5276
121.5;2.0362;2.0490;-0.3305;0.0000;208;243;-0.0672;0.0311;-0.0129;0.0274;0.0420;0.0000;0.5354
122.0;2.0375;2.0504;-0.3120;0.0000;212;245;0.0085;0.0311;-0.0129;0.0254;0.0420;0.0000;0.5512
122.5;2.0394;2.0517;-0.3260;0.0000;214;247;-0.0672;0.0311;-0.0129;0.0274;0.0430;0.0000;0.5591
123.0;2.0408;2.0536;-0.1725;0.0000;220;245;0.0037;0.0311;-0.0129;0.0137;0.0430;0.0000;0.5669
123.5;2.0421;2.0549;-0.1665;0.0000;224;249;0.0037;0.0311;-0.0129;0.0137;0.0430;0.0000;0.5827
124.0;2.0449;2.0568;0.0135;0.0000;230;247;-0.1575;0.0296;-0.0114;-0.0020;0.0430;0.0000;0.5906
124.5;2.0481;2.0591;0.0950;0.0000;236;249;-0.0818;0.0267;-0.0114;-0.0088;0.0430;0.0000;0.5984
125.0;2.0513;2.0614;0.2090;0.0000;239;247;-0.0867;0.0237;-0.0114;-0.0176;0.0430;0.0000;0.6142
125.5;2.0545;2.0636;0.2605;0.0000;243;249;-0.0891;0.0208;-0.0114;-0.0225;0.0420;0.0000;0.6220
126.0;2.0572;2.0659;0.1025;0.0000;241;255;-0.0037;0.0208;-0.0114;-0.0088;0.0420;0.0000;0.6299
126.5;2.0600;2.0687;-0.0465;0.0000;241;261;0.0012;0.0208;-0.0114;0.0029;0.0420;0.0000;0.6457
127.0;2.0627;2.0714;-0.1315;0.0000;241;265;-0.0745;0.0208;-0.0114;0.0108;0.0420;0.0000;0.6535
127.5;2.0659;2.0746;-0.0945;0.0000;245;267;-0.0769;0.0208;-0.0114;0.0078;0.0430;0.0000;0.6614
128.0;2.0696;2.0774;-0.1310;0.0000;249;271;0.0037;0.0193;-0.0114;0.0108;0.0430;0.0000;0.6772
128.5;2.0737;2.0810;-0.0910;0.0000;253;273;-0.0769;0.0179;-0.0114;0.0068;0.0430;0.0000;0.6850
129.0;2.0774;2.0842;-0.1075;0.0000;255;277;-0.0745;0.0164;-0.0114;0.0088;0.0430;0.0000;0.7008
129.5;2.0820;2.0879;-0.1160;0.0000;257;279;-0.0745;0.0149;-0.0114;0.0088;0.0430;0.0000;0.7087
130.0;2.0861;2.0916;-0.1220;0.0000;259;281;0.0037;0.0135;-0.0114;0.0098;0.0430;0.0000;0.7165
130.5;2.0902;2.0957;-0.0670;0.0000;263;281;-0.0769;0.0135;-0.0114;0.0049;0.0430;0.0000;0.7323
131.0;2.0948;2.0998;-0.0490;0.0000;267;284;0.0012;0.0105;-0.0114;0.0039;0.0430;0.0000;0.7402
131.5;2.0994;2.1039;-0.1340;0.0000;267;288;0.0037;0.0105;-0.0114;0.0108;0.0430;0.0000;0.7480
132.0;2.1039;2.1081;-0.1120;0.0000;271;292;0.0818;0.0091;-0.0114;0.0088;0.0430;0.0000;0.7638
132.5;2.1090;2.1126;-0.1970;0.0000;271;298;0.0061;0.0091;-0.0114;0.0156;0.0430;0.0000;0.7717
133.0;2.1136;2.1172;-0.0940;0.0000;277;296;-0.0769;0.0091;-0.0114;0.0078;0.0430;0.0000;0.7874
133.5;2.1186;2.1223;-0.0255;0.0000;281;298;-0.0012;0.0076;-0.0114;0.0020;0.0430;0.0000;0.7953
134.0;2.1241;2.1273;0.0080;0.0000;283;302;-0.0012;0.0076;-0.0114;-0.0010;0.0430;0.0000;0.8031
134.5;2.1296;2.1323;0.0455;0.0000;288;306;-0.0037;0.0076;-0.0114;-0.0039;0.0430;0.0000;0.8189
135.0;2.1346;2.1378;0.0315;0.0000;290;310;0.0769;0.0076;-0.0100;-0.0029;0.0430;0.0000;0.8268
135.5;2.1392;2.1433;0.0470;0.0000;294;314;0.0745;0.0091;-0.0100;-0.0049;0.0430;0.0000;0.8425
136.0;2.1438;2.1488;-0.0600;0.0000;294;320;0.0794;0.0120;-0.0100;0.0049;0.0430;0.0000;0.8504
136.5;2.1488;2.1548;-0.0710;0.0000;296;324;0.0794;0.0135;-0.0100;0.0059;0.0430;0.0000;0.8583
137.0;2.1548;2.1607;-0.2175;0.0000;296;329;0.0842;0.0135;-0.0100;0.0176;0.0430;0.0000;0.8740
137.5;2.1607;2.1667;-0.2190;0.0000;300;333;0.0842;0.0135;-0.0100;0.0176;0.0430;0.0000;0.8819
138.0;2.1667;2.1731;-0.2545;0.0000;302;339;0.0867;0.0149;-0.0100;0.0205;0.0430;0.0000;0.8976
138.5;2.1731;2.1795;-0.2785;0.0000;306;343;0.0867;0.0149;-0.0100;0.0225;0.0430;0.0000;0.9055
139.0;2.1795;2.1859;-0.2355;0.0000;312;345;0.0061;0.0149;-0.0100;0.0196;0.0440;0.0000;0.9213
139.5;2.1868;2.1928;-0.1360;0.0000;316;345;0.0818;0.0135;-0.0100;0.0108;0.0440;0.0000;0.9291
140.0;2.1937;2.1996;-0.0920;0.0000;320;349;0.0012;0.0135;-0.0100;0.0068;0.0440;0.0000;0.9370
140.5;2.2005;2.2065;-0.1655;0.0000;322;353;0.0818;0.0135;-0.0100;0.0137;0.0440;0.0000;0.9528
141.0;2.2065;2.2138;-0.1080;0.0000;326;357;0.0818;0.0179;-0.0100;0.0088;0.0440;0.0000;0.9606
141.5;2.2134;2.2212;-0.1265;0.0000;331;363;0.0037;0.0193;-0.0100;0.0098;0.0440;0.0000;0.9764
142.0;2.2198;2.2285;-0.0775;0.0000;335;365;0.0012;0.0208;-0.0100;0.0059;0.0440;0.0000;0.9843
142.5;2.2266;2.2363;-0.0580;0.0000;339;367;0.0012;0.0237;-0.0100;0.0039;0.0440;0.0000;1.0000
143.0;2.2340;2.2440;-0.1245;0.0000;341;372;0.0037;0.0237;-0.0100;0.0098;0.0440;0.0000;1.0079
143.5;2.2413;2.2518;-0.1295;0.0000;345;376;0.0037;0.0252;-0.0100;0.0108;0.0440;0.0000;1.0157
144.0;2.2482;2.2601;-0.0700;0.0000;353;378;0.0012;0.0281;-0.0100;0.0049;0.0440;0.0000;1.0315
144.5;2.2555;2.2683;-0.0510;0.0000;357;382;0.0794;0.0311;-0.0100;0.0039;0.0440;0.0000;1.0394
145.0;2.2628;2.2770;-0.1415;0.0000;359;392;0.0037;0.0340;-0.0085;0.0117;0.0440;0.0000;1.0551
145.5;2.2701;2.2853;0.0220;0.0000;367;392;0.0769;0.0384;-0.0085;-0.0020;0.0440;0.0000;1.0630
146.0;2.2770;2.2940;0.0570;0.0000;372;396;0.0745;0.0413;-0.0085;-0.0049;0.0440;0.0000;1.0787
146.5;2.2839;2.3031;0.0810;0.0000;376;400;0.0745;0.0472;-0.0085;-0.0068;0.0440;0.0000;1.0866
147.0;2.2921;2.3123;0.1335;0.0000;384;404;-0.0061;0.0486;-0.0085;-0.0117;0.0440;0.0000;1.1024
147.5;2.3004;2.3214;0.3325;0.0000;394;406;0.0647;0.0516;-0.0085;-0.0283;0.0440;0.0000;1.1102
148.0;2.3082;2.3306;0.2135;0.0000;396;412;-0.0085;0.0560;-0.0085;-0.0186;0.0440;0.0000;1.1260
148.5;2.3164;2.3402;0.1435;0.0000;400;417;-0.0061;0.0589;-0.0070;-0.0127;0.0440;0.0000;1.1339
149.0;2.3246;2.3498;0.1500;0.0000;404;421;-0.0061;0.0618;-0.0070;-0.0127;0.0440;0.0000;1.1496
149.5;2.3329;2.3599;0.0435;0.0000;406;427;-0.0037;0.0662;-0.0070;-0.0039;0.0440;0.0000;1.1575
150.0;2.3420;2.3700;0.1045;0.0000;413;431;-0.0061;0.0691;-0.0070;-0.0088;0.0440;0.0000;1.1732
150.5;2.3521;2.3800;0.0040;0.0000;415;439;0.0769;0.0691;-0.0070;-0.0010;0.0440;0.0000;1.1811
151.0;2.3622;2.3901;-0.1165;0.0000;417;447;0.0037;0.0691;-0.0070;0.0098;0.0440;0.0000;1.1969
151.5;2.3727;2.4006;-0.3035;0.0000;417;457;0.0867;0.0691;-0.0056;0.0254;0.0440;0.0000;1.2047
152.0;2.3837;2.4112;-0.3990;0.0000;419;462;0.1697;0.0691;-0.0056;0.0332;0.0440;0.0000;1.2205
152.5;2.3942;2.4222;-0.4970;0.0000;423;470;0.0940;0.0691;-0.0056;0.0411;0.0440;0.0000;1.2283
153.0;2.4052;2.4332;-0.6300;0.0000;423;476;0.0989;0.0691;-0.0056;0.0528;0.0440;0.0000;1.2441
153.5;2.4162;2.4441;-0.6375;0.0000;429;484;0.1770;0.0691;-0.0056;0.0528;0.0450;0.0000;1.2520
154.0;2.4277;2.4556;-0.7885;0.0000;429;492;0.1819;0.0691;-0.0041;0.0655;0.0450;0.0000;1.2677
154.5;2.4386;2.4666;-0.7860;0.0000;433;496;0.1038;0.0706;-0.0041;0.0655;0.0450;0.0000;1.2756
155.0;2.4496;2.4785;-0.8575;0.0000;437;501;0.0281;0.0706;-0.0041;0.0714;0.0459;0.0000;1.2913
155.5;2.4620;2.4899;-0.8420;0.0000;443;507;0.0281;0.0691;-0.0041;0.0704;0.0459;0.0000;1.2992
156.0;2.4744;2.5018;-0.9430;0.0000;445;513;0.0330;0.0677;-0.0041;0.0792;0.0459;0.0000;1.3150
156.5;2.4863;2.5142;-0.8035;0.0000;453;515;-0.0525;0.0691;-0.0026;0.0674;0.0469;0.0000;1.3228
157.0;2.4968;2.5261;-0.8615;0.0000;458;521;-0.1258;0.0735;-0.0026;0.0723;0.0469;0.0000;1.3386
157.5;2.5078;2.5385;-0.6705;0.0000;468;521;-0.1355;0.0750;-0.0026;0.0557;0.0469;0.0000;1.3465
158.0;2.5192;2.5508;-0.4940;0.0000;478;523;-0.1404;0.0794;-0.0026;0.0411;0.0479;0.0000;1.3622
158.5;2.5307;2.5636;-0.3895;0.0000;486;525;-0.0647;0.0809;-0.0026;0.0323;0.0479;0.0000;1.3701
159.0;2.5430;2.5765;-0.3315;0.0000;494;529;0.0110;0.0838;-0.0012;0.0274;0.0479;0.0000;1.3858
159.5;2.5559;2.5893;-0.3880;0.0000;500;537;-0.0647;0.0838;-0.0012;0.0323;0.0479;0.0000;1.3937
160.0;2.5687;2.6026;-0.2895;0.0000;509;543;-0.0696;0.0838;-0.0012;0.0235;0.0479;0.0000;1.4094
160.5;2.5806;2.6158;-0.4520;0.0000;507;548;-0.0647;0.0867;-0.0012;0.0371;0.0479;0.0000;1.4252
161.0;2.5934;2.6291;-0.3685;0.0000;515;552;0.0110;0.0897;0.0003;0.0303;0.0489;0.0000;1.4331
161.5;2.6062;2.6429;-0.4595;0.0000;517;560;0.0159;0.0911;0.0003;0.0381;0.0489;0.0000;1.4488
162.0;2.6209;2.6566;-0.5880;0.0000;521;570;0.0183;0.0882;0.0003;0.0489;0.0489;0.0000;1.4567
162.5;2.6355;2.6703;-0.5505;0.0000;527;576;0.0183;0.0867;0.0003;0.0459;0.0489;0.0000;1.4724
163.0;2.6502;2.6845;-0.6315;0.0000;531;582;-0.0574;0.0853;0.0018;0.0528;0.0499;0.0000;1.4803
163.5;2.6658;2.6987;-0.5175;0.0000;539;586;0.0159;0.0823;0.0018;0.0430;0.0499;0.0000;1.4961
164.0;2.6813;2.7134;-0.5290;0.0000;541;589;0.0965;0.0794;0.0018;0.0440;0.0499;0.0000;1.5039
164.5;2.6964;2.7276;-0.4625;0.0000;546;593;0.0940;0.0779;0.0018;0.0381;0.0499;0.0000;1.5197
165.0;2.7120;2.7422;-0.6345;0.0000;546;601;0.0989;0.0750;0.0018;0.0528;0.0508;0.0000;1.5354
165.5;2.7285;2.7573;-0.8560;0.0000;546;613;0.1087;0.0706;0.0032;0.0714;0.0508;0.0000;1.5433
166.0;2.7463;2.7724;-1.0345;0.0000;546;623;0.1111;0.0648;0.0032;0.0860;0.0508;0.0000;1.5591
166.5;2.7651;2.7875;-1.2475;0.0000;544;632;0.2015;0.0545;0.0032;0.1046;0.0518;0.0000;1.5669
167.0;2.7848;2.8027;-1.0645;0.0000;548;632;0.2698;0.0442;0.0032;0.0890;0.0518;0.0000;1.5827
167.5;2.8040;2.8182;-1.4270;0.0000;543;642;0.2039;0.0340;0.0032;0.1193;0.0528;0.0000;1.5906
168.0;2.8233;2.8338;-1.3870;0.0000;544;644;0.1258;0.0252;0.0032;0.1163;0.0538;0.0000;1.6063
168.5;2.8416;2.8498;-1.6085;0.0000;543;654;0.2112;0.0193;0.0032;0.1349;0.0538;0.0000;1.6220
169.0;2.8599;2.8654;-1.4980;0.0000;546;654;0.2088;0.0135;0.0032;0.1251;0.0547;0.0000;1.6299
169.5;2.8791;2.8819;-1.4915;0.0000;550;660;0.2063;0.0047;0.0032;0.1251;0.0557;0.0000;1.6457
170.0;2.8984;2.8979;-1.3185;0.0000;556;660;0.2796;-0.0026;0.0032;0.1105;0.0557;0.0000;1.6535
170.5;2.9180;2.9144;-1.4055;0.0000;558;664;0.1258;-0.0100;0.0032;0.1173;0.0567;0.0000;1.6693
171.0;2.9368;2.9309;-1.6490;0.0000;554;672;0.1355;-0.0158;0.0032;0.1378;0.0567;0.0000;1.6850
171.5;2.9565;2.9478;-1.4060;0.0000;562;672;0.1258;-0.0231;0.0032;0.1173;0.0577;0.0000;1.6929
172.0;2.9762;2.9643;-1.5805;0.0000;560;677;0.2894;-0.0290;0.0032;0.1320;0.0587;0.0000;1.7087
172.5;2.9954;2.9817;-1.4060;0.0000;568;677;0.2039;-0.0363;0.0032;0.1173;0.0587;0.0000;1.7244
173.0;3.0147;2.9986;-1.5265;0.0000;568;683;0.2869;-0.0407;0.0032;0.1281;0.0596;0.0000;1.7323
173.5;3.0348;3.0160;-1.3160;0.0000;578;683;0.2015;-0.0481;0.0032;0.1105;0.0606;0.0000;1.7480
174.0;3.0549;3.0334;-1.4505;0.0000;578;691;0.1282;-0.0554;0.0032;0.1212;0.0606;0.0000;1.7559
174.5;3.0746;3.0508;-1.3245;0.0000;578;687;0.2015;-0.0598;0.0018;0.1105;0.0616;0.0000;1.7480
175.0;3.0934;3.0682;-1.1250;0.0000;580;679;0.1941;-0.0642;0.0018;0.0938;0.0616;0.0000;1.7402
175.5;3.1122;3.0852;-1.0415;0.0000;578;675;0.2698;-0.0686;0.0018;0.0870;0.0626;0.0000;1.7323
176.0;3.1319;3.1021;-0.9975;0.0000;576;672;0.1893;-0.0759;0.0018;0.0831;0.0626;0.0000;1.7244
176.5;3.1497;3.1186;-1.1260;0.0000;568;672;0.2723;-0.0788;0.0018;0.0938;0.0635;0.0000;1.7165
177.0;3.1685;3.1351;-0.9755;0.0000;570;666;0.1893;-0.0832;0.0003;0.0811;0.0635;0.0000;1.7087
177.5;3.1868;3.1516;-1.1075;0.0000;560;664;0.1941;-0.0891;0.0003;0.0929;0.0635;0.0000;1.7008
178.0;3.2051;3.1680;-0.8835;0.0000;562;654;0.2650;-0.0935;0.0003;0.0733;0.0645;0.0000;1.6929
178.5;3.2244;3.1841;-1.1215;0.0000;552;656;0.1941;-0.1023;0.0003;0.0938;0.0645;0.0000;1.6850
179.0;3.2431;3.2001;-1.0655;0.0000;548;648;0.1917;-0.1096;-0.0012;0.0890;0.0655;0.0000;1.6772
179.5;3.2619;3.2157;-1.0140;0.0000;544;642;0.1136;-0.1169;-0.0012;0.0850;0.0655;0.0000;1.6693
180.0;3.2811;3.2312;-0.7650;0.0000;548;634;0.1038;-0.1242;-0.0012;0.0635;0.0665;0.0000;1.6614
180.5;3.2999;3.2468;-0.5955;0.0000;546;627;0.1770;-0.1330;-0.0026;0.0499;0.0665;0.0000;1.6535
181.0;3.3178;3.2619;-0.8295;0.0000;539;625;0.1062;-0.1389;-0.0026;0.0694;0.0665;0.0000;1.6457
181.5;3.3356;3.2775;-0.7545;0.0000;535;619;0.1038;-0.1477;-0.0026;0.0626;0.0665;0.0000;1.6378
182.0;3.3553;3.2921;-0.9915;0.0000;525;619;0.0330;-0.1579;-0.0041;0.0831;0.0674;0.0000;1.6299
182.5;3.3741;3.3072;-0.7715;0.0000;525;607;0.1819;-0.1682;-0.0041;0.0645;0.0674;0.0000;1.6220
183.0;3.3942;3.3219;-1.1025;0.0000;511;609;0.1160;-0.1814;-0.0056;0.0919;0.0684;0.0000;1.6142
183.5;3.4148;3.3365;-0.9620;0.0000;509;599;0.1111;-0.1975;-0.0056;0.0802;0.0684;0.0000;1.6063
184.0;3.4336;3.3507;-1.0950;0.0000;500;597;0.2723;-0.2077;-0.0070;0.0919;0.0694;0.0000;1.5984
184.5;3.4533;3.3649;-1.1420;0.0000;494;593;0.1160;-0.2224;-0.0070;0.0958;0.0694;0.0000;1.5906
185.0;3.4725;3.3791;-1.1860;0.0000;488;587;0.1966;-0.2341;-0.0085;0.0987;0.0704;0.0000;1.5827
185.5;3.4899;3.3929;-0.9875;0.0000;486;578;0.0330;-0.2429;-0.0100;0.0821;0.0704;0.0000;1.5748
186.0;3.5050;3.4066;-0.6340;0.0000;490;566;0.0208;-0.2458;-0.0100;0.0528;0.0704;0.0000;1.5669
186.5;3.5183;3.4203;-0.6530;0.0000;486;560;0.0208;-0.2458;-0.0114;0.0547;0.0714;0.0000;1.5591
187.0;3.5311;3.4336;-0.3275;0.0000;490;552;0.1673;-0.2444;-0.0129;0.0274;0.0714;0.0000;1.5433
187.5;3.5435;3.4469;-0.3350;0.0000;490;550;0.0891;-0.2414;-0.0129;0.0274;0.0714;0.0000;1.5354
188.0;3.5545;3.4602;-0.0420;0.0000;494;543;0.0794;-0.2356;-0.0144;0.0029;0.0714;0.0000;1.5276
188.5;3.5636;3.4730;0.2165;0.0000;498;535;0.0696;-0.2268;-0.0158;-0.0186;0.0714;0.0000;1.5197
189.0;3.5733;3.4858;0.5000;0.0000;500;525;0.1380;-0.2195;-0.0158;-0.0430;0.0714;0.0000;1.5118
189.5;3.5838;3.4986;0.5785;0.0000;501;523;0.1355;-0.2136;-0.0173;-0.0489;0.0704;0.0000;1.5039
190.0;3.5939;3.5110;0.4280;0.0000;498;525;0.0623;-0.2077;-0.0173;-0.0362;0.0704;0.0000;1.4961
190.5;3.6030;3.5234;0.6095;0.0000;500;519;0.1331;-0.2004;-0.0188;-0.0518;0.0704;0.0000;1.4882
191.0;3.6122;3.5357;0.3705;0.0000;496;525;0.0647;-0.1931;-0.0202;-0.0313;0.0704;0.0000;1.4803
191.5;3.6204;3.5476;0.5450;0.0000;500;521;0.0574;-0.1828;-0.0202;-0.0459;0.0694;0.0000;1.4724
192.0;3.6282;3.5595;0.4355;0.0000;498;523;-0.0159;-0.1726;-0.0202;-0.0371;0.0694;0.0000;1.4646
192.5;3.6351;3.5710;0.5160;0.0000;500;519;-0.0183;-0.1609;-0.0217;-0.0440;0.0694;0.0000;1.4567
193.0;3.6424;3.5829;0.3360;0.0000;496;523;-0.0134;-0.1491;-0.0217;-0.0283;0.0694;0.0000;1.4409
193.5;3.6488;3.5943;0.4040;0.0000;498;519;-0.0159;-0.1374;-0.0231;-0.0342;0.0694;0.0000;1.4331
194.0;3.6548;3.6053;0.4710;0.0000;501;523;0.0623;-0.1242;-0.0231;-0.0401;0.0694;0.0000;1.4252
194.5;3.6607;3.6163;0.5200;0.0000;501;521;-0.0208;-0.1110;-0.0231;-0.0440;0.0684;0.0000;1.4173
195.0;3.6667;3.6273;0.5650;0.0000;505;523;0.0574;-0.0993;-0.0246;-0.0479;0.0684;0.0000;1.4094
195.5;3.6735;3.6383;0.3045;0.0000;501;529;-0.0110;-0.0891;-0.0246;-0.0264;0.0684;0.0000;1.4016
196.0;3.6804;3.6488;0.4210;0.0000;503;527;0.1404;-0.0803;-0.0246;-0.0362;0.0684;0.0000;1.3937
196.5;3.6868;3.6593;0.3075;0.0000;500;529;0.0672;-0.0700;-0.0246;-0.0264;0.0684;0.0000;1.3858
197.0;3.6928;3.6694;0.4305;0.0000;503;525;-0.0940;-0.0583;-0.0246;-0.0362;0.0674;0.0000;1.3780
197.5;3.6978;3.6799;0.3575;0.0000;505;529;-0.0134;-0.0451;-0.0261;-0.0303;0.0674;0.0000;1.3622
198.0;3.7015;3.6896;0.3455;0.0000;505;529;-0.0134;-0.0305;-0.0261;-0.0293;0.0674;0.0000;1.3543
198.5;3.7060;3.6996;0.2695;0.0000;505;533;0.0672;-0.0173;-0.0261;-0.0235;0.0674;0.0000;1.3465
199.0;3.7111;3.7092;0.1830;0.0000;505;535;0.0696;-0.0056;-0.0261;-0.0156;0.0674;0.0000;1.3386
199.5;3.7157;3.7189;0.2750;0.0000;507;535;-0.0110;0.0076;-0.0261;-0.0235;0.0674;0.0000;1.3307
200.0;3.7202;3.7280;0.0620;0.0000;501;537;0.0745;0.0193;-0.0261;-0.0059;0.0674;0.0000;1.3228
200.5;3.7257;3.7376;0.0705;0.0000;503;539;0.0745;0.0281;-0.0261;-0.0068;0.0674;0.0000;1.3150
201.0;3.7317;3.7463;-0.1360;0.0000;500;544;0.0818;0.0369;-0.0246;0.0108;0.0674;0.0000;1.2992
201.5;3.7372;3.7555;-0.0890;0.0000;501;544;0.0794;0.0442;-0.0246;0.0068;0.0674;0.0000;1.2913
202.0;3.7431;3.7642;-0.2660;0.0000;500;550;0.0085;0.0516;-0.0246;0.0215;0.0674;0.0000;1.2835
202.5;3.7486;3.7729;-0.1280;0.0000;501;546;0.0037;0.0589;-0.0246;0.0098;0.0674;0.0000;1.2756
203.0;3.7541;3.7811;-0.2100;0.0000;500;546;0.0061;0.0662;-0.0246;0.0176;0.0674;0.0000;1.2677
203.5;3.7610;3.7894;-0.4645;0.0000;494;550;-0.0623;0.0706;-0.0246;0.0381;0.0674;0.0000;1.2598
204.0;3.7683;3.7976;-0.5565;0.0000;492;552;0.0183;0.0721;-0.0231;0.0459;0.0684;0.0000;1.2441
204.5;3.7761;3.8054;-0.6490;0.0000;488;552;0.0989;0.0721;-0.0231;0.0538;0.0684;0.0000;1.2362
205.0;3.7848;3.8132;-0.4960;0.0000;492;550;0.0159;0.0706;-0.0231;0.0411;0.0684;0.0000;1.2283
205.5;3.7940;3.8210;-0.5705;0.0000;488;550;0.1746;0.0677;-0.0231;0.0479;0.0684;0.0000;1.2205
206.0;3.8031;3.8283;-0.3395;0.0000;492;544;0.0110;0.0633;-0.0231;0.0283;0.0684;0.0000;1.2126
206.5;3.8127;3.8361;-0.3970;0.0000;488;541;-0.0647;0.0560;-0.0231;0.0332;0.0694;0.0000;1.2047
207.0;3.8228;3.8429;-0.3225;0.0000;484;533;-0.0672;0.0501;-0.0217;0.0264;0.0694;0.0000;1.1890
207.5;3.8324;3.8503;-0.1715;0.0000;482;527;0.0061;0.0442;-0.0217;0.0137;0.0694;0.0000;1.1811
208.0;3.8407;3.8571;-0.1460;0.0000;480;523;0.0818;0.0398;-0.0217;0.0117;0.0694;0.0000;1.1732
208.5;3.8494;3.8636;-0.1185;0.0000;478;519;0.0037;0.0355;-0.0217;0.0098;0.0694;0.0000;1.1654
209.0;3.8571;3.8704;-0.1875;0.0000;474;519;0.0842;0.0311;-0.0217;0.0156;0.0694;0.0000;1.1575
209.5;3.8658;3.8768;-0.0495;0.0000;474;513;0.0794;0.0267;-0.0217;0.0039;0.0694;0.0000;1.1417
210.0;3.8732;3.8828;-0.1140;0.0000;468;511;0.0818;0.0237;-0.0217;0.0088;0.0694;0.0000;1.1339
210.5;3.8787;3.8892;0.1270;0.0000;468;501;0.0720;0.0252;-0.0217;-0.0108;0.0694;0.0000;1.1260
211.0;3.8855;3.8951;-0.0185;0.0000;462;501;0.0769;0.0237;-0.0217;0.0010;0.0694;0.0000;1.1181
211.5;3.8910;3.9006;0.2185;0.0000;464;494;0.0696;0.0237;-0.0217;-0.0186;0.0694;0.0000;1.1102
212.0;3.8947;3.9061;0.0360;0.0000;458;496;-0.0037;0.0281;-0.0217;-0.0039;0.0694;0.0000;1.0945
212.5;3.8984;3.9116;-0.0570;0.0000;455;496;0.0794;0.0325;-0.0202;0.0039;0.0694;0.0000;1.0866
213.0;3.9020;3.9171;0.0425;0.0000;457;494;-0.0037;0.0369;-0.0202;-0.0039;0.0694;0.0000;1.0787
213.5;3.9052;3.9222;0.1330;0.0000;457;490;-0.0061;0.0428;-0.0202;-0.0117;0.0694;0.0000;1.0709
214.0;3.9080;3.9272;0.2035;0.0000;457;486;0.0696;0.0472;-0.0202;-0.0176;0.0694;0.0000;1.0630
214.5;3.9116;3.9322;0.0235;0.0000;449;488;0.1551;0.0501;-0.0202;-0.0029;0.0694;0.0000;1.0472
215.0;3.9144;3.9368;0.3240;0.0000;453;480;0.0647;0.0545;-0.0202;-0.0274;0.0694;0.0000;1.0394
215.5;3.9167;3.9414;0.1875;0.0000;449;482;-0.0085;0.0618;-0.0202;-0.0166;0.0694;0.0000;1.0315
216.0;3.9185;3.9455;0.3610;0.0000;453;476;-0.0134;0.0677;-0.0188;-0.0313;0.0684;0.0000;1.0236
216.5;3.9199;3.9501;0.3200;0.0000;451;474;-0.0134;0.0735;-0.0188;-0.0274;0.0684;0.0000;1.0079
217.0;3.9212;3.9542;0.3070;0.0000;451;476;-0.0110;0.0809;-0.0188;-0.0264;0.0684;0.0000;1.0000
217.5;3.9226;3.9579;0.1510;0.0000;447;478;-0.0061;0.0867;-0.0188;-0.0137;0.0684;0.0000;0.9921
218.0;3.9240;3.9615;0.2720;0.0000;447;472;-0.0891;0.0926;-0.0188;-0.0235;0.0684;0.0000;0.9843
218.5;3.9254;3.9652;0.4365;0.0000;449;466;-0.0159;0.0999;-0.0173;-0.0371;0.0684;0.0000;0.9685
219.0;3.9263;3.9689;0.4945;0.0000;449;464;0.0598;0.1058;-0.0173;-0.0420;0.0684;0.0000;0.9606
219.5;3.9277;3.9721;0.5835;0.0000;451;462;0.0574;0.1102;-0.0173;-0.0499;0.0674;0.0000;0.9528
220.0;3.9290;3.9753;0.3765;0.0000;445;464;0.0647;0.1146;-0.0158;-0.0323;0.0674;0.0000;0.9449
220.5;3.9304;3.9780;0.4630;0.0000;447;462;0.0598;0.1190;-0.0158;-0.0391;0.0674;0.0000;0.9291
221.0;3.9309;3.9808;0.3320;0.0000;443;464;-0.0916;0.1234;-0.0158;-0.0283;0.0674;0.0000;0.9213
221.5;3.9313;3.9835;0.4505;0.0000;443;458;-0.0183;0.1307;-0.0144;-0.0381;0.0674;0.0000;0.9134
222.0;3.9318;3.9858;0.2925;0.0000;439;460;-0.0110;0.1351;-0.0144;-0.0254;0.0665;0.0000;0.9055
222.5;3.9322;3.9886;0.1645;0.0000;435;462;-0.0842;0.1395;-0.0144;-0.0147;0.0665;0.0000;0.8898
223.0;3.9327;3.9904;0.1430;0.0000;433;460;-0.0842;0.1439;-0.0129;-0.0127;0.0665;0.0000;0.8819
223.5;3.9332;3.9927;0.0500;0.0000;429;462;-0.0818;0.1468;-0.0129;-0.0049;0.0665;0.0000;0.8740
224.0;3.9354;3.9945;0.1430;0.0000;431;458;-0.0061;0.1468;-0.0114;-0.0127;0.0665;0.0000;0.8661
224.5;3.9396;3.9963;0.0185;0.0000;427;460;-0.0794;0.1409;-0.0114;-0.0020;0.0665;0.0000;0.8504
225.0;3.9455;3.9977;0.1670;0.0000;427;453;-0.0061;0.1307;-0.0114;-0.0147;0.0665;0.0000;0.8425
225.5;3.9501;3.9991;0.0100;0.0000;417;451;-0.0012;0.1219;-0.0100;-0.0010;0.0665;0.0000;0.8346
226.0;3.9533;4.0000;0.1800;0.0000;406;431;-0.0867;0.1146;-0.0100;-0.0156;0.0665;0.0000;0.7795
226.5;3.9565;4.0000;0.3255;0.0000;398;415;-0.0134;0.1072;-0.0100;-0.0283;0.0665;0.0000;0.7402
227.0;3.9597;4.0000;0.3955;0.0000;396;412;-0.0159;0.0999;-0.0085;-0.0342;0.0665;0.0000;0.7402
227.5;3.9629;4.0000;0.5505;0.0000;398;406;0.0574;0.0926;-0.0085;-0.0469;0.0665;0.0000;0.7402
228.0;3.9657;4.0000;0.2935;0.0000;388;410;0.1453;0.0838;-0.0085;-0.0254;0.0655;0.0000;0.7402
228.5;3.9684;4.0000;0.2935;0.0000;386;410;0.1453;0.0779;-0.0085;-0.0254;0.0655;0.0000;0.7402
229.0;3.9707;4.0000;0.1825;0.0000;382;410;-0.0085;0.0721;-0.0070;-0.0156;0.0655;0.0000;0.7402
229.5;3.9725;4.0000;0.3345;0.0000;384;406;0.0647;0.0677;-0.0070;-0.0283;0.0655;0.0000;0.7402
230.0;3.9748;4.0000;0.2255;0.0000;380;406;0.0696;0.0618;-0.0070;-0.0196;0.0655;0.0000;0.7402
230.5;3.9771;4.0000;0.4630;0.0000;382;398;0.1380;0.0560;-0.0070;-0.0391;0.0655;0.0000;0.7402
231.0;3.9780;4.0000;0.2685;0.0000;376;402;-0.0110;0.0545;-0.0070;-0.0235;0.0655;0.0000;0.7402
231.5;3.9780;4.0000;0.2055;0.0000;374;402;-0.0085;0.0530;-0.0070;-0.0176;0.0655;0.0000;0.7402
232.0;3.9776;4.0000;0.3885;0.0000;378;398;-0.0159;0.0560;-0.0070;-0.0332;0.0645;0.0000;0.7402
232.5;3.9766;4.0000;0.3565;0.0000;378;400;-0.0134;0.0574;-0.0056;-0.0303;0.0645;0.0000;0.7402
233.0;3.9771;4.0000;0.4070;0.0000;380;400;-0.0159;0.0560;-0.0056;-0.0342;0.0645;0.0000;0.7402
233.5;3.9766;4.0000;0.3200;0.0000;378;400;0.1429;0.0574;-0.0056;-0.0274;0.0645;0.0000;0.7402
234.0;3.9748;4.0000;0.3260;0.0000;376;400;0.0647;0.0618;-0.0056;-0.0283;0.0645;0.0000;0.7402
234.5;3.9734;4.0000;0.3775;0.0000;378;398;-0.0916;0.0648;-0.0056;-0.0323;0.0645;0.0000;0.7402
235.0;3.9725;4.0000;0.5220;0.0000;382;396;-0.0183;0.0677;-0.0056;-0.0440;0.0635;0.0000;0.7402
235.5;3.9698;4.0000;0.5275;0.0000;384;398;0.0574;0.0750;-0.0041;-0.0450;0.0635;0.0000;0.7402
236.0;3.9670;4.0000;0.4405;0.0000;384;402;0.0623;0.0809;-0.0041;-0.0371;0.0635;0.0000;0.7402
236.5;3.9638;4.0000;0.4465;0.0000;386;402;-0.0965;0.0882;-0.0041;-0.0381;0.0635;0.0000;0.7402
237.0;3.9615;4.0000;0.4785;0.0000;388;402;-0.0965;0.0955;-0.0041;-0.0411;0.0635;0.0000;0.7402
237.5;3.9602;4.0000;0.6220;0.0000;392;400;0.0549;0.0984;-0.0026;-0.0528;0.0626;0.0000;0.7402
238.0;3.9583;4.0000;0.5805;0.0000;392;402;-0.0208;0.1028;-0.0026;-0.0489;0.0626;0.0000;0.7402
238.5;3.9565;4.0000;0.7515;0.0000;398;400;0.0501;0.1072;-0.0026;-0.0635;0.0626;0.0000;0.7402
239.0;3.9542;4.0000;0.5645;0.0000;396;406;0.0574;0.1131;-0.0012;-0.0479;0.0626;0.0000;0.7402
239.5;3.9533;4.0000;0.7260;0.0000;400;404;-0.0256;0.1160;-0.0012;-0.0616;0.0616;0.0000;0.7402
240.0;3.9519;4.0000;0.5945;0.0000;398;408;-0.1013;0.1190;-0.0012;-0.0508;0.0616;0.0000;0.7402
240.5;3.9510;4.0000;0.7975;0.0000;404;404;-0.0305;0.1204;0.0003;-0.0674;0.0616;0.0000;0.7402
241.0;3.9496;4.0000;0.7980;0.0000;404;404;0.0501;0.1248;0.0003;-0.0674;0.0606;0.0000;0.7402
241.5;3.9492;4.0000;0.6270;0.0000;402;408;-0.0232;0.1263;0.0003;-0.0528;0.0606;0.0000;0.7402
242.0;3.9492;4.0000;0.5725;0.0000;402;410;-0.0208;0.1263;0.0018;-0.0489;0.0606;0.0000;0.7402
242.5;3.9519;4.0000;0.4680;0.0000;400;412;-0.0965;0.1190;0.0018;-0.0401;0.0606;0.0000;0.7402
243.0;3.9551;4.0000;0.6755;0.0000;404;406;-0.1038;0.1102;0.0018;-0.0577;0.0596;0.0000;0.7402
243.5;3.9592;4.0000;0.4850;0.0000;400;408;-0.0183;0.1014;0.0018;-0.0411;0.0596;0.0000;0.7402
244.0;3.9634;4.0000;0.6005;0.0000;400;404;-0.0232;0.0897;0.0032;-0.0508;0.0596;0.0000;0.7402
244.5;3.9684;4.0000;0.3960;0.0000;392;406;-0.0159;0.0779;0.0032;-0.0342;0.0596;0.0000;0.7402
245.0;3.9744;4.0000;0.4830;0.0000;392;402;-0.0965;0.0633;0.0032;-0.0411;0.0587;0.0000;0.7402
245.5;3.9799;4.0000;0.2855;0.0000;384;402;-0.0110;0.0486;0.0032;-0.0244;0.0587;0.0000;0.7402
246.0;3.9849;4.0000;0.4880;0.0000;386;396;-0.0183;0.0369;0.0032;-0.0411;0.0587;0.0000;0.7402
246.5;3.9886;4.0000;0.4655;0.0000;382;392;0.0623;0.0267;0.0032;-0.0401;0.0587;0.0000;0.7402
247.0;3.9931;4.0000;0.2555;0.0000;376;396;0.0672;0.0164;0.0032;-0.0215;0.0587;0.0000;0.7402
247.5;3.9977;4.0000;0.2310;0.0000;372;394;0.0696;0.0047;0.0047;-0.0196;0.0587;0.0000;0.7402
248.0;4.0018;4.0000;0.1140;0.0000;367;394;0.1502;-0.0056;0.0032;-0.0098;0.0587;0.0000;0.7402
248.5;4.0050;4.0000;0.3125;0.0000;367;386;0.0672;-0.0144;0.0032;-0.0264;0.0577;0.0000;0.7402
249.0;4.0073;4.0000;0.1965;0.0000;363;386;0.0696;-0.0188;0.0032;-0.0166;0.0577;0.0000;0.7402
249.5;4.0078;4.0000;0.4200;0.0000;365;380;0.1404;-0.0202;0.0032;-0.0362;0.0577;0.0000;0.7402
250.0;4.0092;4.0000;0.1305;0.0000;357;386;0.0720;-0.0246;0.0032;-0.0117;0.0577;0.0000;0.7402
250.5;4.0082;4.0000;0.1265;0.0000;359;386;-0.0061;-0.0217;0.0032;-0.0108;0.0577;0.0000;0.7402
251.0;4.0064;4.0000;0.3465;0.0000;363;382;-0.0134;-0.0173;0.0032;-0.0293;0.0577;0.0000;0.7402
251.5;4.0037;4.0000;0.2800;0.0000;361;382;0.0672;-0.0114;0.0032;-0.0244;0.0577;0.0000;0.7402
252.0;4.0023;4.0000;0.3725;0.0000;365;380;-0.0916;-0.0070;0.0032;-0.0323;0.0577;0.0000;0.7402
252.5;4.0005;4.0000;0.2570;0.0000;363;384;0.0672;-0.0026;0.0032;-0.0225;0.0577;0.0000;0.7402
253.0;3.9986;4.0000;0.4090;0.0000;367;382;-0.0159;0.0018;0.0032;-0.0352;0.0567;0.0000;0.7402
253.5;3.9968;4.0000;0.3320;0.0000;367;382;-0.0916;0.0062;0.0032;-0.0283;0.0567;0.0000;0.7402
254.0;3.9945;4.0000;0.5245;0.0000;370;380;0.0574;0.0120;0.0032;-0.0450;0.0567;0.0000;0.7402
254.5;3.9927;4.0000;0.4490;0.0000;370;384;0.0623;0.0179;0.0032;-0.0381;0.0567;0.0000;0.7402
255.0;3.9913;4.0000;0.5845;0.0000;374;380;0.0574;0.0208;0.0032;-0.0499;0.0567;0.0000;0.7402
255.5;3.9890;4.0000;0.7160;0.0000;378;378;-0.0256;0.0267;0.0032;-0.0606;0.0557;0.0000;0.7402
256.0;3.9863;4.0000;0.5935;0.0000;374;382;0.0574;0.0325;0.0032;-0.0508;0.0557;0.0000;0.7402
256.5;3.9840;4.0000;0.7390;0.0000;380;382;-0.0281;0.0384;0.0047;-0.0626;0.0557;0.0000;0.7402
257.0;3.9826;4.0000;0.6930;0.0000;380;384;0.0525;0.0428;0.0047;-0.0587;0.0547;0.0000;0.7402
257.5;3.9799;4.0000;0.7260;0.0000;382;384;0.0525;0.0486;0.0047;-0.0616;0.0547;0.0000;0.7402
258.0;3.9776;4.0000;0.6600;0.0000;384;388;0.0549;0.0545;0.0047;-0.0557;0.0547;0.0000;0.7402
258.5;3.9753;4.0000;0.6725;0.0000;384;388;0.0525;0.0604;0.0047;-0.0567;0.0547;0.0000;0.7402
259.0;3.9716;4.0000;0.5540;0.0000;382;394;0.0574;0.0691;0.0047;-0.0469;0.0538;0.0000;0.7402
259.5;3.9679;4.0000;0.5835;0.0000;386;394;-0.0208;0.0794;0.0062;-0.0499;0.0538;0.0000;0.7402
260.0;3.9657;4.0000;0.6650;0.0000;392;394;-0.0256;0.0853;0.0062;-0.0567;0.0538;0.0000;0.7402
260.5;3.9634;4.0000;0.6465;0.0000;392;396;-0.0232;0.0897;0.0062;-0.0547;0.0528;0.0000;0.7402
261.0;3.9625;4.0000;0.6815;0.0000;396;398;-0.0256;0.0926;0.0062;-0.0577;0.0528;0.0000;0.7402
261.5;3.9629;4.0000;0.5570;0.0000;394;400;0.0574;0.0926;0.0076;-0.0469;0.0528;0.0000;0.7402
262.0;3.9652;4.0000;0.5745;0.0000;394;400;0.1355;0.0867;0.0076;-0.0489;0.0528;0.0000;0.7402
262.5;3.9684;4.0000;0.4045;0.0000;390;402;-0.0159;0.0779;0.0076;-0.0342;0.0528;0.0000;0.7402
263.0;3.9730;4.0000;0.5880;0.0000;394;396;-0.1770;0.0662;0.0076;-0.0499;0.0518;0.0000;0.7402
263.5;3.9753;4.0000;0.5370;0.0000;390;394;-0.0208;0.0604;0.0076;-0.0459;0.0518;0.0000;0.7402
264.0;3.9789;4.0000;0.4725;0.0000;388;394;-0.0183;0.0516;0.0076;-0.0401;0.0518;0.0000;0.7402
264.5;3.9835;4.0000;0.4270;0.0000;386;394;-0.0940;0.0398;0.0091;-0.0362;0.0518;0.0000;0.7402
265.0;3.9886;4.0000;0.4920;0.0000;384;390;-0.0965;0.0281;0.0091;-0.0420;0.0508;0.0000;0.7402
265.5;3.9940;4.0000;0.6155;0.0000;384;384;-0.0232;0.0135;0.0091;-0.0518;0.0508;0.0000;0.7402
266.0;4.0000;4.0000;0.5620;0.0000;380;382;-0.0208;-0.0012;0.0091;-0.0479;0.0508;0.0000;0.7402
266.5;4.0060;4.0000;0.6260;0.0000;376;378;0.0549;-0.0158;0.0091;-0.0528;0.0508;0.0000;0.7402
267.0;4.0110;4.0000;0.5360;0.0000;372;376;0.0574;-0.0290;0.0091;-0.0459;0.0499;0.0000;0.7402
267.5;4.0160;4.0000;0.6470;0.0000;370;372;0.0549;-0.0407;0.0076;-0.0547;0.0499;0.0000;0.7402
268.0;4.0201;4.0000;0.4860;0.0000;365;372;0.1380;-0.0524;0.0076;-0.0411;0.0499;0.0000;0.7402
268.5;4.0243;4.0000;0.5160;0.0000;363;370;0.0598;-0.0612;0.0076;-0.0440;0.0499;0.0000;0.7402
269.0;4.0261;4.0000;0.4385;0.0000;359;369;-0.0159;-0.0671;0.0076;-0.0371;0.0499;0.0000;0.7402
269.5;4.0270;4.0000;0.4150;0.0000;355;367;-0.0159;-0.0686;0.0076;-0.0352;0.0489;0.0000;0.7402
270.0;4.0275;4.0000;0.4005;0.0000;355;365;-0.0159;-0.0700;0.0076;-0.0342;0.0489;0.0000;0.7402
270.5;4.0270;4.0000;0.4180;0.0000;355;365;-0.0940;-0.0686;0.0062;-0.0352;0.0489;0.0000;0.7402
271.0;4.0256;4.0000;0.3400;0.0000;353;367;0.0647;-0.0656;0.0062;-0.0293;0.0489;0.0000;0.7402
271.5;4.0243;4.0000;0.2025;0.0000;351;369;0.0696;-0.0612;0.0062;-0.0176;0.0489;0.0000;0.7402
272.0;4.0215;4.0000;0.0900;0.0000;349;372;-0.0037;-0.0554;0.0062;-0.0078;0.0489;0.0000;0.7402
272.5;4.0197;4.0000;0.1645;0.0000;353;372;-0.0842;-0.0510;0.0062;-0.0147;0.0489;0.0000;0.7402
273.0;4.0174;4.0000;0.3165;0.0000;355;369;-0.0134;-0.0451;0.0062;-0.0274;0.0489;0.0000;0.7402
273.5;4.0156;4.0000;0.2085;0.0000;355;370;-0.0085;-0.0393;0.0062;-0.0176;0.0479;0.0000;0.7402
274.0;4.0124;4.0000;0.3135;0.0000;357;370;-0.0134;-0.0319;0.0062;-0.0264;0.0479;0.0000;0.7402
274.5;4.0105;4.0000;0.2090;0.0000;357;372;-0.0085;-0.0275;0.0047;-0.0176;0.0479;0.0000;0.7402
275.0;4.0082;4.0000;0.3705;0.0000;361;370;-0.0916;-0.0217;0.0047;-0.0313;0.0479;0.0000;0.7402
275.5;4.0060;4.0000;0.4085;0.0000;365;372;-0.0159;-0.0158;0.0047;-0.0352;0.0479;0.0000;0.7402
276.0;4.0032;4.0000;0.5175;0.0000;367;370;-0.0183;-0.0100;0.0047;-0.0440;0.0479;0.0000;0.7402
276.5;4.0009;4.0000;0.3770;0.0000;365;374;0.0647;-0.0026;0.0047;-0.0323;0.0469;0.0000;0.7402
277.0;3.9977;4.0000;0.4540;0.0000;369;374;0.0623;0.0047;0.0047;-0.0391;0.0469;0.0000;0.7402
277.5;3.9950;4.0000;0.4915;0.0000;370;374;-0.0183;0.0105;0.0047;-0.0420;0.0469;0.0000;0.7402
278.0;3.9927;4.0000;0.5295;0.0000;372;376;-0.0208;0.0164;0.0047;-0.0450;0.0469;0.0000;0.7402
278.5;3.9904;4.0000;0.6770;0.0000;378;374;-0.0256;0.0223;0.0047;-0.0577;0.0469;0.0000;0.7402
279.0;3.9890;4.0000;0.4740;0.0000;376;382;0.0598;0.0267;0.0062;-0.0401;0.0459;0.0000;0.7402
279.5;3.9881;4.0000;0.5530;0.0000;378;380;-0.0989;0.0296;0.0062;-0.0469;0.0459;0.0000;0.7402
280.0;3.9881;4.0000;0.4910;0.0000;376;380;-0.0183;0.0281;0.0062;-0.0420;0.0459;0.0000;0.7402
280.5;3.9890;4.0000;0.5655;0.0000;378;378;-0.0208;0.0252;0.0062;-0.0479;0.0459;0.0000;0.7402
281.0;3.9913;4.0000;0.5770;0.0000;378;378;-0.0208;0.0208;0.0062;-0.0489;0.0450;0.0000;0.7402
281.5;3.9940;4.0000;0.6715;0.0000;380;374;-0.0256;0.0135;0.0062;-0.0567;0.0450;0.0000;0.7402
282.0;3.9973;4.0000;0.6220;0.0000;378;376;0.0549;0.0062;0.0062;-0.0528;0.0450;0.0000;0.7402
282.5;4.0018;4.0000;0.5115;0.0000;376;376;-0.0965;-0.0056;0.0062;-0.0430;0.0450;0.0000;0.7402
283.0;4.0069;4.0000;0.6035;0.0000;376;370;-0.1013;-0.0173;0.0062;-0.0508;0.0440;0.0000;0.7402
283.5;4.0110;4.0000;0.6020;0.0000;372;369;-0.0232;-0.0290;0.0062;-0.0508;0.0440;0.0000;0.7402
284.0;4.0156;4.0000;0.5125;0.0000;369;369;-0.0183;-0.0393;0.0062;-0.0440;0.0440;0.0000;0.7402
284.5;4.0201;4.0000;0.5030;0.0000;365;365;-0.0183;-0.0510;0.0062;-0.0430;0.0440;0.0000;0.7402
285.0;4.0247;4.0000;0.6265;0.0000;365;361;0.0549;-0.0627;0.0047;-0.0528;0.0430;0.0000;0.7402
285.5;4.0288;4.0000;0.5285;0.0000;361;361;0.0574;-0.0730;0.0047;-0.0450;0.0430;0.0000;0.7402
286.0;4.0311;4.0000;0.5865;0.0000;359;359;0.1355;-0.0788;0.0047;-0.0499;0.0430;0.0000;0.7402
286.5;4.0334;4.0000;0.4545;0.0000;355;359;0.2186;-0.0847;0.0047;-0.0391;0.0430;0.0000;0.7402
287.0;4.0339;4.0000;0.4335;0.0000;353;359;0.1404;-0.0861;0.0032;-0.0371;0.0430;0.0000;0.7402
287.5;4.0339;4.0000;0.3140;0.0000;349;359;0.0672;-0.0861;0.0032;-0.0264;0.0420;0.0000;0.7402
288.0;4.0339;4.0000;0.3940;0.0000;349;357;-0.0159;-0.0861;0.0032;-0.0332;0.0420;0.0000;0.7402
288.5;4.0321;4.0000;0.3290;0.0000;349;359;-0.0134;-0.0817;0.0032;-0.0283;0.0420;0.0000;0.7402
289.0;4.0307;4.0000;0.4210;0.0000;351;357;-0.0159;-0.0774;0.0032;-0.0362;0.0420;0.0000;0.7402
289.5;4.0284;4.0000;0.3475;0.0000;349;359;-0.0134;-0.0730;0.0018;-0.0293;0.0420;0.0000;0.7402
290.0;4.0261;4.0000;0.1340;0.0000;347;365;0.0720;-0.0671;0.0018;-0.0117;0.0420;0.0000;0.7402
290.5;4.0234;4.0000;0.3405;0.0000;353;361;0.0647;-0.0598;0.0018;-0.0293;0.0420;0.0000;0.7402
291.0;4.0206;4.0000;0.3460;0.0000;353;363;-0.0134;-0.0524;0.0018;-0.0293;0.0411;0.0000;0.7402
291.5;4.0179;4.0000;0.4255;0.0000;355;361;0.0623;-0.0466;0.0018;-0.0362;0.0411;0.0000;0.7402
292.0;4.0160;4.0000;0.3380;0.0000;355;363;-0.0134;-0.0407;0.0018;-0.0293;0.0411;0.0000;0.7402
292.5;4.0147;4.0000;0.3350;0.0000;357;365;-0.0916;-0.0378;0.0018;-0.0283;0.0411;0.0000;0.7402
293.0;4.0133;4.0000;0.2825;0.0000;357;367;-0.0110;-0.0334;0.0003;-0.0244;0.0411;0.0000;0.7402
293.5;4.0105;4.0000;0.3780;0.0000;361;367;-0.0134;-0.0275;0.0003;-0.0323;0.0411;0.0000;0.7402
294.0;4.0073;4.0000;0.5125;0.0000;363;365;-0.0183;-0.0202;0.0003;-0.0440;0.0401;0.0000;0.7402
294.5;4.0050;4.0000;0.3190;0.0000;361;370;0.0647;-0.0144;0.0003;-0.0274;0.0401;0.0000;0.7402
295.0;4.0023;4.0000;0.3870;0.0000;363;369;-0.0159;-0.0070;0.0003;-0.0332;0.0401;0.0000;0.7402
295.5;4.0000;4.0000;0.2375;0.0000;363;374;-0.0085;-0.0012;0.0003;-0.0205;0.0401;0.0000;0.7402
296.0;3.9973;4.0000;0.3390;0.0000;367;374;0.0647;0.0062;0.0003;-0.0293;0.0401;0.0000;0.7402
296.5;3.9936;4.0000;0.4075;0.0000;369;374;-0.0159;0.0149;0.0003;-0.0352;0.0401;0.0000;0.7402
297.0;3.9899;4.0000;0.6555;0.0000;376;372;-0.0232;0.0237;0.0003;-0.0557;0.0391;0.0000;0.7402
297.5;3.9858;4.0000;0.5945;0.0000;376;374;0.0549;0.0340;0.0003;-0.0508;0.0391;0.0000;0.7402
298.0;3.9835;4.0000;0.5140;0.0000;378;378;-0.0965;0.0398;0.0018;-0.0440;0.0391;0.0000;0.7402
298.5;3.9821;4.0000;0.4825;0.0000;378;378;-0.0965;0.0428;0.0018;-0.0411;0.0391;0.0000;0.7402
299.0;3.9821;4.0000;0.3950;0.0000;378;382;-0.0159;0.0442;0.0018;-0.0332;0.0391;0.0000;0.7402
299.5;3.9821;4.0000;0.4840;0.0000;380;380;0.0598;0.0428;0.0018;-0.0411;0.0381;0.0000;0.7402
300.0;3.9835;4.0000;0.3805;0.0000;380;384;-0.0134;0.0398;0.0018;-0.0323;0.0381;0.0000;0.7402
300.5;3.9867;4.0000;0.3720;0.0000;378;384;-0.0916;0.0311;0.0018;-0.0313;0.0381;0.0000;0.7402
301.0;3.9895;4.0000;0.1720;0.0000;372;386;-0.0061;0.0252;0.0018;-0.0147;0.0381;0.0000;0.7402
301.5;3.9931;4.0000;0.3780;0.0000;376;380;-0.1697;0.0164;0.0018;-0.0323;0.0381;0.0000;0.7402
302.0;3.9968;4.0000;0.3995;0.0000;376;378;-0.0159;0.0076;0.0018;-0.0342;0.0381;0.0000;0.7402
302.5;4.0009;4.0000;0.5575;0.0000;378;372;-0.0989;-0.0041;0.0018;-0.0469;0.0371;0.0000;0.7402
303.0;4.0055;4.0000;0.5650;0.0000;374;369;-0.0208;-0.0144;0.0018;-0.0479;0.0371;0.0000;0.7402
303.5;4.0096;4.0000;0.5155;0.0000;372;370;0.1380;-0.0246;0.0018;-0.0440;0.0371;0.0000;0.7402
304.0;4.0142;4.0000;0.6060;0.0000;372;365;0.0549;-0.0378;0.0018;-0.0518;0.0371;0.0000;0.7402
304.5;4.0188;4.0000;0.5680;0.0000;369;365;0.0574;-0.0481;0.0018;-0.0479;0.0362;0.0000;0.7402
305.0;4.0229;4.0000;0.5190;0.0000;363;361;0.1380;-0.0583;0.0018;-0.0440;0.0362;0.0000;0.7402
305.5;4.0261;4.0000;0.2860;0.0000;355;363;0.0672;-0.0671;0.0018;-0.0244;0.0362;0.0000;0.7402
306.0;4.0279;4.0000;0.3260;0.0000;355;361;0.1429;-0.0715;0.0003;-0.0283;0.0362;0.0000;0.7402
306.5;4.0293;4.0000;0.1070;0.0000;349;365;0.0745;-0.0744;0.0003;-0.0098;0.0362;0.0000;0.7402
307.0;4.0298;4.0000;0.1745;0.0000;349;363;-0.0085;-0.0759;0.0003;-0.0156;0.0362;0.0000;0.7402
307.5;4.0293;4.0000;0.2600;0.0000;351;361;-0.0110;-0.0744;0.0003;-0.0225;0.0362;0.0000;0.7402
308.0;4.0279;4.0000;0.3420;0.0000;353;359;-0.0134;-0.0700;0.0003;-0.0293;0.0362;0.0000;0.7402
308.5;4.0266;4.0000;0.1745;0.0000;351;361;-0.0085;-0.0671;-0.0012;-0.0156;0.0362;0.0000;0.7402
309.0;4.0252;4.0000;0.0060;0.0000;345;365;-0.0012;-0.0642;-0.0012;-0.0010;0.0352;0.0000;0.7402
309.5;4.0234;4.0000;0.2250;0.0000;351;361;0.0696;-0.0598;-0.0012;-0.0196;0.0352;0.0000;0.7402
310.0;4.0220;4.0000;0.0800;0.0000;349;365;-0.0818;-0.0554;-0.0012;-0.0068;0.0352;0.0000;0.7402
310.5;4.0179;4.0000;0.2895;0.0000;355;363;-0.0110;-0.0451;-0.0012;-0.0244;0.0352;0.0000;0.7402
311.0;4.0142;4.0000;0.1705;0.0000;357;367;-0.0061;-0.0363;-0.0012;-0.0147;0.0352;0.0000;0.7402
311.5;4.0114;4.0000;0.2265;0.0000;359;367;-0.0085;-0.0290;-0.0012;-0.0196;0.0352;0.0000;0.7402
312.0;4.0092;4.0000;0.0475;0.0000;355;370;0.0745;-0.0246;-0.0012;-0.0049;0.0352;0.0000;0.7402
312.5;4.0064;4.0000;0.2805;0.0000;361;367;-0.0891;-0.0173;-0.0012;-0.0244;0.0352;0.0000;0.7402
313.0;4.0037;4.0000;0.3140;0.0000;363;367;0.0672;-0.0100;-0.0012;-0.0274;0.0352;0.0000;0.7402
313.5;4.0005;4.0000;0.1920;0.0000;363;372;-0.0085;-0.0026;-0.0012;-0.0166;0.0352;0.0000;0.7402
314.0;3.9977;4.0000;0.2715;0.0000;365;372;0.0672;0.0047;-0.0012;-0.0235;0.0352;0.0000;0.7402
314.5;3.9945;4.0000;0.0945;0.0000;365;378;0.0745;0.0120;-0.0012;-0.0088;0.0352;0.0000;0.7402
315.0;3.9918;4.0000;0.3465;0.0000;370;374;0.0647;0.0193;-0.0012;-0.0293;0.0342;0.0000;0.7402
315.5;3.9886;4.0000;0.2300;0.0000;369;378;-0.0867;0.0267;-0.0012;-0.0196;0.0342;0.0000;0.7402
316.0;3.9853;4.0000;0.4965;0.0000;376;374;-0.0183;0.0355;-0.0012;-0.0420;0.0342;0.0000;0.7402
316.5;3.9831;4.0000;0.3375;0.0000;374;380;0.0647;0.0413;-0.0012;-0.0293;0.0342;0.0000;0.7402
317.0;3.9817;4.0000;0.4565;0.0000;380;378;-0.0965;0.0442;-0.0012;-0.0391;0.0342;0.0000;0.7402
317.5;3.9808;4.0000;0.2130;0.0000;376;384;-0.0085;0.0472;-0.0012;-0.0186;0.0342;0.0000;0.7402
318.0;3.9826;4.0000;0.2570;0.0000;378;386;-0.0110;0.0428;-0.0012;-0.0225;0.0342;0.0000;0.7402
318.5;3.9858;4.0000;0.4115;0.0000;380;382;-0.0159;0.0340;-0.0012;-0.0352;0.0332;0.0000;0.7402
319.0;3.9707;4.0000;0.1740;0.0000;384;376;0.0720;0.0721;0.0003;-0.0147;0.0332;0.0000;0.7402
319.5;3.9620;4.0000;0.2720;0.0000;394;382;-0.0110;0.0941;0.0003;-0.0235;0.0332;0.0000;0.7402
320.0;3.9579;4.0000;0.1690;0.0000;396;388;-0.1648;0.1028;0.0003;-0.0147;0.0332;0.0000;0.7402
320.5;3.9570;4.0000;0.2855;0.0000;400;388;-0.0110;0.1072;0.0003;-0.0244;0.0332;0.0000;0.7402
321.0;3.9579;4.0000;0.2775;0.0000;402;392;-0.0110;0.1043;0.0018;-0.0235;0.0332;0.0000;0.7402
321.5;3.9602;4.0000;0.4605;0.0000;406;388;-0.0183;0.0984;0.0018;-0.0391;0.0332;0.0000;0.7402
322.0;3.9638;4.0000;0.3335;0.0000;400;392;-0.0134;0.0882;0.0018;-0.0283;0.0332;0.0000;0.7402
322.5;3.9684;4.0000;0.3220;0.0000;398;392;-0.0134;0.0779;0.0018;-0.0274;0.0323;0.0000;0.7402
323.0;3.9734;4.0000;0.1605;0.0000;390;394;0.0720;0.0648;0.0032;-0.0137;0.0323;0.0000;0.7402
323.5;3.9794;4.0000;0.2090;0.0000;388;392;0.1477;0.0501;0.0032;-0.0176;0.0323;0.0000;0.7402
324.0;3.9844;4.0000;0.2130;0.0000;384;388;0.2259;0.0384;0.0032;-0.0186;0.0323;0.0000;0.7402
324.5;3.9867;4.0000;-0.0445;0.0000;376;394;0.0794;0.0311;0.0032;0.0029;0.0323;0.0000;0.7402
325.0;3.9886;4.0000;-0.0150;0.0000;376;392;0.0769;0.0267;0.0032;0.0010;0.0323;0.0000;0.7402
325.5;3.9895;4.0000;-0.1590;0.0000;372;394;0.0037;0.0252;0.0032;0.0127;0.0323;0.0000;0.7402
326.0;3.9899;4.0000;-0.0455;0.0000;372;390;0.0794;0.0237;0.0032;0.0029;0.0323;0.0000;0.7402
326.5;3.9886;4.0000;-0.1515;0.0000;369;392;0.0818;0.0267;0.0032;0.0117;0.0323;0.0000;0.7402
327.0;3.9886;4.0000;-0.1560;0.0000;370;394;0.0037;0.0281;0.0032;0.0127;0.0323;0.0000;0.7402
327.5;3.9881;4.0000;-0.1665;0.0000;370;392;-0.0745;0.0281;0.0032;0.0137;0.0323;0.0000;0.7402
328.0;3.9872;4.0000;-0.1475;0.0000;370;392;-0.0745;0.0296;0.0032;0.0117;0.0332;0.0000;0.7402
328.5;3.9863;4.0000;-0.0610;0.0000;372;392;0.0794;0.0340;0.0047;0.0049;0.0332;0.0000;0.7402
329.0;3.9849;4.0000;0.0030;0.0000;374;390;0.0769;0.0369;0.0047;-0.0010;0.0332;0.0000;0.7402
329.5;3.9835;4.0000;-0.0190;0.0000;374;392;0.0769;0.0398;0.0047;0.0010;0.0332;0.0000;0.7402
330.0;3.9826;4.0000;-0.0265;0.0000;374;392;-0.0012;0.0413;0.0047;0.0020;0.0332;0.0000;0.7402
330.5;3.9821;4.0000;0.0760;0.0000;376;388;-0.0818;0.0428;0.0047;-0.0068;0.0332;0.0000;0.7402
331.0;3.9808;4.0000;0.1935;0.0000;380;388;-0.0085;0.0472;0.0047;-0.0166;0.0323;0.0000;0.7402
331.5;3.9789;4.0000;0.1805;0.0000;380;388;-0.0085;0.0516;0.0047;-0.0156;0.0323;0.0000;0.7402
332.0;3.9780;4.0000;0.2025;0.0000;382;392;0.0696;0.0530;0.0047;-0.0176;0.0323;0.0000;0.7402
332.5;3.9776;4.0000;0.2685;0.0000;384;392;0.0672;0.0545;0.0062;-0.0235;0.0323;0.0000;0.7402
333.0;3.9771;4.0000;0.2540;0.0000;382;392;0.0672;0.0560;0.0062;-0.0215;0.0323;0.0000;0.7402
333.5;3.9762;4.0000;0.3010;0.0000;384;390;-0.0110;0.0574;0.0062;-0.0254;0.0323;0.0000;0.7402
334.0;3.9757;4.0000;0.2745;0.0000;384;392;-0.0110;0.0589;0.0062;-0.0235;0.0323;0.0000;0.7402
334.5;3.9753;4.0000;0.2615;0.0000;384;392;-0.0110;0.0604;0.0062;-0.0225;0.0323;0.0000;0.7402
335.0;3.9748;4.0000;0.2535;0.0000;386;394;-0.0891;0.0618;0.0062;-0.0215;0.0323;0.0000;0.7402
335.5;3.9744;4.0000;0.4765;0.0000;392;388;-0.0183;0.0618;0.0076;-0.0401;0.0313;0.0000;0.7402
336.0;3.9739;4.0000;0.4150;0.0000;390;390;-0.0159;0.0648;0.0076;-0.0352;0.0313;0.0000;0.7402
336.5;3.9744;4.0000;0.4855;0.0000;392;388;0.0598;0.0633;0.0076;-0.0411;0.0313;0.0000;0.7402
337.0;3.9757;4.0000;0.3335;0.0000;388;392;-0.0134;0.0604;0.0076;-0.0283;0.0313;0.0000;0.7402
337.5;3.9789;4.0000;0.1545;0.0000;384;396;-0.0842;0.0516;0.0076;-0.0137;0.0313;0.0000;0.7402
338.0;3.9831;4.0000;0.3825;0.0000;388;388;-0.0940;0.0413;0.0076;-0.0323;0.0313;0.0000;0.7402
338.5;3.9863;4.0000;0.3915;0.0000;388;386;-0.1722;0.0325;0.0076;-0.0332;0.0303;0.0000;0.7402
339.0;3.9899;4.0000;0.4455;0.0000;386;382;-0.0159;0.0237;0.0091;-0.0381;0.0303;0.0000;0.7402
339.5;3.9936;4.0000;0.3305;0.0000;382;384;-0.0134;0.0149;0.0091;-0.0283;0.0303;0.0000;0.7402
340.0;3.9986;4.0000;0.2665;0.0000;378;382;-0.0891;0.0018;0.0091;-0.0225;0.0303;0.0000;0.7402
340.5;4.0041;4.0000;0.1620;0.0000;372;380;-0.0061;-0.0114;0.0091;-0.0137;0.0303;0.0000;0.7402
341.0;4.0101;4.0000;0.2480;0.0000;372;376;-0.0110;-0.0261;0.0076;-0.0215;0.0303;0.0000;0.7402
341.5;4.0151;4.0000;0.3415;0.0000;370;372;0.1429;-0.0393;0.0076;-0.0293;0.0303;0.0000;0.7402
342.0;4.0197;4.0000;0.3120;0.0000;367;370;0.1453;-0.0495;0.0076;-0.0264;0.0303;0.0000;0.7402
342.5;4.0243;4.0000;0.3305;0.0000;365;367;0.0647;-0.0612;0.0076;-0.0283;0.0293;0.0000;0.7402
343.0;4.0279;4.0000;0.1135;0.0000;357;369;-0.0061;-0.0715;0.0076;-0.0098;0.0293;0.0000;0.7402
343.5;4.0311;4.0000;0.0585;0.0000;353;367;0.0745;-0.0788;0.0076;-0.0059;0.0293;0.0000;0.7402
344.0;4.0325;4.0000;-0.0840;0.0000;347;369;0.0794;-0.0817;0.0062;0.0068;0.0293;0.0000;0.7402
344.5;4.0316;4.0000;-0.0140;0.0000;347;365;-0.0794;-0.0803;0.0062;0.0010;0.0293;0.0000;0.7402
345.0;4.0298;4.0000;-0.0665;0.0000;347;367;0.0012;-0.0759;0.0062;0.0049;0.0293;0.0000;0.7402
345.5;4.0284;4.0000;-0.1065;0.0000;347;367;0.0037;-0.0730;0.0062;0.0088;0.0293;0.0000;0.7402
346.0;4.0261;4.0000;-0.1750;0.0000;347;370;0.0842;-0.0656;0.0062;0.0137;0.0303;0.0000;0.7402
346.5;4.0234;4.0000;-0.2245;0.0000;347;372;0.0842;-0.0598;0.0047;0.0186;0.0303;0.0000;0.7402
347.0;4.0211;4.0000;-0.1450;0.0000;351;372;0.0818;-0.0539;0.0047;0.0117;0.0303;0.0000;0.7402
347.5;4.0192;4.0000;-0.2140;0.0000;349;372;0.0061;-0.0495;0.0047;0.0176;0.0303;0.0000;0.7402
348.0;4.0174;4.0000;-0.0730;0.0000;351;370;0.0794;-0.0451;0.0047;0.0059;0.0303;0.0000;0.7402
348.5;4.0165;4.0000;-0.1190;0.0000;351;372;0.0037;-0.0422;0.0047;0.0098;0.0303;0.0000;0.7402
349.0;4.0147;4.0000;0.0815;0.0000;355;369;0.0745;-0.0378;0.0047;-0.0078;0.0303;0.0000;0.7402
349.5;4.0128;4.0000;0.1160;0.0000;357;370;0.0720;-0.0334;0.0047;-0.0108;0.0303;0.0000;0.7402
350.0;4.0101;4.0000;0.2035;0.0000;361;369;-0.0085;-0.0261;0.0047;-0.0176;0.0303;0.0000;0.7402
350.5;4.0073;4.0000;0.3490;0.0000;365;367;0.0647;-0.0188;0.0047;-0.0293;0.0303;0.0000;0.7402
351.0;4.0046;4.0000;0.4425;0.0000;369;367;0.0623;-0.0129;0.0047;-0.0381;0.0293;0.0000;0.7402
351.5;4.0023;4.0000;0.4020;0.0000;369;369;0.0623;-0.0070;0.0047;-0.0342;0.0293;0.0000;0.7402
352.0;4.0005;4.0000;0.4845;0.0000;372;369;-0.0183;-0.0012;0.0047;-0.0411;0.0293;0.0000;0.7402
352.5;3.9973;4.0000;0.5465;0.0000;374;369;0.0574;0.0062;0.0047;-0.0459;0.0293;0.0000;0.7402
353.0;3.9945;4.0000;0.3795;0.0000;374;374;0.0647;0.0120;0.0047;-0.0323;0.0293;0.0000;0.7402
353.5;3.9913;4.0000;0.4970;0.0000;376;374;0.0598;0.0208;0.0047;-0.0420;0.0283;0.0000;0.7402
354.0;3.9881;4.0000;0.4215;0.0000;376;376;-0.0159;0.0281;0.0047;-0.0362;0.0283;0.0000;0.7402
354.5;3.9853;4.0000;0.4080;0.0000;378;378;-0.0159;0.0355;0.0047;-0.0352;0.0283;0.0000;0.7402
355.0;3.9840;4.0000;0.4205;0.0000;380;378;-0.0159;0.0384;0.0047;-0.0362;0.0283;0.0000;0.7402
355.5;3.9840;4.0000;0.4530;0.0000;382;378;-0.0183;0.0384;0.0047;-0.0381;0.0283;0.0000;0.7402
356.0;3.9853;4.0000;0.3695;0.0000;380;382;-0.0134;0.0355;0.0047;-0.0313;0.0274;0.0000;0.7402
356.5;3.9876;4.0000;0.3425;0.0000;378;382;-0.0134;0.0296;0.0047;-0.0293;0.0274;0.0000;0.7402
357.0;3.9904;4.0000;0.4240;0.0000;380;380;-0.0940;0.0223;0.0047;-0.0362;0.0274;0.0000;0.7402
357.5;3.9945;4.0000;0.3460;0.0000;378;378;-0.1697;0.0120;0.0047;-0.0293;0.0274;0.0000;0.7402
358.0;3.9991;4.0000;0.5505;0.0000;380;370;-0.0989;0.0018;0.0047;-0.0469;0.0274;0.0000;0.7402
358.5;4.0037;4.0000;0.4740;0.0000;376;370;-0.0183;-0.0114;0.0047;-0.0401;0.0274;0.0000;0.7402
359.0;4.0092;4.0000;0.5260;0.0000;374;369;-0.0183;-0.0246;0.0047;-0.0450;0.0264;0.0000;0.7402
359.5;4.0142;4.0000;0.4030;0.0000;370;367;-0.0159;-0.0363;0.0047;-0.0342;0.0264;0.0000;0.7402
360.0;4.0192;4.0000;0.4695;0.0000;369;363;0.0598;-0.0495;0.0047;-0.0401;0.0264;0.0000;0.7402
360.5;4.0243;4.0000;0.4570;0.0000;367;363;0.0598;-0.0612;0.0047;-0.0391;0.0264;0.0000;0.7402
361.0;4.0288;4.0000;0.5275;0.0000;365;359;0.1355;-0.0730;0.0047;-0.0450;0.0264;0.0000;0.7402
361.5;4.0321;4.0000;0.4605;0.0000;359;355;0.1380;-0.0817;0.0032;-0.0391;0.0254;0.0000;0.7402
362.0;4.0339;4.0000;0.2710;0.0000;353;357;-0.0110;-0.0861;0.0032;-0.0235;0.0254;0.0000;0.7402
362.5;4.0362;4.0000;0.4375;0.0000;355;353;0.0623;-0.0920;0.0032;-0.0371;0.0254;0.0000;0.7402
363.0;4.0366;4.0000;0.3660;0.0000;353;353;-0.0134;-0.0920;0.0032;-0.0313;0.0254;0.0000;0.7402
363.5;4.0362;4.0000;0.4820;0.0000;355;351;-0.0183;-0.0920;0.0018;-0.0411;0.0254;0.0000;0.7402
364.0;4.0348;4.0000;0.3250;0.0000;351;355;0.0647;-0.0891;0.0018;-0.0274;0.0254;0.0000;0.7402
364.5;4.0339;4.0000;0.2635;0.0000;351;355;-0.1673;-0.0861;0.0018;-0.0225;0.0244;0.0000;0.7402
365.0;4.0330;4.0000;0.0945;0.0000;347;359;-0.0037;-0.0832;0.0018;-0.0088;0.0244;0.0000;0.7402
365.5;4.0316;4.0000;0.1125;0.0000;347;357;-0.0061;-0.0803;0.0018;-0.0098;0.0244;0.0000;0.7402
366.0;4.0298;4.0000;0.2160;0.0000;351;355;-0.0085;-0.0759;0.0003;-0.0186;0.0244;0.0000;0.7402
366.5;4.0279;4.0000;0.2185;0.0000;351;357;0.0696;-0.0715;0.0003;-0.0186;0.0244;0.0000;0.7402
367.0;4.0256;4.0000;0.2735;0.0000;353;357;-0.0110;-0.0656;0.0003;-0.0235;0.0244;0.0000;0.7402
367.5;4.0238;4.0000;0.1440;0.0000;353;361;-0.0842;-0.0612;0.0003;-0.0127;0.0244;0.0000;0.7402
368.0;4.0211;4.0000;0.2985;0.0000;357;357;-0.0110;-0.0539;0.0003;-0.0254;0.0244;0.0000;0.7402
368.5;4.0188;4.0000;0.2240;0.0000;357;361;-0.0085;-0.0481;0.0003;-0.0196;0.0244;0.0000;0.7402
369.0;4.0165;4.0000;0.3965;0.0000;359;357;-0.0159;-0.0422;-0.0012;-0.0342;0.0244;0.0000;0.7402
369.5;4.0151;4.0000;0.3050;0.0000;359;359;-0.0110;-0.0393;-0.0012;-0.0264;0.0235;0.0000;0.7402
370.0;4.0137;4.0000;0.2215;0.0000;359;363;-0.0085;-0.0349;-0.0012;-0.0196;0.0235;0.0000;0.7402
370.5;4.0119;4.0000;0.1780;0.0000;359;365;0.0696;-0.0305;-0.0012;-0.0156;0.0235;0.0000;0.7402
371.0;4.0092;4.0000;0.0765;0.0000;359;370;0.1526;-0.0246;-0.0012;-0.0068;0.0235;0.0000;0.7402
371.5;4.0060;4.0000;0.1140;0.0000;361;369;-0.0061;-0.0158;-0.0012;-0.0098;0.0235;0.0000;0.7402
372.0;4.0014;4.0000;-0.0290;0.0000;359;374;-0.0794;-0.0041;-0.0012;0.0020;0.0235;0.0000;0.7402
372.5;3.9968;4.0000;0.0015;0.0000;361;374;-0.0794;0.0062;-0.0012;-0.0010;0.0235;0.0000;0.7402
373.0;3.9922;4.0000;-0.1610;0.0000;361;380;0.0037;0.0179;-0.0012;0.0127;0.0235;0.0000;0.7402
373.5;3.9886;4.0000;-0.0440;0.0000;367;380;0.0012;0.0267;-0.0012;0.0029;0.0235;0.0000;0.7402
374.0;3.9858;4.0000;-0.0615;0.0000;369;384;0.0794;0.0340;-0.0012;0.0049;0.0235;0.0000;0.7402
374.5;3.9840;4.0000;-0.0555;0.0000;370;386;0.0794;0.0398;-0.0012;0.0039;0.0235;0.0000;0.7402
375.0;3.9826;4.0000;-0.0390;0.0000;372;388;-0.0769;0.0428;0.0003;0.0029;0.0235;0.0000;0.7402
375.5;3.9831;4.0000;-0.1530;0.0000;370;390;0.0037;0.0398;0.0003;0.0127;0.0235;0.0000;0.7402
376.0;3.9853;4.0000;-0.0880;0.0000;372;388;-0.0769;0.0355;0.0003;0.0068;0.0235;0.0000;0.7402
376.5;3.9890;4.0000;-0.1200;0.0000;372;388;0.0037;0.0267;0.0003;0.0098;0.0235;0.0000;0.7402
377.0;3.9936;4.0000;0.0340;0.0000;372;382;-0.0037;0.0149;0.0003;-0.0029;0.0235;0.0000;0.7402
377.5;3.9986;4.0000;0.0275;0.0000;372;380;-0.0794;0.0032;0.0003;-0.0029;0.0235;0.0000;0.7402
378.0;4.0023;4.0000;0.2250;0.0000;374;374;-0.0867;-0.0070;0.0003;-0.0196;0.0235;0.0000;0.7402
378.5;4.0060;4.0000;0.1900;0.0000;370;374;0.0696;-0.0158;0.0003;-0.0166;0.0235;0.0000;0.7402
379.0;4.0096;4.0000;0.2020;0.0000;369;370;0.1477;-0.0246;0.0003;-0.0176;0.0235;0.0000;0.7402
379.5;4.0133;4.0000;0.2280;0.0000;367;369;0.0696;-0.0334;0.0003;-0.0196;0.0235;0.0000;0.7402
380.0;4.0156;4.0000;0.2720;0.0000;365;367;0.0672;-0.0407;0.0003;-0.0235;0.0235;0.0000;0.7402
380.5;4.0174;4.0000;0.2235;0.0000;363;367;0.0696;-0.0451;-0.0012;-0.0196;0.0235;0.0000;0.7402
381.0;4.0183;4.0000;0.1145;0.0000;359;369;0.0720;-0.0481;-0.0012;-0.0098;0.0235;0.0000;0.7402
381.5;4.0197;4.0000;0.2015;0.0000;361;367;-0.0085;-0.0510;-0.0012;-0.0176;0.0235;0.0000;0.7402
382.0;4.0201;4.0000;0.0710;0.0000;359;367;-0.0818;-0.0510;-0.0012;-0.0068;0.0235;0.0000;0.7402
382.5;4.0192;4.0000;0.1945;0.0000;359;363;-0.0085;-0.0495;-0.0012;-0.0166;0.0235;0.0000;0.7402
383.0;4.0183;4.0000;0.1760;0.0000;359;363;-0.0085;-0.0466;-0.0012;-0.0156;0.0235;0.0000;0.7402
383.5;4.0165;4.0000;0.2625;0.0000;361;361;-0.0891;-0.0422;-0.0012;-0.0225;0.0225;0.0000;0.7402
384.0;4.0151;4.0000;0.1815;0.0000;359;365;-0.0085;-0.0393;-0.0012;-0.0156;0.0225;0.0000;0.7402
384.5;4.0137;4.0000;0.1445;0.0000;359;365;0.0720;-0.0363;-0.0026;-0.0127;0.0225;0.0000;0.7402
385.0;4.0124;4.0000;0.2240;0.0000;363;367;0.0696;-0.0319;-0.0026;-0.0196;0.0225;0.0000;0.7402
385.5;4.0105;4.0000;0.3585;0.0000;365;363;0.0647;-0.0275;-0.0026;-0.0303;0.0225;0.0000;0.7402
386.0;4.0082;4.0000;0.4265;0.0000;367;363;0.0623;-0.0217;-0.0026;-0.0362;0.0225;0.0000;0.7402
386.5;4.0055;4.0000;0.2840;0.0000;365;367;-0.0110;-0.0144;-0.0026;-0.0244;0.0225;0.0000;0.7402
387.0;4.0027;4.0000;0.3195;0.0000;367;367;-0.0134;-0.0085;-0.0026;-0.0274;0.0225;0.0000;0.7402
387.5;4.0005;4.0000;0.2440;0.0000;367;370;-0.0110;-0.0026;-0.0026;-0.0215;0.0215;0.0000;0.7402
388.0;3.9986;4.0000;0.1820;0.0000;367;372;0.0696;0.0032;-0.0026;-0.0156;0.0215;0.0000;0.7402
388.5;3.9959;4.0000;0.2350;0.0000;370;374;0.0696;0.0091;-0.0026;-0.0205;0.0215;0.0000;0.7402
389.0;3.9936;4.0000;0.1500;0.0000;369;376;0.0720;0.0149;-0.0026;-0.0127;0.0215;0.0000;0.7402
389.5;3.9908;4.0000;0.0590;0.0000;367;378;0.0745;0.0208;-0.0026;-0.0059;0.0215;0.0000;0.7402
390.0;3.9876;4.0000;-0.0055;0.0000;367;382;0.0769;0.0296;-0.0026;-0.0000;0.0215;0.0000;0.7402
390.5;3.9849;4.0000;0.0320;0.0000;369;382;-0.0012;0.0355;-0.0026;-0.0029;0.0215;0.0000;0.7402
391.0;3.9821;4.0000;-0.0665;0.0000;369;388;0.0794;0.0428;-0.0012;0.0049;0.0215;0.0000;0.7402
391.5;3.9799;4.0000;-0.0035;0.0000;372;388;0.1551;0.0486;-0.0012;-0.0000;0.0215;0.0000;0.7402
392.0;3.9789;4.0000;-0.1055;0.0000;370;394;0.0818;0.0516;-0.0012;0.0088;0.0215;0.0000;0.7402
392.5;3.9785;4.0000;-0.2500;0.0000;369;396;0.0867;0.0530;-0.0012;0.0205;0.0215;0.0000;0.7402
393.0;3.9794;4.0000;-0.3310;0.0000;367;398;0.0891;0.0501;-0.0012;0.0274;0.0225;0.0000;0.7402
393.5;3.9817;4.0000;-0.3745;0.0000;365;400;0.2454;0.0442;-0.0012;0.0313;0.0225;0.0000;0.7402
394.0;3.9844;4.0000;-0.2950;0.0000;367;398;0.0867;0.0369;-0.0012;0.0244;0.0225;0.0000;0.7402
394.5;3.9863;4.0000;-0.0780;0.0000;370;392;-0.0769;0.0325;-0.0012;0.0059;0.0225;0.0000;0.7402
395.0;3.9886;4.0000;0.2500;0.0000;376;382;-0.1673;0.0281;0.0003;-0.0215;0.0225;0.0000;0.7402
395.5;3.9913;4.0000;0.2925;0.0000;378;380;-0.1673;0.0193;0.0003;-0.0254;0.0225;0.0000;0.7402
396.0;3.9959;4.0000;0.4200;0.0000;380;376;-0.0159;0.0091;0.0003;-0.0362;0.0215;0.0000;0.7402
396.5;4.0009;4.0000;0.4755;0.0000;378;372;-0.0183;-0.0026;0.0003;-0.0401;0.0215;0.0000;0.7402
397.0;4.0064;4.0000;0.4475;0.0000;374;370;-0.0159;-0.0173;0.0003;-0.0381;0.0215;0.0000;0.7402
397.5;4.0119;4.0000;0.5320;0.0000;374;365;-0.0208;-0.0319;-0.0012;-0.0450;0.0215;0.0000;0.7402
398.0;4.0179;4.0000;0.4155;0.0000;369;365;0.0623;-0.0451;-0.0012;-0.0352;0.0215;0.0000;0.7402
398.5;4.0220;4.0000;0.5055;0.0000;367;361;0.1380;-0.0568;-0.0012;-0.0430;0.0205;0.0000;0.7402
399.0;4.0256;4.0000;0.3800;0.0000;365;361;-0.0134;-0.0656;-0.0012;-0.0323;0.0205;0.0000;0.7402
399.5;4.0275;4.0000;0.4065;0.0000;363;359;0.0623;-0.0700;-0.0012;-0.0342;0.0205;0.0000;0.7402
400.0;4.0279;4.0000;0.3260;0.0000;359;359;0.0672;-0.0715;-0.0012;-0.0283;0.0205;0.0000;0.7402
400.5;4.0275;4.0000;0.3495;0.0000;357;357;0.0647;-0.0700;-0.0026;-0.0303;0.0205;0.0000;0.7402
401.0;4.0261;4.0000;0.3710;0.0000;359;355;-0.0134;-0.0656;-0.0026;-0.0313;0.0205;0.0000;0.7402
401.5;4.0238;4.0000;0.4160;0.0000;359;355;-0.0159;-0.0612;-0.0026;-0.0352;0.0196;0.0000;0.7402
402.0;4.0215;4.0000;0.5040;0.0000;363;353;-0.0183;-0.0554;-0.0026;-0.0430;0.0196;0.0000;0.7402
402.5;4.0197;4.0000;0.5235;0.0000;363;355;-0.0208;-0.0510;-0.0026;-0.0450;0.0196;0.0000;0.7402
403.0;4.0188;4.0000;0.4540;0.0000;363;357;-0.0183;-0.0481;-0.0026;-0.0391;0.0196;0.0000;0.7402
403.5;4.0179;4.0000;0.3790;0.0000;361;359;0.0647;-0.0466;-0.0026;-0.0323;0.0196;0.0000;0.7402
404.0;4.0151;4.0000;0.3565;0.0000;361;359;0.1429;-0.0393;-0.0041;-0.0303;0.0196;0.0000;0.7402
404.5;4.0128;4.0000;0.2990;0.0000;361;361;0.0672;-0.0334;-0.0041;-0.0254;0.0186;0.0000;0.7402
405.0;4.0110;4.0000;0.3335;0.0000;363;361;-0.0916;-0.0290;-0.0041;-0.0283;0.0186;0.0000;0.7402
405.5;4.0082;4.0000;0.3675;0.0000;365;361;-0.0134;-0.0217;-0.0041;-0.0313;0.0186;0.0000;0.7402
406.0;4.0050;4.0000;0.2945;0.0000;365;365;0.0672;-0.0144;-0.0041;-0.0254;0.0186;0.0000;0.7402
406.5;4.0018;4.0000;0.1925;0.0000;367;370;0.0696;-0.0056;-0.0041;-0.0166;0.0186;0.0000;0.7402
407.0;3.9991;4.0000;0.2225;0.0000;367;370;-0.0085;0.0018;-0.0041;-0.0196;0.0186;0.0000;0.7402
407.5;3.9963;4.0000;0.2960;0.0000;370;370;-0.0110;0.0076;-0.0041;-0.0254;0.0186;0.0000;0.7402
408.0;3.9936;4.0000;0.3060;0.0000;372;370;-0.0110;0.0149;-0.0041;-0.0264;0.0186;0.0000;0.7402
408.5;3.9730;4.0000;0.4115;0.0000;386;363;0.1404;0.0662;-0.0041;-0.0352;0.0176;0.0000;0.7402
409.0;3.9579;4.0000;0.3285;0.0000;394;374;0.0647;0.1043;-0.0026;-0.0283;0.0176;0.0000;0.7402
409.5;3.9464;4.0000;0.3020;0.0000;402;384;-0.0110;0.1336;-0.0026;-0.0254;0.0176;0.0000;0.7402
410.0;3.9382;4.0000;0.2675;0.0000;406;394;0.0672;0.1527;-0.0012;-0.0235;0.0176;0.0000;0.7402
410.5;3.9327;4.0000;0.3025;0.0000;410;398;0.0672;0.1673;-0.0012;-0.0264;0.0176;0.0000;0.7402
411.0;3.9286;4.0000;0.1615;0.0000;412;406;-0.0061;0.1776;-0.0012;-0.0137;0.0176;0.0000;0.7402
411.5;3.9263;4.0000;0.1520;0.0000;413;410;0.0720;0.1834;0.0003;-0.0137;0.0176;0.0000;0.7402
412.0;3.9245;4.0000;-0.0280;0.0000;412;415;-0.0012;0.1863;0.0018;0.0020;0.0176;0.0000;0.7402
412.5;3.9240;4.0000;-0.1610;0.0000;410;421;0.0818;0.1893;0.0018;0.0127;0.0176;0.0000;0.7402
413.0;3.9254;4.0000;-0.0640;0.0000;413;419;-0.0769;0.1849;0.0032;0.0049;0.0176;0.0000;0.7402
413.5;3.9272;4.0000;-0.0880;0.0000;413;421;0.0012;0.1805;0.0032;0.0068;0.0176;0.0000;0.7402
414.0;3.9295;4.0000;-0.1005;0.0000;413;421;-0.0769;0.1746;0.0047;0.0078;0.0176;0.0000;0.7402
414.5;3.9322;4.0000;-0.0860;0.0000;413;419;-0.1551;0.1673;0.0047;0.0068;0.0176;0.0000;0.7402
415.0;3.9359;4.0000;-0.1190;0.0000;412;421;0.0037;0.1585;0.0047;0.0098;0.0176;0.0000;0.7402
415.5;3.9409;4.0000;-0.1800;0.0000;410;421;-0.1526;0.1468;0.0062;0.0147;0.0176;0.0000;0.7402
416.0;3.9455;4.0000;-0.0725;0.0000;410;417;0.0012;0.1351;0.0062;0.0059;0.0176;0.0000;0.7402
416.5;3.9505;4.0000;-0.1065;0.0000;406;415;0.0037;0.1219;0.0076;0.0088;0.0176;0.0000;0.7402
417.0;3.9560;4.0000;-0.1570;0.0000;402;413;0.0037;0.1087;0.0076;0.0127;0.0176;0.0000;0.7402
417.5;3.9611;4.0000;-0.1635;0.0000;400;412;0.0818;0.0955;0.0076;0.0137;0.0176;0.0000;0.7402
418.0;3.9661;4.0000;-0.2100;0.0000;396;410;0.0842;0.0838;0.0076;0.0176;0.0176;0.0000;0.7402
418.5;3.9698;4.0000;-0.2305;0.0000;390;410;0.0842;0.0735;0.0091;0.0186;0.0176;0.0000;0.7402
419.0;3.9725;4.0000;-0.1745;0.0000;390;406;0.0037;0.0677;0.0091;0.0137;0.0186;0.0000;0.7402
419.5;3.9744;4.0000;-0.0975;0.0000;390;404;0.0012;0.0618;0.0091;0.0078;0.0186;0.0000;0.7402
420.0;3.9757;4.0000;-0.1645;0.0000;388;404;0.0037;0.0589;0.0091;0.0137;0.0186;0.0000;0.7402
420.5;3.9762;4.0000;-0.1265;0.0000;386;402;-0.0745;0.0589;0.0091;0.0098;0.0186;0.0000;0.7402
421.0;3.9757;4.0000;-0.1630;0.0000;386;402;0.0818;0.0589;0.0091;0.0137;0.0186;0.0000;0.7402
421.5;3.9757;4.0000;-0.1950;0.0000;384;402;0.0842;0.0589;0.0105;0.0156;0.0186;0.0000;0.7402
422.0;3.9748;4.0000;-0.1920;0.0000;384;402;0.0061;0.0618;0.0105;0.0156;0.0186;0.0000;0.7402
422.5;3.9744;4.0000;-0.1235;0.0000;386;402;0.0037;0.0633;0.0105;0.0098;0.0186;0.0000;0.7402
423.0;3.9734;4.0000;-0.1525;0.0000;386;402;0.0037;0.0648;0.0105;0.0127;0.0186;0.0000;0.7402
423.5;3.9730;4.0000;-0.0170;0.0000;390;400;-0.0012;0.0662;0.0105;0.0010;0.0186;0.0000;0.7402
424.0;3.9730;4.0000;-0.0195;0.0000;388;400;-0.0012;0.0662;0.0105;0.0010;0.0186;0.0000;0.7402
424.5;3.9721;4.0000;0.0175;0.0000;390;398;-0.0794;0.0677;0.0120;-0.0020;0.0186;0.0000;0.7402
425.0;3.9716;4.0000;0.1690;0.0000;394;396;-0.0061;0.0706;0.0120;-0.0147;0.0186;0.0000;0.7402
425.5;3.9716;4.0000;0.1985;0.0000;394;394;-0.0085;0.0706;0.0120;-0.0176;0.0186;0.0000;0.7402
426.0;3.9716;4.0000;0.3085;0.0000;396;392;-0.0110;0.0691;0.0120;-0.0264;0.0186;0.0000;0.7402
426.5;3.9716;4.0000;0.2300;0.0000;394;396;-0.0085;0.0706;0.0120;-0.0196;0.0186;0.0000;0.7402
427.0;3.9707;4.0000;0.3285;0.0000;398;394;-0.0134;0.0721;0.0135;-0.0283;0.0186;0.0000;0.7402
427.5;3.9684;4.0000;0.1340;0.0000;394;398;-0.0061;0.0779;0.0135;-0.0117;0.0176;0.0000;0.7402
428.0;3.9661;4.0000;0.2320;0.0000;396;396;-0.0085;0.0838;0.0135;-0.0196;0.0176;0.0000;0.7402
428.5;3.9647;4.0000;0.2675;0.0000;398;396;-0.0110;0.0867;0.0135;-0.0225;0.0176;0.0000;0.7402
429.0;3.9643;4.0000;0.2850;0.0000;400;398;-0.0110;0.0882;0.0135;-0.0244;0.0176;0.0000;0.7402
429.5;3.9629;4.0000;0.2710;0.0000;400;398;-0.0110;0.0911;0.0149;-0.0235;0.0176;0.0000;0.7402
430.0;3.9625;4.0000;0.1950;0.0000;400;402;-0.0867;0.0926;0.0149;-0.0166;0.0176;0.0000;0.7402
430.5;3.9629;4.0000;0.2395;0.0000;402;400;-0.0867;0.0911;0.0149;-0.0205;0.0176;0.0000;0.7402
431.0;3.9643;4.0000;0.1385;0.0000;400;404;0.0720;0.0882;0.0149;-0.0117;0.0176;0.0000;0.7402
431.5;3.9666;4.0000;0.0805;0.0000;396;404;0.0745;0.0823;0.0164;-0.0068;0.0176;0.0000;0.7402
432.0;3.9689;4.0000;-0.1395;0.0000;392;406;0.0818;0.0765;0.0164;0.0108;0.0176;0.0000;0.7402
432.5;3.9721;4.0000;-0.1160;0.0000;392;406;0.0037;0.0691;0.0164;0.0088;0.0176;0.0000;0.7402
433.0;3.9757;4.0000;-0.1445;0.0000;388;404;0.0037;0.0589;0.0164;0.0117;0.0176;0.0000;0.7402
433.5;3.9615;4.0000;-0.1520;0.0000;378;413;-0.0745;0.0941;0.0179;0.0127;0.0176;0.0000;0.7402
434.0;3.9538;4.0000;-0.0290;0.0000;388;415;-0.0794;0.1146;0.0179;0.0020;0.0176;0.0000;0.7402
434.5;3.9510;4.0000;-0.1745;0.0000;392;421;0.0037;0.1219;0.0179;0.0137;0.0176;0.0000;0.7402
435.0;3.9515;4.0000;-0.1420;0.0000;394;421;0.0037;0.1204;0.0193;0.0117;0.0176;0.0000;0.7402
435.5;3.9542;4.0000;-0.1745;0.0000;394;421;0.0037;0.1131;0.0193;0.0137;0.0176;0.0000;0.7402
436.0;3.9588;4.0000;-0.1735;0.0000;394;419;0.0037;0.1028;0.0193;0.0137;0.0176;0.0000;0.7402
436.5;3.9638;4.0000;-0.1450;0.0000;392;417;0.0037;0.0897;0.0193;0.0117;0.0176;0.0000;0.7402
437.0;3.9684;4.0000;-0.2460;0.0000;388;417;0.0867;0.0779;0.0208;0.0205;0.0176;0.0000;0.7402
437.5;3.9716;4.0000;-0.2705;0.0000;386;415;0.0085;0.0691;0.0208;0.0225;0.0186;0.0000;0.7402
438.0;3.9744;4.0000;-0.2390;0.0000;384;413;0.0867;0.0633;0.0208;0.0196;0.0186;0.0000;0.7402
438.5;3.9757;4.0000;-0.2690;0.0000;382;412;0.0867;0.0589;0.0208;0.0225;0.0186;0.0000;0.7402
439.0;3.9771;4.0000;-0.1145;0.0000;384;406;0.0818;0.0560;0.0208;0.0088;0.0186;0.0000;0.7402
439.5;3.9776;4.0000;-0.1005;0.0000;384;406;0.0794;0.0545;0.0208;0.0078;0.0186;0.0000;0.7402
440.0;3.9780;4.0000;-0.0590;0.0000;386;404;0.0012;0.0530;0.0223;0.0049;0.0186;0.0000;0.7402
440.5;3.9785;4.0000;0.0430;0.0000;388;400;-0.0037;0.0530;0.0223;-0.0039;0.0186;0.0000;0.7402
441.0;3.9789;4.0000;0.0120;0.0000;388;402;0.0769;0.0501;0.0223;-0.0020;0.0186;0.0000;0.7402
441.5;3.9785;4.0000;0.0245;0.0000;386;402;0.1551;0.0530;0.0223;-0.0029;0.0186;0.0000;0.7402
442.0;3.9776;4.0000;0.0180;0.0000;386;400;0.0769;0.0545;0.0223;-0.0020;0.0186;0.0000;0.7402
442.5;3.9766;4.0000;0.0150;0.0000;386;400;-0.0012;0.0560;0.0223;-0.0020;0.0186;0.0000;0.7402
443.0;3.9771;4.0000;0.0815;0.0000;388;398;-0.0037;0.0560;0.0223;-0.0078;0.0186;0.0000;0.7402
443.5;3.9785;4.0000;0.1040;0.0000;388;400;0.0745;0.0530;0.0237;-0.0088;0.0186;0.0000;0.7402
444.0;3.9799;4.0000;0.1820;0.0000;390;396;-0.0085;0.0486;0.0237;-0.0156;0.0186;0.0000;0.7402
444.5;3.9803;4.0000;0.1055;0.0000;388;398;-0.0061;0.0486;0.0237;-0.0098;0.0186;0.0000;0.7402
445.0;3.9803;4.0000;0.1190;0.0000;388;398;-0.0061;0.0486;0.0237;-0.0108;0.0186;0.0000;0.7402
445.5;3.9808;4.0000;-0.0220;0.0000;386;400;0.0769;0.0472;0.0237;0.0010;0.0186;0.0000;0.7402
446.0;3.9812;4.0000;0.0255;0.0000;386;398;-0.0012;0.0457;0.0237;-0.0029;0.0186;0.0000;0.7402
446.5;3.9821;4.0000;0.0280;0.0000;386;398;-0.0012;0.0442;0.0237;-0.0029;0.0186;0.0000;0.7402
447.0;3.9808;4.0000;0.0330;0.0000;386;398;-0.0012;0.0472;0.0252;-0.0029;0.0186;0.0000;0.7402
447.5;3.9789;4.0000;0.1260;0.0000;388;396;-0.0842;0.0516;0.0252;-0.0108;0.0176;0.0000;0.7402
448.0;3.9776;4.0000;0.2150;0.0000;394;396;-0.0867;0.0545;0.0252;-0.0186;0.0176;0.0000;0.7402
448.5;3.9771;4.0000;0.3055;0.0000;396;394;-0.0110;0.0560;0.0252;-0.0264;0.0176;0.0000;0.7402
449.0;3.9780;4.0000;0.1240;0.0000;392;400;0.1502;0.0545;0.0252;-0.0108;0.0176;0.0000;0.7402
449.5;3.9785;4.0000;0.0760;0.0000;388;398;0.0745;0.0530;0.0252;-0.0068;0.0176;0.0000;0.7402
450.0;3.9799;4.0000;-0.1140;0.0000;386;402;0.0037;0.0501;0.0252;0.0088;0.0176;0.0000;0.7402
450.5;3.9821;4.0000;-0.0375;0.0000;386;400;-0.0794;0.0442;0.0267;0.0029;0.0176;0.0000;0.7402
451.0;3.9840;4.0000;0.1160;0.0000;388;394;-0.0842;0.0398;0.0267;-0.0098;0.0176;0.0000;0.7402
451.5;3.9867;4.0000;-0.0595;0.0000;384;398;0.0012;0.0325;0.0267;0.0049;0.0176;0.0000;0.7402
452.0;3.9899;4.0000;-0.1075;0.0000;382;398;0.0037;0.0237;0.0267;0.0088;0.0176;0.0000;0.7402
452.5;3.9950;4.0000;-0.1370;0.0000;382;396;-0.0745;0.0120;0.0267;0.0108;0.0176;0.0000;0.7402
453.0;4.0009;4.0000;-0.0025;0.0000;380;388;-0.1575;-0.0041;0.0267;-0.0000;0.0176;0.0000;0.7402
453.5;4.0073;4.0000;-0.0200;0.0000;378;386;-0.0794;-0.0188;0.0267;0.0010;0.0176;0.0000;0.7402
454.0;4.0133;4.0000;0.1880;0.0000;378;378;-0.0085;-0.0349;0.0267;-0.0166;0.0176;0.0000;0.7402
454.5;4.0188;4.0000;0.1260;0.0000;374;376;0.0720;-0.0481;0.0267;-0.0108;0.0176;0.0000;0.7402
455.0;4.0247;4.0000;0.0500;0.0000;369;374;-0.0037;-0.0627;0.0252;-0.0049;0.0176;0.0000;0.7402
455.5;4.0302;4.0000;-0.0330;0.0000;365;374;0.0794;-0.0774;0.0252;0.0020;0.0176;0.0000;0.7402
456.0;4.0343;4.0000;-0.0120;0.0000;361;370;0.0769;-0.0876;0.0252;0.0010;0.0176;0.0000;0.7402
456.5;4.0385;4.0000;0.0070;0.0000;357;367;-0.0012;-0.0979;0.0252;-0.0010;0.0176;0.0000;0.7402
457.0;4.0412;4.0000;0.0240;0.0000;355;365;-0.0012;-0.1037;0.0237;-0.0029;0.0176;0.0000;0.7402
457.5;4.0426;4.0000;0.0440;0.0000;353;361;-0.0037;-0.1081;0.0237;-0.0039;0.0176;0.0000;0.7402
458.0;4.0444;4.0000;0.0485;0.0000;351;361;-0.0037;-0.1125;0.0237;-0.0049;0.0176;0.0000;0.7402
458.5;4.0449;4.0000;0.1550;0.0000;351;357;0.0720;-0.1140;0.0223;-0.0137;0.0176;0.0000;0.7402
459.0;4.0458;4.0000;0.1300;0.0000;351;357;-0.0061;-0.1154;0.0223;-0.0117;0.0176;0.0000;0.7402
459.5;4.0467;4.0000;0.1150;0.0000;351;357;-0.0842;-0.1169;0.0223;-0.0098;0.0176;0.0000;0.7402
460.0;4.0458;4.0000;0.1580;0.0000;349;355;-0.0061;-0.1169;0.0223;-0.0137;0.0176;0.0000;0.7402
460.5;4.0458;3.9995;0.1740;0.0000;347;351;0.0720;-0.1154;0.0208;-0.0147;0.0176;0.0000;0.7323
461.0;4.0270;3.9991;0.2315;0.0000;357;337;0.0696;-0.0700;0.0208;-0.0196;0.0176;0.0000;0.7244
461.5;4.0142;3.9986;0.2130;0.0000;361;345;0.0696;-0.0393;0.0208;-0.0186;0.0176;0.0000;0.7165
462.0;4.0050;3.9982;0.2370;0.0000;363;351;0.0696;-0.0173;0.0208;-0.0205;0.0176;0.0000;0.7087
462.5;3.9991;3.9973;0.2435;0.0000;367;355;-0.0110;-0.0041;0.0208;-0.0205;0.0166;0.0000;0.7008
463.0;3.9954;3.9963;0.2845;0.0000;367;355;-0.0110;0.0032;0.0208;-0.0244;0.0166;0.0000;0.6929
463.5;3.9918;3.9954;0.3950;0.0000;369;353;0.0623;0.0091;0.0208;-0.0332;0.0166;0.0000;0.6850
464.0;3.9890;3.9940;0.4015;0.0000;367;351;0.0623;0.0120;0.0208;-0.0342;0.0166;0.0000;0.6772
464.5;3.9863;3.9927;0.3285;0.0000;363;353;-0.0134;0.0164;0.0208;-0.0283;0.0166;0.0000;0.6693
465.0;3.9826;3.9913;0.3395;0.0000;363;351;0.0647;0.0208;0.0208;-0.0293;0.0166;0.0000;0.6614
465.5;3.9799;3.9895;0.2120;0.0000;359;353;0.0696;0.0237;0.0208;-0.0186;0.0166;0.0000;0.6535
466.0;3.9766;3.9876;0.2890;0.0000;361;353;-0.0110;0.0267;0.0208;-0.0244;0.0156;0.0000;0.6457
466.5;3.9748;3.9853;0.2415;0.0000;357;353;0.0696;0.0267;0.0208;-0.0205;0.0156;0.0000;0.6378
467.0;3.9734;3.9835;0.2005;0.0000;355;353;-0.0085;0.0237;0.0208;-0.0176;0.0156;0.0000;0.6299
467.5;3.9725;3.9812;0.1910;0.0000;351;349;-0.0085;0.0208;0.0208;-0.0166;0.0156;0.0000;0.6220
468.0;3.9725;3.9785;0.0985;0.0000;345;347;0.0745;0.0149;0.0208;-0.0088;0.0156;0.0000;0.6142
468.5;3.9734;3.9757;0.0615;0.0000;339;345;0.1526;0.0062;0.0208;-0.0059;0.0156;0.0000;0.6063
469.0;3.9739;3.9730;0.0590;0.0000;337;341;-0.0037;-0.0026;0.0208;-0.0059;0.0156;0.0000;0.5984
469.5;3.9744;3.9702;0.0690;0.0000;333;337;-0.0037;-0.0114;0.0208;-0.0059;0.0156;0.0000;0.5906
470.0;3.9766;3.9670;-0.1065;0.0000;326;335;0.0037;-0.0246;0.0208;0.0088;0.0156;0.0000;0.5827
470.5;3.9799;3.9638;-0.0835;0.0000;322;331;-0.0769;-0.0407;0.0208;0.0068;0.0156;0.0000;0.5748
471.0;3.9840;3.9602;-0.1525;0.0000;316;326;-0.0745;-0.0598;0.0208;0.0127;0.0156;0.0000;0.5591
471.5;3.9876;3.9565;0.0610;0.0000;312;316;-0.0037;-0.0788;0.0208;-0.0059;0.0156;0.0000;0.5512
472.0;3.9918;3.9528;-0.0670;0.0000;302;312;-0.0769;-0.0979;0.0208;0.0049;0.0156;0.0000;0.5433
472.5;3.9954;3.9492;0.1480;0.0000;300;300;0.0720;-0.1169;0.0193;-0.0127;0.0156;0.0000;0.5354
473.0;3.9982;3.9451;0.0195;0.0000;290;296;0.0769;-0.1345;0.0193;-0.0020;0.0156;0.0000;0.5276
473.5;4.0009;3.9409;0.0935;0.0000;286;290;-0.0037;-0.1521;0.0179;-0.0088;0.0156;0.0000;0.5197
474.0;4.0027;3.9364;0.3150;0.0000;284;279;-0.0134;-0.1667;0.0179;-0.0274;0.0156;0.0000;0.5118
474.5;4.0032;3.9318;0.3075;0.0000;279;273;-0.0110;-0.1784;0.0179;-0.0264;0.0156;0.0000;0.5039
475.0;4.0032;3.9272;0.3855;0.0000;275;267;-0.0134;-0.1902;0.0164;-0.0332;0.0156;0.0000;0.4961
475.5;4.0018;3.9222;0.1495;0.0000;263;265;0.0720;-0.1989;0.0149;-0.0127;0.0156;0.0000;0.4882
476.0;3.9982;3.9171;0.1430;0.0000;257;261;-0.0061;-0.2019;0.0149;-0.0127;0.0156;0.0000;0.4803
476.5;3.9931;3.9121;-0.0365;0.0000;251;261;0.0012;-0.2033;0.0135;0.0029;0.0156;0.0000;0.4724
477.0;3.9876;3.9066;0.1160;0.0000;251;253;-0.0061;-0.2033;0.0135;-0.0108;0.0156;0.0000;0.4646
477.5;3.9821;3.9016;-0.0860;0.0000;243;255;0.0012;-0.2033;0.0120;0.0068;0.0156;0.0000;0.4488
478.0;3.9762;3.8956;0.0625;0.0000;243;249;0.0745;-0.2019;0.0120;-0.0059;0.0156;0.0000;0.4409
478.5;3.9689;3.8901;-0.0240;0.0000;239;249;0.0769;-0.1989;0.0105;0.0020;0.0156;0.0000;0.4331
479.0;3.9606;3.8842;0.0625;0.0000;239;245;0.0745;-0.1916;0.0105;-0.0059;0.0147;0.0000;0.4252
479.5;3.9519;3.8777;0.3340;0.0000;243;238;-0.0134;-0.1858;0.0091;-0.0283;0.0147;0.0000;0.4173
480.0;3.9432;3.8718;0.4625;0.0000;243;234;0.0598;-0.1799;0.0091;-0.0391;0.0147;0.0000;0.4094
480.5;3.9341;3.8654;0.5235;0.0000;243;232;0.0598;-0.1726;0.0076;-0.0450;0.0147;0.0000;0.4016
481.0;3.9245;3.8585;0.3985;0.0000;239;232;-0.0940;-0.1653;0.0076;-0.0342;0.0147;0.0000;0.3937
481.5;3.9153;3.8521;0.5150;0.0000;241;228;-0.0965;-0.1594;0.0062;-0.0440;0.0147;0.0000;0.3858
482.0;3.9043;3.8452;0.4730;0.0000;239;228;-0.0183;-0.1491;0.0062;-0.0401;0.0137;0.0000;0.3780
482.5;3.8942;3.8379;0.6810;0.0000;243;224;-0.1038;-0.1403;0.0062;-0.0577;0.0137;0.0000;0.3622
483.0;3.8846;3.8310;0.6930;0.0000;241;222;0.0525;-0.1345;0.0047;-0.0587;0.0137;0.0000;0.3543
483.5;3.8750;3.8237;0.7850;0.0000;241;218;0.0476;-0.1286;0.0047;-0.0665;0.0127;0.0000;0.3465
484.0;3.8640;3.8159;0.6820;0.0000;238;220;-0.0256;-0.1213;0.0032;-0.0577;0.0127;0.0000;0.3386
484.5;3.8530;3.8082;0.8895;0.0000;241;214;0.0452;-0.1125;0.0032;-0.0753;0.0127;0.0000;0.3307
485.0;3.8416;3.8004;0.8210;0.0000;238;214;0.0476;-0.1037;0.0032;-0.0694;0.0117;0.0000;0.3228
485.5;3.8310;3.7926;0.5555;0.0000;232;220;-0.0208;-0.0964;0.0032;-0.0469;0.0117;0.0000;0.3150
486.0;3.8201;3.7843;0.5565;0.0000;232;218;-0.0208;-0.0905;0.0018;-0.0469;0.0117;0.0000;0.3071
486.5;3.8104;3.7761;0.3060;0.0000;226;222;0.0672;-0.0861;0.0018;-0.0264;0.0117;0.0000;0.2913
487.0;3.8004;3.7679;0.4495;0.0000;228;218;0.0623;-0.0817;0.0018;-0.0381;0.0117;0.0000;0.2835
487.5;3.7908;3.7592;0.3430;0.0000;222;218;-0.0134;-0.0803;0.0018;-0.0293;0.0108;0.0000;0.2756
488.0;3.7816;3.7505;0.6170;0.0000;226;208;0.0549;-0.0788;0.0018;-0.0528;0.0108;0.0000;0.2677
488.5;3.7724;3.7413;0.4515;0.0000;220;210;-0.0183;-0.0788;0.0003;-0.0381;0.0108;0.0000;0.2598
489.0;3.7642;3.7326;0.5045;0.0000;220;206;-0.0183;-0.0803;0.0003;-0.0430;0.0108;0.0000;0.2520
489.5;3.7550;3.7230;0.3015;0.0000;212;208;-0.0110;-0.0803;0.0003;-0.0254;0.0108;0.0000;0.2362
490.0;3.7454;3.7138;0.3680;0.0000;212;204;-0.0134;-0.0803;0.0003;-0.0313;0.0098;0.0000;0.2283
490.5;3.7372;3.7042;0.6180;0.0000;214;196;-0.1795;-0.0832;-0.0012;-0.0528;0.0098;0.0000;0.2205
491.0;3.7294;3.6946;0.3475;0.0000;206;198;-0.0916;-0.0876;-0.0012;-0.0293;0.0098;0.0000;0.2126
491.5;3.7225;3.6850;0.4250;0.0000;204;193;0.0623;-0.0949;-0.0012;-0.0362;0.0098;0.0000;0.2047
492.0;3.7152;3.6749;0.2010;0.0000;195;193;-0.0085;-0.1008;-0.0012;-0.0176;0.0098;0.0000;0.1969
492.5;3.7074;3.6648;0.4465;0.0000;196;185;-0.0159;-0.1081;-0.0026;-0.0381;0.0098;0.0000;0.1811
493.0;3.6987;3.6543;0.3785;0.0000;191;181;0.0647;-0.1110;-0.0026;-0.0323;0.0088;0.0000;0.1732
493.5;3.6891;3.6438;0.6520;0.0000;193;173;0.0549;-0.1140;-0.0026;-0.0557;0.0088;0.0000;0.1654
494.0;3.6799;3.6332;0.3545;0.0000;183;177;0.0647;-0.1169;-0.0041;-0.0303;0.0088;0.0000;0.1575
494.5;3.6694;3.6223;0.1605;0.0000;177;177;-0.0061;-0.1184;-0.0041;-0.0137;0.0088;0.0000;0.1496
495.0;3.6580;3.6113;-0.0950;0.0000;167;179;0.0012;-0.1169;-0.0041;0.0078;0.0088;0.0000;0.1417
495.5;3.6461;3.6003;-0.1245;0.0000;165;175;0.0037;-0.1140;-0.0056;0.0098;0.0088;0.0000;0.1260
496.0;3.6328;3.5893;0.0810;0.0000;167;169;-0.0818;-0.1096;-0.0056;-0.0068;0.0088;0.0000;0.1181
496.5;3.6190;3.5778;-0.2025;0.0000;159;171;0.0061;-0.1052;-0.0056;0.0166;0.0088;0.0000;0.1102
497.0;3.6058;3.5664;-0.0060;0.0000;159;167;0.0769;-0.0993;-0.0056;-0.0000;0.0088;0.0000;0.1024
497.5;3.5916;3.5545;-0.3445;0.0000;152;171;0.0891;-0.0935;-0.0070;0.0283;0.0088;0.0000;0.0945
498.0;3.5765;3.5426;-0.0690;0.0000;155;165;0.0012;-0.0861;-0.0070;0.0049;0.0088;0.0000;0.0787
498.5;3.5623;3.5307;-0.0530;0.0000;155;163;0.0012;-0.0803;-0.0070;0.0039;0.0088;0.0000;0.0709
499.0;3.5476;3.5183;0.1670;0.0000;157;157;0.0720;-0.0730;-0.0070;-0.0147;0.0088;0.0000;0.0630
499.5;3.5325;3.5060;0.1745;0.0000;155;155;-0.0061;-0.0671;-0.0070;-0.0156;0.0088;0.0000;0.0551
500.0;3.5179;3.4936;0.0360;0.0000;152;155;-0.0037;-0.0612;-0.0085;-0.0039;0.0088;0.0000;0.0472
500.5;3.5037;3.4808;0.3090;0.0000;155;150;-0.0110;-0.0568;-0.0085;-0.0264;0.0088;0.0000;0.0315
501.0;3.4881;3.4679;0.2920;0.0000;153;148;0.0672;-0.0510;-0.0085;-0.0254;0.0088;0.0000;0.0236
501.5;3.4721;3.4551;0.5580;0.0000;157;142;-0.0208;-0.0437;-0.0085;-0.0469;0.0088;0.0000;0.0157
502.0;3.4565;3.4418;0.4165;0.0000;153;142;-0.0940;-0.0378;-0.0085;-0.0352;0.0078;0.0000;0.0079
502.5;3.4405;3.4418;0.5240;0.0000;312;296;-0.0012;0.0032;-0.0085;-0.0450;0.0078;0.0000;0.6614
503.0;3.4281;3.4418;0.4245;0.0000;318;308;0.0623;0.0340;-0.0085;-0.0362;0.0078;0.0000;0.6614
503.5;3.4190;3.4418;0.5545;0.0000;327;312;-0.0208;0.0574;-0.0085;-0.0469;0.0078;0.0000;0.6614
504.0;3.4116;3.4418;0.6495;0.0000;337;318;-0.0232;0.0750;-0.0085;-0.0547;0.0078;0.0000;0.6614
504.5;3.4057;3.4418;0.6885;0.0000;341;322;0.0525;0.0897;-0.0070;-0.0587;0.0068;0.0000;0.6614
505.0;3.4006;3.4418;0.5260;0.0000;343;329;0.0574;0.1028;-0.0070;-0.0450;0.0068;0.0000;0.6614
505.5;3.3970;3.4418;0.4260;0.0000;345;333;-0.0159;0.1116;-0.0070;-0.0362;0.0068;0.0000;0.6614
506.0;3.3956;3.4418;0.4790;0.0000;351;335;-0.0965;0.1160;-0.0056;-0.0411;0.0068;0.0000;0.6614
506.5;3.3938;3.4418;0.3725;0.0000;351;339;-0.0916;0.1190;-0.0056;-0.0323;0.0059;0.0000;0.6614
507.0;3.3924;3.4418;0.4610;0.0000;353;339;-0.0183;0.1234;-0.0056;-0.0391;0.0059;0.0000;0.6614
507.5;3.3910;3.4418;0.3045;0.0000;353;343;0.0672;0.1263;-0.0041;-0.0264;0.0059;0.0000;0.6614
508.0;3.3910;3.4418;0.2210;0.0000;349;345;0.0696;0.1263;-0.0041;-0.0196;0.0059;0.0000;0.6535
508.5;3.3910;3.4414;0.0275;0.0000;345;349;-0.0012;0.1263;-0.0041;-0.0029;0.0059;0.0000;0.6457
509.0;3.3915;3.4409;0.0760;0.0000;345;345;-0.0818;0.1234;-0.0026;-0.0068;0.0059;0.0000;0.6378
509.5;3.3924;3.4405;-0.0770;0.0000;339;347;0.0794;0.1190;-0.0026;0.0059;0.0059;0.0000;0.6299
510.0;3.3951;3.4396;-0.1985;0.0000;333;345;0.0061;0.1102;-0.0026;0.0166;0.0059;0.0000;0.6220
510.5;3.3974;3.4386;-0.3590;0.0000;327;345;0.0110;0.1014;-0.0026;0.0293;0.0059;0.0000;0.6142
511.0;3.4011;3.4377;-0.4595;0.0000;320;341;0.0159;0.0911;-0.0012;0.0381;0.0059;0.0000;0.6063
511.5;3.4043;3.4364;-0.2205;0.0000;322;333;-0.0720;0.0794;-0.0012;0.0176;0.0068;0.0000;0.5984
512.0;3.4071;3.4350;-0.2140;0.0000;318;329;-0.0720;0.0691;-0.0012;0.0176;0.0068;0.0000;0.5906
512.5;3.4098;3.4332;-0.1185;0.0000;316;324;0.0037;0.0574;-0.0012;0.0098;0.0068;0.0000;0.5827
513.0;3.4135;3.4318;-0.2155;0.0000;312;322;-0.1502;0.0442;-0.0012;0.0176;0.0068;0.0000;0.5748
513.5;3.4180;3.4299;-0.1785;0.0000;306;316;0.0842;0.0281;-0.0012;0.0147;0.0068;0.0000;0.5669
514.0;3.4226;3.4277;-0.3030;0.0000;296;312;0.0867;0.0120;0.0003;0.0254;0.0068;0.0000;0.5591
514.5;3.4263;3.4254;-0.2070;0.0000;292;304;0.0061;-0.0026;0.0003;0.0166;0.0068;0.0000;0.5512
515.0;3.4290;3.4231;-0.2615;0.0000;284;300;0.0867;-0.0158;-0.0012;0.0215;0.0068;0.0000;0.5433
515.5;3.4313;3.4208;-0.3790;0.0000;277;296;0.0110;-0.0275;-0.0012;0.0313;0.0068;0.0000;0.5354
516.0;3.4327;3.4180;-0.4120;0.0000;273;292;-0.0647;-0.0378;-0.0012;0.0342;0.0078;0.0000;0.5276
516.5;3.4327;3.4153;-0.4840;0.0000;267;290;0.0159;-0.0437;-0.0012;0.0401;0.0078;0.0000;0.5197
517.0;3.4158;3.4121;-0.4990;0.0000;255;296;0.0159;-0.0100;-0.0012;0.0411;0.0078;0.0000;0.5118
517.5;3.4034;3.4093;-0.5025;0.0000;261;298;-0.0623;0.0135;-0.0012;0.0420;0.0078;0.0000;0.5039
518.0;3.3933;3.4057;-0.4145;0.0000;265;298;0.0134;0.0311;-0.0012;0.0342;0.0078;0.0000;0.4961
518.5;3.3842;3.4025;-0.4970;0.0000;265;298;0.0159;0.0442;-0.0012;0.0411;0.0088;0.0000;0.4803
519.0;3.3764;3.3988;-0.4145;0.0000;267;298;0.0134;0.0560;0.0003;0.0342;0.0088;0.0000;0.4724
519.5;3.3690;3.3951;-0.4280;0.0000;267;298;0.0134;0.0648;0.0003;0.0352;0.0088;0.0000;0.4646
520.0;3.3631;3.3910;-0.3700;0.0000;269;296;0.0110;0.0691;0.0003;0.0303;0.0088;0.0000;0.4567
520.5;3.3585;3.3869;-0.2935;0.0000;269;294;0.0085;0.0706;0.0003;0.0244;0.0088;0.0000;0.4488
521.0;3.3535;3.3828;-0.3265;0.0000;267;292;0.1673;0.0721;0.0003;0.0274;0.0088;0.0000;0.4409
521.5;3.3480;3.3787;-0.3390;0.0000;265;290;-0.0672;0.0765;0.0018;0.0283;0.0088;0.0000;0.4331
522.0;3.3425;3.3741;-0.3210;0.0000;263;286;0.0110;0.0779;0.0018;0.0264;0.0098;0.0000;0.4252
522.5;3.3379;3.3695;-0.0690;0.0000;267;281;0.0012;0.0779;0.0018;0.0049;0.0098;0.0000;0.4173
523.0;3.3329;3.3645;-0.0825;0.0000;265;279;0.0794;0.0779;0.0018;0.0068;0.0098;0.0000;0.4094
523.5;3.3274;3.3594;0.1115;0.0000;267;273;-0.0061;0.0794;0.0018;-0.0098;0.0098;0.0000;0.4016
524.0;3.3228;3.3544;0.1870;0.0000;267;269;-0.0867;0.0779;0.0032;-0.0166;0.0098;0.0000;0.3937
524.5;3.3173;3.3489;0.2595;0.0000;267;265;-0.0891;0.0779;0.0032;-0.0225;0.0088;0.0000;0.3858